gene_id	transcript_id	pfam_ids	domain_annotation	domain_changes
gene-F5B20DRAFT_518010	rna-gnl|WGS:JAJKKE|F5B20DRAFT_mRNA518010		None	None
gene-F5B20DRAFT_518014	rna-gnl|WGS:JAJKKE|F5B20DRAFT_mRNA518014		None	None
gene-F5B20DRAFT_587408	rna-gnl|WGS:JAJKKE|F5B20DRAFT_mRNA587408	PF00743.26,PF07992.21,PF13434.13,PF13738.13	Partial	None
gene-F5B20DRAFT_518023	rna-gnl|WGS:JAJKKE|F5B20DRAFT_mRNA518023		None	None
gene-F5B20DRAFT_95	rna-gnl|WGS:JAJKKE|F5B20DRAFT_mRNA95	PF01757.29	Partial	None
gene-F5B20DRAFT_132	rna-gnl|WGS:JAJKKE|F5B20DRAFT_mRNA132	PF11380.14,PF17101.11	Complete	None
gene-F5B20DRAFT_587411	rna-gnl|WGS:JAJKKE|F5B20DRAFT_mRNA587411		None	None
gene-F5B20DRAFT_144	rna-gnl|WGS:JAJKKE|F5B20DRAFT_mRNA144	PF02537.22,PF02537.22	Complete	None
gene-F5B20DRAFT_518038	rna-gnl|WGS:JAJKKE|F5B20DRAFT_mRNA518038	PF00156.34,PF14681.13	Partial	None
gene-F5B20DRAFT_518042	rna-gnl|WGS:JAJKKE|F5B20DRAFT_mRNA518042	PF01068.27,PF04675.20,PF04679.22,PF09414.16,PF16589.13	Complete	None
gene-F5B20DRAFT_191	rna-gnl|WGS:JAJKKE|F5B20DRAFT_mRNA191		None	None
gene-F5B20DRAFT_209	rna-gnl|WGS:JAJKKE|F5B20DRAFT_mRNA209	PF03853.22,PF09532.16	Complete	None
gene-F5B20DRAFT_518050	rna-gnl|WGS:JAJKKE|F5B20DRAFT_mRNA518050	PF12311.14	Partial	None
gene-F5B20DRAFT_567400	rna-gnl|WGS:JAJKKE|F5B20DRAFT_mRNA567400	PF01565.29,PF08031.18	Complete	None
gene-F5B20DRAFT_518064	rna-gnl|WGS:JAJKKE|F5B20DRAFT_mRNA518064	PF20150.5	Partial	None
gene-F5B20DRAFT_518	rna-gnl|WGS:JAJKKE|F5B20DRAFT_mRNA518	PF07969.18	Partial	None
gene-F5B20DRAFT_567402	rna-gnl|WGS:JAJKKE|F5B20DRAFT_mRNA567402	PF02492.26,PF02492.26,PF07683.20	Complete	None
gene-F5B20DRAFT_518074	rna-gnl|WGS:JAJKKE|F5B20DRAFT_mRNA518074	PF07971.19,PF17678.8	Partial	None
gene-F5B20DRAFT_574886	rna-gnl|WGS:JAJKKE|F5B20DRAFT_mRNA574886	PF00890.31,PF01494.26,PF13450.13	Partial	None
gene-F5B20DRAFT_384	rna-gnl|WGS:JAJKKE|F5B20DRAFT_mRNA384	PF06985.18	Partial	None
gene-F5B20DRAFT_823	rna-gnl|WGS:JAJKKE|F5B20DRAFT_mRNA823	PF03446.22,PF03807.24,PF20463.4,PF27505.2	Complete	None
gene-F5B20DRAFT_574890	rna-gnl|WGS:JAJKKE|F5B20DRAFT_mRNA574890	PF00415.25,PF00415.25,PF13540.13,PF13540.13	Complete	None
gene-F5B20DRAFT_518101	rna-gnl|WGS:JAJKKE|F5B20DRAFT_mRNA518101	PF04139.19	Partial	None
gene-F5B20DRAFT_881	rna-gnl|WGS:JAJKKE|F5B20DRAFT_mRNA881		None	None
gene-F5B20DRAFT_574893	rna-gnl|WGS:JAJKKE|F5B20DRAFT_mRNA574893		None	None
gene-F5B20DRAFT_574894	rna-gnl|WGS:JAJKKE|F5B20DRAFT_mRNA574894	PF00245.26	Partial	None
gene-F5B20DRAFT_574895	rna-gnl|WGS:JAJKKE|F5B20DRAFT_mRNA574895	PF30553.1	Complete	None
gene-F5B20DRAFT_574896	rna-gnl|WGS:JAJKKE|F5B20DRAFT_mRNA574896		None	None
gene-F5B20DRAFT_918	rna-gnl|WGS:JAJKKE|F5B20DRAFT_mRNA918		None	None
gene-F5B20DRAFT_518113	rna-gnl|WGS:JAJKKE|F5B20DRAFT_mRNA518113		None	None
gene-F5B20DRAFT_587433	rna-gnl|WGS:JAJKKE|F5B20DRAFT_mRNA587433	PF00891.25,PF08100.19	Partial	None
gene-F5B20DRAFT_518120	rna-gnl|WGS:JAJKKE|F5B20DRAFT_mRNA518120	PF14479.12	Partial	None
gene-F5B20DRAFT_1281	rna-gnl|WGS:JAJKKE|F5B20DRAFT_mRNA1281		None	None
gene-F5B20DRAFT_518140	rna-gnl|WGS:JAJKKE|F5B20DRAFT_mRNA518140		None	None
gene-F5B20DRAFT_587438	rna-gnl|WGS:JAJKKE|F5B20DRAFT_mRNA587438		None	None
gene-F5B20DRAFT_518142	rna-gnl|WGS:JAJKKE|F5B20DRAFT_mRNA518142	PF01565.29	Partial	None
gene-F5B20DRAFT_1443	rna-gnl|WGS:JAJKKE|F5B20DRAFT_mRNA1443	PF00128.32	Partial	None
gene-F5B20DRAFT_1463	rna-gnl|WGS:JAJKKE|F5B20DRAFT_mRNA1463	PF06985.18,PF26639.1	Complete	None
gene-F5B20DRAFT_1509	rna-gnl|WGS:JAJKKE|F5B20DRAFT_mRNA1509	PF00400.39,PF00400.39,PF12265.15	Complete	None
gene-F5B20DRAFT_1507	rna-gnl|WGS:JAJKKE|F5B20DRAFT_mRNA1507	PF12224.14	Partial	None
gene-F5B20DRAFT_518157	rna-gnl|WGS:JAJKKE|F5B20DRAFT_mRNA518157	PF00400.39,PF00400.39,PF00400.39,PF00400.39,PF00400.39	Complete	None
gene-F5B20DRAFT_574909	rna-gnl|WGS:JAJKKE|F5B20DRAFT_mRNA574909	PF03464.21,PF03465.21,PF26356.1	Complete	None
gene-F5B20DRAFT_574910	rna-gnl|WGS:JAJKKE|F5B20DRAFT_mRNA574910	PF00248.28	Partial	None
gene-F5B20DRAFT_1577	rna-gnl|WGS:JAJKKE|F5B20DRAFT_mRNA1577	PF00920.28,PF24877.2	Complete	None
gene-F5B20DRAFT_1739	rna-gnl|WGS:JAJKKE|F5B20DRAFT_mRNA1739	PF00732.26,PF05199.20	Complete	None
gene-F5B20DRAFT_1805	rna-gnl|WGS:JAJKKE|F5B20DRAFT_mRNA1805	PF10282.16	Partial	None
gene-F5B20DRAFT_518191	rna-gnl|WGS:JAJKKE|F5B20DRAFT_mRNA518191	PF13460.13	Partial	None
gene-F5B20DRAFT_518192	rna-gnl|WGS:JAJKKE|F5B20DRAFT_mRNA518192	PF00722.29	Partial	None
gene-F5B20DRAFT_1845	rna-gnl|WGS:JAJKKE|F5B20DRAFT_mRNA1845		None	None
gene-F5B20DRAFT_1912	rna-gnl|WGS:JAJKKE|F5B20DRAFT_mRNA1912	PF00293.35	Partial	None
gene-F5B20DRAFT_2140	rna-gnl|WGS:JAJKKE|F5B20DRAFT_mRNA2140		None	None
gene-F5B20DRAFT_574917	rna-gnl|WGS:JAJKKE|F5B20DRAFT_mRNA574917	PF00249.38,PF13921.13	Complete	None
gene-F5B20DRAFT_2455	rna-gnl|WGS:JAJKKE|F5B20DRAFT_mRNA2455		None	None
gene-F5B20DRAFT_2475	rna-gnl|WGS:JAJKKE|F5B20DRAFT_mRNA2475	PF01546.34,PF07687.20	Complete	None
gene-F5B20DRAFT_574921	rna-gnl|WGS:JAJKKE|F5B20DRAFT_mRNA574921	PF07690.22	Partial	None
gene-F5B20DRAFT_2517	rna-gnl|WGS:JAJKKE|F5B20DRAFT_mRNA2517		None	None
gene-F5B20DRAFT_518237	rna-gnl|WGS:JAJKKE|F5B20DRAFT_mRNA518237	PF07995.18	Partial	None
gene-F5B20DRAFT_518247	rna-gnl|WGS:JAJKKE|F5B20DRAFT_mRNA518247	PF07859.20,PF10340.16,PF20434.6	Partial	None
gene-F5B20DRAFT_574925	rna-gnl|WGS:JAJKKE|F5B20DRAFT_mRNA574925		None	None
gene-F5B20DRAFT_574926	rna-gnl|WGS:JAJKKE|F5B20DRAFT_mRNA574926	PF00067.28	Partial	None
gene-F5B20DRAFT_518260	rna-gnl|WGS:JAJKKE|F5B20DRAFT_mRNA518260		None	None
gene-F5B20DRAFT_2845	rna-gnl|WGS:JAJKKE|F5B20DRAFT_mRNA2845		None	None
gene-F5B20DRAFT_518271	rna-gnl|WGS:JAJKKE|F5B20DRAFT_mRNA518271	PF09349.16	Partial	None
gene-F5B20DRAFT_518274	rna-gnl|WGS:JAJKKE|F5B20DRAFT_mRNA518274	PF08606.17,PF12894.14	Complete	None
gene-F5B20DRAFT_2909	rna-gnl|WGS:JAJKKE|F5B20DRAFT_mRNA2909		None	None
gene-F5B20DRAFT_567430	rna-gnl|WGS:JAJKKE|F5B20DRAFT_mRNA567430	PF01494.26	Partial	None
gene-F5B20DRAFT_518280	rna-gnl|WGS:JAJKKE|F5B20DRAFT_mRNA518280	PF24809.2	Partial	None
gene-F5B20DRAFT_518282	rna-gnl|WGS:JAJKKE|F5B20DRAFT_mRNA518282	PF00004.36,PF23232.2	Partial	None
gene-F5B20DRAFT_587452	rna-gnl|WGS:JAJKKE|F5B20DRAFT_mRNA587452	PF01494.26,PF07976.20	Complete	None
gene-F5B20DRAFT_518285	rna-gnl|WGS:JAJKKE|F5B20DRAFT_mRNA518285	PF00854.28	Partial	None
gene-F5B20DRAFT_587455	rna-gnl|WGS:JAJKKE|F5B20DRAFT_mRNA587455	PF27599.1	Partial	None
gene-F5B20DRAFT_574938	rna-gnl|WGS:JAJKKE|F5B20DRAFT_mRNA574938	PF01266.31	Partial	None
gene-F5B20DRAFT_587457	rna-gnl|WGS:JAJKKE|F5B20DRAFT_mRNA587457	PF10017.16	Partial	None
gene-F5B20DRAFT_587462	rna-gnl|WGS:JAJKKE|F5B20DRAFT_mRNA587462	PF00266.26,PF00501.35,PF00550.32,PF01370.28,PF07993.19,PF16363.12	Complete	None
gene-F5B20DRAFT_3065	rna-gnl|WGS:JAJKKE|F5B20DRAFT_mRNA3065	PF06985.18	Partial	None
gene-F5B20DRAFT_518311	rna-gnl|WGS:JAJKKE|F5B20DRAFT_mRNA518311	PF00106.32,PF08659.17	Partial	None
gene-F5B20DRAFT_518313	rna-gnl|WGS:JAJKKE|F5B20DRAFT_mRNA518313	PF01565.29	Partial	None
gene-F5B20DRAFT_587466	rna-gnl|WGS:JAJKKE|F5B20DRAFT_mRNA587466	PF00501.35,PF00550.32,PF01370.28,PF07993.19,PF23562.3	Complete	None
gene-F5B20DRAFT_587468	rna-gnl|WGS:JAJKKE|F5B20DRAFT_mRNA587468		None	None
gene-F5B20DRAFT_587470	rna-gnl|WGS:JAJKKE|F5B20DRAFT_mRNA587470	PF00026.29,PF14543.12	Partial	None
gene-F5B20DRAFT_518319	rna-gnl|WGS:JAJKKE|F5B20DRAFT_mRNA518319	PF05368.20,PF13460.13	Partial	None
gene-F5B20DRAFT_3209	rna-gnl|WGS:JAJKKE|F5B20DRAFT_mRNA3209		None	None
gene-F5B20DRAFT_518326	rna-gnl|WGS:JAJKKE|F5B20DRAFT_mRNA518326	PF01565.29	Partial	None
gene-F5B20DRAFT_518333	rna-gnl|WGS:JAJKKE|F5B20DRAFT_mRNA518333	PF01544.24	Partial	None
gene-F5B20DRAFT_3402	rna-gnl|WGS:JAJKKE|F5B20DRAFT_mRNA3402	PF01593.31,PF13450.13	Partial	None
gene-F5B20DRAFT_567459	rna-gnl|WGS:JAJKKE|F5B20DRAFT_mRNA567459	PF27671.1,PF27671.1	Partial	None
gene-F5B20DRAFT_3447	rna-gnl|WGS:JAJKKE|F5B20DRAFT_mRNA3447		None	None
gene-F5B20DRAFT_3801	rna-gnl|WGS:JAJKKE|F5B20DRAFT_mRNA3801	PF04082.24,PF31024.1	Complete	None
gene-F5B20DRAFT_518362	rna-gnl|WGS:JAJKKE|F5B20DRAFT_mRNA518362	PF02826.26,PF02826.26	Partial	None
gene-F5B20DRAFT_518363	rna-gnl|WGS:JAJKKE|F5B20DRAFT_mRNA518363	PF06172.18	Partial	None
gene-F5B20DRAFT_3832	rna-gnl|WGS:JAJKKE|F5B20DRAFT_mRNA3832	PF01266.31,PF13450.13	Partial	None
gene-F5B20DRAFT_3830	rna-gnl|WGS:JAJKKE|F5B20DRAFT_mRNA3830	PF00787.30	Partial	None
gene-F5B20DRAFT_518371	rna-gnl|WGS:JAJKKE|F5B20DRAFT_mRNA518371	PF09044.16	Partial	None
gene-F5B20DRAFT_518373	rna-gnl|WGS:JAJKKE|F5B20DRAFT_mRNA518373	PF09044.16	Partial	None
gene-F5B20DRAFT_518381	rna-gnl|WGS:JAJKKE|F5B20DRAFT_mRNA518381	PF00069.32,PF07714.24	Partial	None
gene-F5B20DRAFT_518383	rna-gnl|WGS:JAJKKE|F5B20DRAFT_mRNA518383	PF04616.21	Partial	None
gene-F5B20DRAFT_587474	rna-gnl|WGS:JAJKKE|F5B20DRAFT_mRNA587474	PF00709.28	Partial	None
gene-F5B20DRAFT_518413	rna-gnl|WGS:JAJKKE|F5B20DRAFT_mRNA518413	PF16541.11	Partial	None
gene-F5B20DRAFT_518414	rna-gnl|WGS:JAJKKE|F5B20DRAFT_mRNA518414		None	None
gene-F5B20DRAFT_587478	rna-gnl|WGS:JAJKKE|F5B20DRAFT_mRNA587478	PF00069.32,PF00069.32	Partial	None
gene-F5B20DRAFT_587483	rna-gnl|WGS:JAJKKE|F5B20DRAFT_mRNA587483		None	None
gene-F5B20DRAFT_587485	rna-gnl|WGS:JAJKKE|F5B20DRAFT_mRNA587485	PF00069.32,PF00069.32	Partial	None
gene-F5B20DRAFT_518420	rna-gnl|WGS:JAJKKE|F5B20DRAFT_mRNA518420		None	None
gene-F5B20DRAFT_4465	rna-gnl|WGS:JAJKKE|F5B20DRAFT_mRNA4465	PF00307.37,PF03271.23	Complete	None
gene-F5B20DRAFT_587488	rna-gnl|WGS:JAJKKE|F5B20DRAFT_mRNA587488	PF00108.30,PF00109.33,PF00550.32,PF00698.27,PF01370.28,PF02801.29,PF07993.19,PF08241.19,PF08242.19,PF13649.13,PF16073.11,PF18558.9	Complete	None
gene-F5B20DRAFT_518432	rna-gnl|WGS:JAJKKE|F5B20DRAFT_mRNA518432	PF01494.26	Partial	None
gene-F5B20DRAFT_4582	rna-gnl|WGS:JAJKKE|F5B20DRAFT_mRNA4582	PF00890.31,PF01494.26,PF01593.31,PF12831.14,PF13450.13	Partial	None
gene-F5B20DRAFT_567461	rna-gnl|WGS:JAJKKE|F5B20DRAFT_mRNA567461	PF00172.24,PF04082.24	Partial	None
gene-F5B20DRAFT_4977	rna-gnl|WGS:JAJKKE|F5B20DRAFT_mRNA4977		None	None
gene-F5B20DRAFT_4712	rna-gnl|WGS:JAJKKE|F5B20DRAFT_mRNA4712	PF00107.33,PF08240.18	Complete	None
gene-F5B20DRAFT_567463	rna-gnl|WGS:JAJKKE|F5B20DRAFT_mRNA567463	PF07690.22	Partial	None
gene-F5B20DRAFT_5030	rna-gnl|WGS:JAJKKE|F5B20DRAFT_mRNA5030	PF03795.21	Partial	None
gene-F5B20DRAFT_518449	rna-gnl|WGS:JAJKKE|F5B20DRAFT_mRNA518449	PF03171.27,PF14226.13	Complete	None
gene-F5B20DRAFT_5074	rna-gnl|WGS:JAJKKE|F5B20DRAFT_mRNA5074	PF09949.16	Complete	None
gene-F5B20DRAFT_5090	rna-gnl|WGS:JAJKKE|F5B20DRAFT_mRNA5090	PF00270.36,PF00271.38,PF04851.22	Complete	None
gene-F5B20DRAFT_518461	rna-gnl|WGS:JAJKKE|F5B20DRAFT_mRNA518461	PF01063.25	Partial	None
gene-F5B20DRAFT_567467	rna-gnl|WGS:JAJKKE|F5B20DRAFT_mRNA567467	PF00004.36,PF07724.21,PF07728.21	Complete	None
gene-F5B20DRAFT_518463	rna-gnl|WGS:JAJKKE|F5B20DRAFT_mRNA518463		None	None
gene-F5B20DRAFT_518464	rna-gnl|WGS:JAJKKE|F5B20DRAFT_mRNA518464		None	None
gene-F5B20DRAFT_518465	rna-gnl|WGS:JAJKKE|F5B20DRAFT_mRNA518465	PF06985.18	Partial	None
gene-F5B20DRAFT_518471	rna-gnl|WGS:JAJKKE|F5B20DRAFT_mRNA518471		None	None
gene-F5B20DRAFT_5159	rna-gnl|WGS:JAJKKE|F5B20DRAFT_mRNA5159	PF05711.18,PF13578.13	Partial	None
gene-F5B20DRAFT_518480	rna-gnl|WGS:JAJKKE|F5B20DRAFT_mRNA518480	PF00023.37,PF00023.37,PF12796.14,PF12796.14,PF12796.14,PF13606.13,PF13637.13,PF13857.13	Complete	None
gene-F5B20DRAFT_518481	rna-gnl|WGS:JAJKKE|F5B20DRAFT_mRNA518481		None	None
gene-F5B20DRAFT_567469	rna-gnl|WGS:JAJKKE|F5B20DRAFT_mRNA567469	PF14613.13,PF19343.6	Complete	None
gene-F5B20DRAFT_5304	rna-gnl|WGS:JAJKKE|F5B20DRAFT_mRNA5304		None	None
gene-F5B20DRAFT_518500	rna-gnl|WGS:JAJKKE|F5B20DRAFT_mRNA518500	PF01822.25	Complete	None
gene-F5B20DRAFT_567471	rna-gnl|WGS:JAJKKE|F5B20DRAFT_mRNA567471	PF09284.17,PF14683.13,PF14686.13	Complete	None
gene-F5B20DRAFT_518508	rna-gnl|WGS:JAJKKE|F5B20DRAFT_mRNA518508	PF03169.21	Partial	None
gene-F5B20DRAFT_518509	rna-gnl|WGS:JAJKKE|F5B20DRAFT_mRNA518509		None	None
gene-F5B20DRAFT_518511	rna-gnl|WGS:JAJKKE|F5B20DRAFT_mRNA518511		None	None
gene-F5B20DRAFT_567475	rna-gnl|WGS:JAJKKE|F5B20DRAFT_mRNA567475	PF00067.28	Partial	None
gene-F5B20DRAFT_575000	rna-gnl|WGS:JAJKKE|F5B20DRAFT_mRNA575000	PF01753.25	Complete	None
gene-F5B20DRAFT_518519	rna-gnl|WGS:JAJKKE|F5B20DRAFT_mRNA518519	PF00067.28	Partial	None
gene-F5B20DRAFT_518522	rna-gnl|WGS:JAJKKE|F5B20DRAFT_mRNA518522		None	None
gene-F5B20DRAFT_575003	rna-gnl|WGS:JAJKKE|F5B20DRAFT_mRNA575003	PF12937.13	Partial	None
gene-F5B20DRAFT_5555	rna-gnl|WGS:JAJKKE|F5B20DRAFT_mRNA5555		None	None
gene-F5B20DRAFT_t6	gene-F5B20DRAFT_t6		None	None
gene-F5B20DRAFT_575005	rna-gnl|WGS:JAJKKE|F5B20DRAFT_mRNA575005		None	None
gene-F5B20DRAFT_5575	rna-gnl|WGS:JAJKKE|F5B20DRAFT_mRNA5575	PF17109.11,PF24883.3	Complete	None
gene-F5B20DRAFT_575007	rna-gnl|WGS:JAJKKE|F5B20DRAFT_mRNA575007	PF01284.29	Partial	None
gene-F5B20DRAFT_567478	rna-gnl|WGS:JAJKKE|F5B20DRAFT_mRNA567478	PF13445.13	Complete	None
gene-F5B20DRAFT_518550	rna-gnl|WGS:JAJKKE|F5B20DRAFT_mRNA518550	PF28293.1	Partial	None
gene-F5B20DRAFT_518596	rna-gnl|WGS:JAJKKE|F5B20DRAFT_mRNA518596	PF00173.34	Complete	None
gene-F5B20DRAFT_518600	rna-gnl|WGS:JAJKKE|F5B20DRAFT_mRNA518600		None	None
gene-F5B20DRAFT_567479	rna-gnl|WGS:JAJKKE|F5B20DRAFT_mRNA567479	PF00106.32,PF00106.32,PF08659.17,PF13561.13,PF13561.13	Partial	None
gene-F5B20DRAFT_5701	rna-gnl|WGS:JAJKKE|F5B20DRAFT_mRNA5701	PF01476.27	Complete	None
gene-F5B20DRAFT_575012	rna-gnl|WGS:JAJKKE|F5B20DRAFT_mRNA575012		None	None
gene-F5B20DRAFT_587503	rna-gnl|WGS:JAJKKE|F5B20DRAFT_mRNA587503		None	None
gene-F5B20DRAFT_5721	rna-gnl|WGS:JAJKKE|F5B20DRAFT_mRNA5721	PF00856.34	Partial	None
gene-F5B20DRAFT_518616	rna-gnl|WGS:JAJKKE|F5B20DRAFT_mRNA518616	PF00238.25	Partial	None
gene-F5B20DRAFT_518619	rna-gnl|WGS:JAJKKE|F5B20DRAFT_mRNA518619	PF01096.24,PF02150.22	Complete	None
gene-F5B20DRAFT_518621	rna-gnl|WGS:JAJKKE|F5B20DRAFT_mRNA518621	PF00397.33,PF00639.28,PF13616.13	Partial	None
gene-F5B20DRAFT_587511	rna-gnl|WGS:JAJKKE|F5B20DRAFT_mRNA587511		None	None
gene-F5B20DRAFT_5838	rna-gnl|WGS:JAJKKE|F5B20DRAFT_mRNA5838	PF04172.22,PF04172.22	Complete	None
gene-F5B20DRAFT_575020	rna-gnl|WGS:JAJKKE|F5B20DRAFT_mRNA575020		None	None
gene-F5B20DRAFT_575021	rna-gnl|WGS:JAJKKE|F5B20DRAFT_mRNA575021		None	None
gene-F5B20DRAFT_518632	rna-gnl|WGS:JAJKKE|F5B20DRAFT_mRNA518632	PF12708.13,PF12708.13	Complete	None
gene-F5B20DRAFT_5953	rna-gnl|WGS:JAJKKE|F5B20DRAFT_mRNA5953	PF26733.1,PF26733.1	Complete	None
gene-F5B20DRAFT_518641	rna-gnl|WGS:JAJKKE|F5B20DRAFT_mRNA518641	PF11327.14	Partial	None
gene-F5B20DRAFT_567485	rna-gnl|WGS:JAJKKE|F5B20DRAFT_mRNA567485	PF24852.2,PF24852.2	Complete	None
gene-F5B20DRAFT_518647	rna-gnl|WGS:JAJKKE|F5B20DRAFT_mRNA518647	PF00106.32,PF08659.17,PF13561.13	Partial	None
gene-F5B20DRAFT_575026	rna-gnl|WGS:JAJKKE|F5B20DRAFT_mRNA575026	PF04616.21,PF22847.4	Partial	None
gene-F5B20DRAFT_6016	rna-gnl|WGS:JAJKKE|F5B20DRAFT_mRNA6016	PF00201.25,PF06722.19	Complete	None
gene-F5B20DRAFT_518652	rna-gnl|WGS:JAJKKE|F5B20DRAFT_mRNA518652	PF00199.25,PF06628.18,PF18011.8	Complete	None
gene-F5B20DRAFT_587515	rna-gnl|WGS:JAJKKE|F5B20DRAFT_mRNA587515		None	None
gene-F5B20DRAFT_567490	rna-gnl|WGS:JAJKKE|F5B20DRAFT_mRNA567490	PF00083.31,PF07690.22	Partial	None
gene-F5B20DRAFT_567491	rna-gnl|WGS:JAJKKE|F5B20DRAFT_mRNA567491	PF12708.13	Partial	None
gene-F5B20DRAFT_587517	rna-gnl|WGS:JAJKKE|F5B20DRAFT_mRNA587517	PF08240.18	Partial	None
gene-F5B20DRAFT_567493	rna-gnl|WGS:JAJKKE|F5B20DRAFT_mRNA567493	PF00106.32	Partial	None
gene-F5B20DRAFT_6267	rna-gnl|WGS:JAJKKE|F5B20DRAFT_mRNA6267	PF00732.26,PF05199.20,PF13450.13	Complete	None
gene-F5B20DRAFT_575036	rna-gnl|WGS:JAJKKE|F5B20DRAFT_mRNA575036		None	None
gene-F5B20DRAFT_575037	rna-gnl|WGS:JAJKKE|F5B20DRAFT_mRNA575037	PF08659.17	Partial	None
gene-F5B20DRAFT_6335	rna-gnl|WGS:JAJKKE|F5B20DRAFT_mRNA6335		None	None
gene-F5B20DRAFT_6348	rna-gnl|WGS:JAJKKE|F5B20DRAFT_mRNA6348	PF02133.22	Partial	None
gene-F5B20DRAFT_518735	rna-gnl|WGS:JAJKKE|F5B20DRAFT_mRNA518735	PF03171.27,PF14226.13	Complete	None
gene-F5B20DRAFT_6443	rna-gnl|WGS:JAJKKE|F5B20DRAFT_mRNA6443		None	None
gene-F5B20DRAFT_518748	rna-gnl|WGS:JAJKKE|F5B20DRAFT_mRNA518748		None	None
gene-F5B20DRAFT_6548	rna-gnl|WGS:JAJKKE|F5B20DRAFT_mRNA6548	PF03067.22	Partial	None
gene-F5B20DRAFT_575043	rna-gnl|WGS:JAJKKE|F5B20DRAFT_mRNA575043	PF00004.36,PF08740.17,PF25426.2	Complete	None
gene-F5B20DRAFT_587527	rna-gnl|WGS:JAJKKE|F5B20DRAFT_mRNA587527	PF00023.37,PF00023.37,PF00023.37,PF00023.37,PF01529.26,PF12796.14,PF12796.14,PF12796.14,PF13606.13,PF13637.13,PF13637.13	Complete	None
gene-F5B20DRAFT_518757	rna-gnl|WGS:JAJKKE|F5B20DRAFT_mRNA518757	PF09439.17	Partial	None
gene-F5B20DRAFT_518758	rna-gnl|WGS:JAJKKE|F5B20DRAFT_mRNA518758	PF00291.32,PF00571.34	Complete	None
gene-F5B20DRAFT_575047	rna-gnl|WGS:JAJKKE|F5B20DRAFT_mRNA575047	PF00069.32	Partial	None
gene-F5B20DRAFT_518760	rna-gnl|WGS:JAJKKE|F5B20DRAFT_mRNA518760	PF13640.13	Partial	None
gene-F5B20DRAFT_567501	rna-gnl|WGS:JAJKKE|F5B20DRAFT_mRNA567501	PF07690.22,PF07690.22	Partial	None
gene-F5B20DRAFT_587533	rna-gnl|WGS:JAJKKE|F5B20DRAFT_mRNA587533		None	None
gene-F5B20DRAFT_567503	rna-gnl|WGS:JAJKKE|F5B20DRAFT_mRNA567503	PF00734.24,PF03443.21	Complete	None
gene-F5B20DRAFT_575053	rna-gnl|WGS:JAJKKE|F5B20DRAFT_mRNA575053		None	None
gene-F5B20DRAFT_6665	rna-gnl|WGS:JAJKKE|F5B20DRAFT_mRNA6665	PF01284.29	Partial	None
gene-F5B20DRAFT_518772	rna-gnl|WGS:JAJKKE|F5B20DRAFT_mRNA518772		None	None
gene-F5B20DRAFT_518774	rna-gnl|WGS:JAJKKE|F5B20DRAFT_mRNA518774		None	None
gene-F5B20DRAFT_518775	rna-gnl|WGS:JAJKKE|F5B20DRAFT_mRNA518775		None	None
gene-F5B20DRAFT_567505	rna-gnl|WGS:JAJKKE|F5B20DRAFT_mRNA567505	PF00070.34,PF07992.21,PF13434.13	Complete	None
gene-F5B20DRAFT_6825	rna-gnl|WGS:JAJKKE|F5B20DRAFT_mRNA6825		None	None
gene-F5B20DRAFT_6824	rna-gnl|WGS:JAJKKE|F5B20DRAFT_mRNA6824	PF00459.31	Partial	None
gene-F5B20DRAFT_518785	rna-gnl|WGS:JAJKKE|F5B20DRAFT_mRNA518785		None	None
gene-F5B20DRAFT_518787	rna-gnl|WGS:JAJKKE|F5B20DRAFT_mRNA518787	PF02386.23	Partial	None
gene-F5B20DRAFT_6841	rna-gnl|WGS:JAJKKE|F5B20DRAFT_mRNA6841	PF22936.2	Partial	None
gene-F5B20DRAFT_575063	rna-gnl|WGS:JAJKKE|F5B20DRAFT_mRNA575063	PF07470.20	Partial	None
gene-F5B20DRAFT_575064	rna-gnl|WGS:JAJKKE|F5B20DRAFT_mRNA575064	PF01636.30	Partial	None
gene-F5B20DRAFT_518793	rna-gnl|WGS:JAJKKE|F5B20DRAFT_mRNA518793		None	None
gene-F5B20DRAFT_6857	rna-gnl|WGS:JAJKKE|F5B20DRAFT_mRNA6857		None	None
gene-F5B20DRAFT_6981	rna-gnl|WGS:JAJKKE|F5B20DRAFT_mRNA6981	PF08241.19,PF08242.19,PF13489.13,PF13649.13	Partial	None
gene-F5B20DRAFT_575068	rna-gnl|WGS:JAJKKE|F5B20DRAFT_mRNA575068	PF13489.13	Partial	None
gene-F5B20DRAFT_518818	rna-gnl|WGS:JAJKKE|F5B20DRAFT_mRNA518818	PF00106.32,PF00107.33,PF00109.33,PF00550.32,PF00698.27,PF01209.25,PF02801.29,PF08240.18,PF08241.19,PF08242.19,PF08659.17,PF13489.13,PF13602.13,PF13649.13,PF13847.13,PF14765.13,PF21089.4,PF23297.2	Complete	None
gene-F5B20DRAFT_518821	rna-gnl|WGS:JAJKKE|F5B20DRAFT_mRNA518821	PF20238.5	Partial	None
gene-F5B20DRAFT_518825	rna-gnl|WGS:JAJKKE|F5B20DRAFT_mRNA518825	PF00933.28,PF01915.28,PF14310.13	Complete	None
gene-F5B20DRAFT_518826	rna-gnl|WGS:JAJKKE|F5B20DRAFT_mRNA518826		None	None
gene-F5B20DRAFT_575072	rna-gnl|WGS:JAJKKE|F5B20DRAFT_mRNA575072		None	None
gene-F5B20DRAFT_7187	rna-gnl|WGS:JAJKKE|F5B20DRAFT_mRNA7187	PF12825.13,PF12825.13,PF12828.13	Partial	None
gene-F5B20DRAFT_518830	rna-gnl|WGS:JAJKKE|F5B20DRAFT_mRNA518830	PF00153.33	Complete	None
gene-F5B20DRAFT_518831	rna-gnl|WGS:JAJKKE|F5B20DRAFT_mRNA518831	PF01532.27	Partial	None
gene-F5B20DRAFT_567516	rna-gnl|WGS:JAJKKE|F5B20DRAFT_mRNA567516	PF07690.22	Partial	None
gene-F5B20DRAFT_518874	rna-gnl|WGS:JAJKKE|F5B20DRAFT_mRNA518874	PF01968.25,PF02538.20,PF05378.20,PF19278.5	Complete	None
gene-F5B20DRAFT_575078	rna-gnl|WGS:JAJKKE|F5B20DRAFT_mRNA575078	PF04082.24	Partial	None
gene-F5B20DRAFT_7291	rna-gnl|WGS:JAJKKE|F5B20DRAFT_mRNA7291	PF00106.32,PF13561.13	Partial	None
gene-F5B20DRAFT_518878	rna-gnl|WGS:JAJKKE|F5B20DRAFT_mRNA518878	PF07690.22	Partial	None
gene-F5B20DRAFT_7486	rna-gnl|WGS:JAJKKE|F5B20DRAFT_mRNA7486		None	None
gene-F5B20DRAFT_518884	rna-gnl|WGS:JAJKKE|F5B20DRAFT_mRNA518884	PF00241.26,PF00241.26	Partial	None
gene-F5B20DRAFT_7429	rna-gnl|WGS:JAJKKE|F5B20DRAFT_mRNA7429	PF00153.33,PF00153.33,PF00153.33	Complete	None
gene-F5B20DRAFT_575084	rna-gnl|WGS:JAJKKE|F5B20DRAFT_mRNA575084	PF00400.39,PF00400.39,PF00400.39,PF00400.39,PF00400.39,PF00400.39,PF00646.39,PF12937.13	Complete	None
gene-F5B20DRAFT_518888	rna-gnl|WGS:JAJKKE|F5B20DRAFT_mRNA518888	PF01423.29	Partial	None
gene-F5B20DRAFT_575086	rna-gnl|WGS:JAJKKE|F5B20DRAFT_mRNA575086		None	None
gene-F5B20DRAFT_518895	rna-gnl|WGS:JAJKKE|F5B20DRAFT_mRNA518895	PF07690.22	Partial	None
gene-F5B20DRAFT_587549	rna-gnl|WGS:JAJKKE|F5B20DRAFT_mRNA587549	PF01565.29,PF08031.18	Complete	None
gene-F5B20DRAFT_567527	rna-gnl|WGS:JAJKKE|F5B20DRAFT_mRNA567527	PF00787.30,PF00828.26,PF19566.6,PF29471.1	Complete	None
gene-F5B20DRAFT_518910	rna-gnl|WGS:JAJKKE|F5B20DRAFT_mRNA518910	PF03556.22,PF14555.13	Partial	None
gene-F5B20DRAFT_518920	rna-gnl|WGS:JAJKKE|F5B20DRAFT_mRNA518920	PF01250.23	Partial	None
gene-F5B20DRAFT_7841	rna-gnl|WGS:JAJKKE|F5B20DRAFT_mRNA7841		None	None
gene-F5B20DRAFT_7873	rna-gnl|WGS:JAJKKE|F5B20DRAFT_mRNA7873		None	None
gene-F5B20DRAFT_7838	rna-gnl|WGS:JAJKKE|F5B20DRAFT_mRNA7838		None	None
gene-F5B20DRAFT_518939	rna-gnl|WGS:JAJKKE|F5B20DRAFT_mRNA518939	PF01215.25	Partial	None
gene-F5B20DRAFT_7981	rna-gnl|WGS:JAJKKE|F5B20DRAFT_mRNA7981	PF00067.28	Partial	None
gene-F5B20DRAFT_8035	rna-gnl|WGS:JAJKKE|F5B20DRAFT_mRNA8035		None	None
gene-F5B20DRAFT_8053	rna-gnl|WGS:JAJKKE|F5B20DRAFT_mRNA8053	PF21762.4	Partial	None
gene-F5B20DRAFT_8052	rna-gnl|WGS:JAJKKE|F5B20DRAFT_mRNA8052	PF00067.28	Partial	None
gene-F5B20DRAFT_518960	rna-gnl|WGS:JAJKKE|F5B20DRAFT_mRNA518960	PF11991.14	Partial	None
gene-F5B20DRAFT_518969	rna-gnl|WGS:JAJKKE|F5B20DRAFT_mRNA518969	PF00221.25	Partial	None
gene-F5B20DRAFT_575100	rna-gnl|WGS:JAJKKE|F5B20DRAFT_mRNA575100	PF00293.35	Partial	None
gene-F5B20DRAFT_575101	rna-gnl|WGS:JAJKKE|F5B20DRAFT_mRNA575101	PF20253.4	Partial	None
gene-F5B20DRAFT_518976	rna-gnl|WGS:JAJKKE|F5B20DRAFT_mRNA518976	PF00933.28,PF01915.28,PF14310.13	Complete	None
gene-F5B20DRAFT_518981	rna-gnl|WGS:JAJKKE|F5B20DRAFT_mRNA518981	PF16815.11	Partial	None
gene-F5B20DRAFT_8194	rna-gnl|WGS:JAJKKE|F5B20DRAFT_mRNA8194	PF09362.16	Partial	None
gene-F5B20DRAFT_518987	rna-gnl|WGS:JAJKKE|F5B20DRAFT_mRNA518987	PF00636.32	Partial	None
gene-F5B20DRAFT_575106	rna-gnl|WGS:JAJKKE|F5B20DRAFT_mRNA575106		None	None
gene-F5B20DRAFT_8251	rna-gnl|WGS:JAJKKE|F5B20DRAFT_mRNA8251		None	None
gene-F5B20DRAFT_8231	rna-gnl|WGS:JAJKKE|F5B20DRAFT_mRNA8231		None	None
gene-F5B20DRAFT_8443	rna-gnl|WGS:JAJKKE|F5B20DRAFT_mRNA8443	PF20684.4	Partial	None
gene-F5B20DRAFT_8503	rna-gnl|WGS:JAJKKE|F5B20DRAFT_mRNA8503	PF00854.28	Partial	None
gene-F5B20DRAFT_575110	rna-gnl|WGS:JAJKKE|F5B20DRAFT_mRNA575110	PF00545.26	Partial	None
gene-F5B20DRAFT_8637	rna-gnl|WGS:JAJKKE|F5B20DRAFT_mRNA8637	PF00732.26,PF05199.20	Complete	None
gene-F5B20DRAFT_567540	rna-gnl|WGS:JAJKKE|F5B20DRAFT_mRNA567540	PF22917.3	Partial	None
gene-F5B20DRAFT_575113	rna-gnl|WGS:JAJKKE|F5B20DRAFT_mRNA575113		None	None
gene-F5B20DRAFT_575114	rna-gnl|WGS:JAJKKE|F5B20DRAFT_mRNA575114	PF00561.27,PF12146.16,PF12697.14	Partial	None
gene-F5B20DRAFT_8870	rna-gnl|WGS:JAJKKE|F5B20DRAFT_mRNA8870	PF00018.35,PF07653.24,PF14604.13	Partial	None
gene-F5B20DRAFT_575116	rna-gnl|WGS:JAJKKE|F5B20DRAFT_mRNA575116	PF04430.20	Partial	None
gene-F5B20DRAFT_519045	rna-gnl|WGS:JAJKKE|F5B20DRAFT_mRNA519045	PF01199.24	Partial	None
gene-F5B20DRAFT_519048	rna-gnl|WGS:JAJKKE|F5B20DRAFT_mRNA519048	PF08082.17,PF08083.17,PF08084.17,PF10596.15,PF10596.15,PF10597.15,PF10598.15,PF12134.14	Complete	None
gene-F5B20DRAFT_567544	rna-gnl|WGS:JAJKKE|F5B20DRAFT_mRNA567544	PF13921.13	Complete	None
gene-F5B20DRAFT_519062	rna-gnl|WGS:JAJKKE|F5B20DRAFT_mRNA519062	PF00023.37,PF00023.37,PF00023.37,PF03009.24,PF03105.25,PF12796.14,PF12796.14,PF12796.14,PF13637.13,PF25329.2	Complete	None
gene-F5B20DRAFT_587578	rna-gnl|WGS:JAJKKE|F5B20DRAFT_mRNA587578	PF00023.37,PF00023.37,PF12796.14	Complete	None
gene-F5B20DRAFT_567547	rna-gnl|WGS:JAJKKE|F5B20DRAFT_mRNA567547	PF02558.23,PF08546.18	Complete	None
gene-F5B20DRAFT_587592	rna-gnl|WGS:JAJKKE|F5B20DRAFT_mRNA587592		None	None
gene-F5B20DRAFT_567548	rna-gnl|WGS:JAJKKE|F5B20DRAFT_mRNA567548	PF04117.18	Complete	None
gene-F5B20DRAFT_519073	rna-gnl|WGS:JAJKKE|F5B20DRAFT_mRNA519073		None	None
gene-F5B20DRAFT_587600	rna-gnl|WGS:JAJKKE|F5B20DRAFT_mRNA587600		None	None
gene-F5B20DRAFT_567549	rna-gnl|WGS:JAJKKE|F5B20DRAFT_mRNA567549	PF00023.37,PF00023.37,PF12796.14,PF12796.14,PF13637.13,PF13637.13,PF24883.3	Complete	None
gene-F5B20DRAFT_519083	rna-gnl|WGS:JAJKKE|F5B20DRAFT_mRNA519083		None	None
gene-F5B20DRAFT_519088	rna-gnl|WGS:JAJKKE|F5B20DRAFT_mRNA519088		None	None
gene-F5B20DRAFT_9435	rna-gnl|WGS:JAJKKE|F5B20DRAFT_mRNA9435	PF07690.22,PF07690.22	Partial	None
gene-F5B20DRAFT_9624	rna-gnl|WGS:JAJKKE|F5B20DRAFT_mRNA9624	PF03067.22	Partial	None
gene-F5B20DRAFT_575130	rna-gnl|WGS:JAJKKE|F5B20DRAFT_mRNA575130		None	None
gene-F5B20DRAFT_567552	rna-gnl|WGS:JAJKKE|F5B20DRAFT_mRNA567552	PF00327.26,PF08079.18	Complete	None
gene-F5B20DRAFT_567553	rna-gnl|WGS:JAJKKE|F5B20DRAFT_mRNA567553	PF00411.25	Partial	None
gene-F5B20DRAFT_9734	rna-gnl|WGS:JAJKKE|F5B20DRAFT_mRNA9734	PF00176.30,PF00271.38,PF04851.22,PF11496.15	Complete	None
gene-F5B20DRAFT_567556	rna-gnl|WGS:JAJKKE|F5B20DRAFT_mRNA567556	PF00704.35	Partial	None
gene-F5B20DRAFT_575136	rna-gnl|WGS:JAJKKE|F5B20DRAFT_mRNA575136		None	None
gene-F5B20DRAFT_10041	rna-gnl|WGS:JAJKKE|F5B20DRAFT_mRNA10041	PF20684.4	Partial	None
gene-F5B20DRAFT_9808	rna-gnl|WGS:JAJKKE|F5B20DRAFT_mRNA9808		None	None
gene-F5B20DRAFT_10335	rna-gnl|WGS:JAJKKE|F5B20DRAFT_mRNA10335	PF08700.18	Partial	None
gene-F5B20DRAFT_10332	rna-gnl|WGS:JAJKKE|F5B20DRAFT_mRNA10332	PF00378.26,PF16113.11	Partial	None
gene-F5B20DRAFT_10363	rna-gnl|WGS:JAJKKE|F5B20DRAFT_mRNA10363	PF00481.27	Partial	None
gene-F5B20DRAFT_519130	rna-gnl|WGS:JAJKKE|F5B20DRAFT_mRNA519130	PF00150.25	Partial	None
gene-F5B20DRAFT_519133	rna-gnl|WGS:JAJKKE|F5B20DRAFT_mRNA519133	PF01370.28	Partial	None
gene-F5B20DRAFT_519136	rna-gnl|WGS:JAJKKE|F5B20DRAFT_mRNA519136		None	None
gene-F5B20DRAFT_567561	rna-gnl|WGS:JAJKKE|F5B20DRAFT_mRNA567561	PF00806.26,PF00806.26,PF00806.26,PF00806.26,PF00806.26,PF00806.26,PF00806.26,PF00806.26	Complete	None
gene-F5B20DRAFT_10690	rna-gnl|WGS:JAJKKE|F5B20DRAFT_mRNA10690		None	None
gene-F5B20DRAFT_10714	rna-gnl|WGS:JAJKKE|F5B20DRAFT_mRNA10714	PF00106.32,PF08659.17,PF13561.13	Partial	None
gene-F5B20DRAFT_519165	rna-gnl|WGS:JAJKKE|F5B20DRAFT_mRNA519165	PF01663.28	Partial	None
gene-F5B20DRAFT_519166	rna-gnl|WGS:JAJKKE|F5B20DRAFT_mRNA519166	PF24855.2	Partial	None
gene-F5B20DRAFT_567565	rna-gnl|WGS:JAJKKE|F5B20DRAFT_mRNA567565	PF06985.18	Partial	None
gene-F5B20DRAFT_10814	rna-gnl|WGS:JAJKKE|F5B20DRAFT_mRNA10814	PF00005.34,PF00005.34,PF00664.29,PF00664.29	Complete	None
gene-F5B20DRAFT_575153	rna-gnl|WGS:JAJKKE|F5B20DRAFT_mRNA575153	PF06682.18	Partial	None
gene-F5B20DRAFT_519194	rna-gnl|WGS:JAJKKE|F5B20DRAFT_mRNA519194	PF00097.32,PF08647.18,PF13445.13,PF13639.13,PF13920.13,PF13923.13,PF26095.1	Complete	None
gene-F5B20DRAFT_11031	rna-gnl|WGS:JAJKKE|F5B20DRAFT_mRNA11031	PF00249.38,PF13921.13,PF15963.12	Complete	None
gene-F5B20DRAFT_11030	rna-gnl|WGS:JAJKKE|F5B20DRAFT_mRNA11030	PF00240.30,PF00627.38,PF00627.38,PF09280.17,PF11976.15	Complete	None
gene-F5B20DRAFT_575157	rna-gnl|WGS:JAJKKE|F5B20DRAFT_mRNA575157		None	None
gene-F5B20DRAFT_567568	rna-gnl|WGS:JAJKKE|F5B20DRAFT_mRNA567568	PF00202.28	Partial	None
gene-F5B20DRAFT_11165	rna-gnl|WGS:JAJKKE|F5B20DRAFT_mRNA11165	PF00856.34,PF08236.18,PF08711.17,PF17907.8	Complete	None
gene-F5B20DRAFT_11195	rna-gnl|WGS:JAJKKE|F5B20DRAFT_mRNA11195		None	None
gene-F5B20DRAFT_11498	rna-gnl|WGS:JAJKKE|F5B20DRAFT_mRNA11498	PF10354.16	Partial	None
gene-F5B20DRAFT_11511	rna-gnl|WGS:JAJKKE|F5B20DRAFT_mRNA11511		None	None
gene-F5B20DRAFT_519224	rna-gnl|WGS:JAJKKE|F5B20DRAFT_mRNA519224		None	None
gene-F5B20DRAFT_519231	rna-gnl|WGS:JAJKKE|F5B20DRAFT_mRNA519231	PF00899.28	Partial	None
gene-F5B20DRAFT_519233	rna-gnl|WGS:JAJKKE|F5B20DRAFT_mRNA519233		None	None
gene-F5B20DRAFT_587628	rna-gnl|WGS:JAJKKE|F5B20DRAFT_mRNA587628		None	None
gene-F5B20DRAFT_t1	gene-F5B20DRAFT_t1		None	None
gene-F5B20DRAFT_11557	rna-gnl|WGS:JAJKKE|F5B20DRAFT_mRNA11557		None	None
gene-F5B20DRAFT_11559	rna-gnl|WGS:JAJKKE|F5B20DRAFT_mRNA11559	PF01912.25	Partial	None
gene-F5B20DRAFT_11636	rna-gnl|WGS:JAJKKE|F5B20DRAFT_mRNA11636		None	None
gene-F5B20DRAFT_519252	rna-gnl|WGS:JAJKKE|F5B20DRAFT_mRNA519252	PF08122.18	Partial	None
gene-F5B20DRAFT_519253	rna-gnl|WGS:JAJKKE|F5B20DRAFT_mRNA519253	PF04857.27,PF04857.27	Partial	None
gene-F5B20DRAFT_519256	rna-gnl|WGS:JAJKKE|F5B20DRAFT_mRNA519256	PF10607.15	Partial	None
gene-F5B20DRAFT_519263	rna-gnl|WGS:JAJKKE|F5B20DRAFT_mRNA519263	PF00010.32	Complete	None
gene-F5B20DRAFT_11809	rna-gnl|WGS:JAJKKE|F5B20DRAFT_mRNA11809	PF01873.24,PF02020.25	Complete	None
gene-F5B20DRAFT_11843	rna-gnl|WGS:JAJKKE|F5B20DRAFT_mRNA11843		None	None
gene-F5B20DRAFT_11837	rna-gnl|WGS:JAJKKE|F5B20DRAFT_mRNA11837	PF01121.27	Partial	None
gene-F5B20DRAFT_587634	rna-gnl|WGS:JAJKKE|F5B20DRAFT_mRNA587634	PF00586.30,PF01071.25,PF02222.28,PF02769.28,PF02786.23,PF02843.23,PF02844.22	Complete	None
gene-F5B20DRAFT_519273	rna-gnl|WGS:JAJKKE|F5B20DRAFT_mRNA519273	PF01764.32	Complete	None
gene-F5B20DRAFT_11903	rna-gnl|WGS:JAJKKE|F5B20DRAFT_mRNA11903	PF02204.24	Complete	None
gene-F5B20DRAFT_11874	rna-gnl|WGS:JAJKKE|F5B20DRAFT_mRNA11874	PF00307.37,PF00307.37,PF08726.17	Complete	None
gene-F5B20DRAFT_519278	rna-gnl|WGS:JAJKKE|F5B20DRAFT_mRNA519278	PF01565.29,PF02913.25	Partial	None
gene-F5B20DRAFT_567581	rna-gnl|WGS:JAJKKE|F5B20DRAFT_mRNA567581		None	None
gene-F5B20DRAFT_575181	rna-gnl|WGS:JAJKKE|F5B20DRAFT_mRNA575181	PF00276.26,PF03939.19	Partial	None
gene-F5B20DRAFT_11979	rna-gnl|WGS:JAJKKE|F5B20DRAFT_mRNA11979	PF11968.15	Partial	None
gene-F5B20DRAFT_11967	rna-gnl|WGS:JAJKKE|F5B20DRAFT_mRNA11967	PF00702.33	Partial	None
gene-F5B20DRAFT_575184	rna-gnl|WGS:JAJKKE|F5B20DRAFT_mRNA575184		None	None
gene-F5B20DRAFT_t5	gene-F5B20DRAFT_t5		None	None
gene-F5B20DRAFT_12497	rna-gnl|WGS:JAJKKE|F5B20DRAFT_mRNA12497	PF00069.32,PF07714.24,PF14531.13	Partial	None
gene-F5B20DRAFT_519314	rna-gnl|WGS:JAJKKE|F5B20DRAFT_mRNA519314	PF00023.37,PF00023.37,PF12796.14,PF13606.13,PF13637.13	Complete	None
gene-F5B20DRAFT_12570	rna-gnl|WGS:JAJKKE|F5B20DRAFT_mRNA12570	PF01490.25	Partial	None
gene-F5B20DRAFT_12728	rna-gnl|WGS:JAJKKE|F5B20DRAFT_mRNA12728	PF00004.36,PF00004.36,PF02359.25,PF02933.24,PF07728.21,PF09336.17,PF17862.8,PF17862.8	Complete	None
gene-F5B20DRAFT_12558	rna-gnl|WGS:JAJKKE|F5B20DRAFT_mRNA12558		None	None
gene-F5B20DRAFT_12788	rna-gnl|WGS:JAJKKE|F5B20DRAFT_mRNA12788		None	None
gene-F5B20DRAFT_12784	rna-gnl|WGS:JAJKKE|F5B20DRAFT_mRNA12784	PF00005.34,PF00664.29	Complete	None
gene-F5B20DRAFT_12922	rna-gnl|WGS:JAJKKE|F5B20DRAFT_mRNA12922	PF03798.22	Partial	None
gene-F5B20DRAFT_12927	rna-gnl|WGS:JAJKKE|F5B20DRAFT_mRNA12927	PF08733.16	Partial	None
gene-F5B20DRAFT_587646	rna-gnl|WGS:JAJKKE|F5B20DRAFT_mRNA587646		None	None
gene-F5B20DRAFT_519351	rna-gnl|WGS:JAJKKE|F5B20DRAFT_mRNA519351		None	None
gene-F5B20DRAFT_12956	rna-gnl|WGS:JAJKKE|F5B20DRAFT_mRNA12956		None	None
gene-F5B20DRAFT_575197	rna-gnl|WGS:JAJKKE|F5B20DRAFT_mRNA575197	PF02823.23,PF21334.3	Complete	None
gene-F5B20DRAFT_13039	rna-gnl|WGS:JAJKKE|F5B20DRAFT_mRNA13039	PF10446.15	Partial	None
gene-F5B20DRAFT_519365	rna-gnl|WGS:JAJKKE|F5B20DRAFT_mRNA519365	PF00025.28,PF00071.29,PF01926.30,PF04670.19,PF08477.20,PF09439.17	Partial	None
gene-F5B20DRAFT_519366	rna-gnl|WGS:JAJKKE|F5B20DRAFT_mRNA519366	PF01734.28,PF11815.14	Complete	None
gene-F5B20DRAFT_587650	rna-gnl|WGS:JAJKKE|F5B20DRAFT_mRNA587650	PF00775.28,PF04444.20	Partial	None
gene-F5B20DRAFT_519369	rna-gnl|WGS:JAJKKE|F5B20DRAFT_mRNA519369	PF06609.19,PF07690.22	Partial	None
gene-F5B20DRAFT_519373	rna-gnl|WGS:JAJKKE|F5B20DRAFT_mRNA519373	PF00106.32,PF00109.33,PF00550.32,PF00698.27,PF01209.25,PF02801.29,PF08241.19,PF08242.19,PF08659.17,PF13489.13,PF13649.13,PF13847.13,PF14765.13,PF16197.12,PF21089.4,PF22336.3,PF22621.3	Complete	None
gene-F5B20DRAFT_519374	rna-gnl|WGS:JAJKKE|F5B20DRAFT_mRNA519374	PF00107.33,PF08240.18	Partial	None
gene-F5B20DRAFT_13221	rna-gnl|WGS:JAJKKE|F5B20DRAFT_mRNA13221	PF00067.28	Partial	None
gene-F5B20DRAFT_575206	rna-gnl|WGS:JAJKKE|F5B20DRAFT_mRNA575206	PF01263.27	Partial	None
gene-F5B20DRAFT_519379	rna-gnl|WGS:JAJKKE|F5B20DRAFT_mRNA519379	PF02230.23,PF03959.20	Partial	None
gene-F5B20DRAFT_519381	rna-gnl|WGS:JAJKKE|F5B20DRAFT_mRNA519381	PF27599.1	Partial	None
gene-F5B20DRAFT_519384	rna-gnl|WGS:JAJKKE|F5B20DRAFT_mRNA519384	PF01209.25,PF08241.19,PF13649.13,PF13847.13	Partial	None
gene-F5B20DRAFT_519390	rna-gnl|WGS:JAJKKE|F5B20DRAFT_mRNA519390	PF13086.13,PF13087.13,PF13245.13,PF20173.4	Complete	None
gene-F5B20DRAFT_13570	rna-gnl|WGS:JAJKKE|F5B20DRAFT_mRNA13570		None	None
gene-F5B20DRAFT_13422	rna-gnl|WGS:JAJKKE|F5B20DRAFT_mRNA13422		None	None
gene-F5B20DRAFT_13774	rna-gnl|WGS:JAJKKE|F5B20DRAFT_mRNA13774	PF13532.13	Partial	None
gene-F5B20DRAFT_13791	rna-gnl|WGS:JAJKKE|F5B20DRAFT_mRNA13791	PF02544.22	Partial	None
gene-F5B20DRAFT_567599	rna-gnl|WGS:JAJKKE|F5B20DRAFT_mRNA567599	PF06985.18	Partial	None
gene-F5B20DRAFT_14025	rna-gnl|WGS:JAJKKE|F5B20DRAFT_mRNA14025	PF01926.30,PF02421.25,PF02824.28,PF16897.11	Complete	None
gene-F5B20DRAFT_567602	rna-gnl|WGS:JAJKKE|F5B20DRAFT_mRNA567602	PF02194.21,PF13824.13,PF20179.4	Complete	None
gene-F5B20DRAFT_14664	rna-gnl|WGS:JAJKKE|F5B20DRAFT_mRNA14664	PF03178.22,PF10433.16,PF23726.2	Complete	None
gene-F5B20DRAFT_575222	rna-gnl|WGS:JAJKKE|F5B20DRAFT_mRNA575222	PF01476.27	Complete	None
gene-F5B20DRAFT_519426	rna-gnl|WGS:JAJKKE|F5B20DRAFT_mRNA519426	PF00169.36,PF16016.12,PF16746.11	Complete	None
gene-F5B20DRAFT_14758	rna-gnl|WGS:JAJKKE|F5B20DRAFT_mRNA14758	PF20684.4	Partial	None
gene-F5B20DRAFT_587667	rna-gnl|WGS:JAJKKE|F5B20DRAFT_mRNA587667		None	None
gene-F5B20DRAFT_519434	rna-gnl|WGS:JAJKKE|F5B20DRAFT_mRNA519434		None	None
gene-F5B20DRAFT_519435	rna-gnl|WGS:JAJKKE|F5B20DRAFT_mRNA519435	PF02466.25	Partial	None
gene-F5B20DRAFT_14854	rna-gnl|WGS:JAJKKE|F5B20DRAFT_mRNA14854	PF10350.16,PF25150.2,PF25151.2,PF26523.1	Complete	None
gene-F5B20DRAFT_14844	rna-gnl|WGS:JAJKKE|F5B20DRAFT_mRNA14844	PF11274.15	Partial	None
gene-F5B20DRAFT_519445	rna-gnl|WGS:JAJKKE|F5B20DRAFT_mRNA519445	PF20945.3	Partial	None
gene-F5B20DRAFT_519447	rna-gnl|WGS:JAJKKE|F5B20DRAFT_mRNA519447	PF00400.39,PF00400.39,PF00400.39,PF00400.39,PF00400.39,PF00400.39,PF00400.39,PF08581.16	Complete	None
gene-F5B20DRAFT_575231	rna-gnl|WGS:JAJKKE|F5B20DRAFT_mRNA575231	PF11807.14	Partial	None
gene-F5B20DRAFT_519476	rna-gnl|WGS:JAJKKE|F5B20DRAFT_mRNA519476	PF04116.20	Partial	None
gene-F5B20DRAFT_519478	rna-gnl|WGS:JAJKKE|F5B20DRAFT_mRNA519478	PF09435.17	Partial	None
gene-F5B20DRAFT_15351	rna-gnl|WGS:JAJKKE|F5B20DRAFT_mRNA15351	PF01778.23	Partial	None
gene-F5B20DRAFT_575235	rna-gnl|WGS:JAJKKE|F5B20DRAFT_mRNA575235	PF00056.30,PF02866.24	Partial	None
gene-F5B20DRAFT_519496	rna-gnl|WGS:JAJKKE|F5B20DRAFT_mRNA519496	PF02037.34,PF02891.27,PF11789.15,PF14324.13	Complete	None
gene-F5B20DRAFT_15616	rna-gnl|WGS:JAJKKE|F5B20DRAFT_mRNA15616	PF10338.16	Partial	None
gene-F5B20DRAFT_519499	rna-gnl|WGS:JAJKKE|F5B20DRAFT_mRNA519499	PF05764.19,PF08265.17	Complete	None
gene-F5B20DRAFT_587679	rna-gnl|WGS:JAJKKE|F5B20DRAFT_mRNA587679		None	None
gene-F5B20DRAFT_519503	rna-gnl|WGS:JAJKKE|F5B20DRAFT_mRNA519503		None	None
gene-F5B20DRAFT_15638	rna-gnl|WGS:JAJKKE|F5B20DRAFT_mRNA15638		None	None
gene-F5B20DRAFT_15668	rna-gnl|WGS:JAJKKE|F5B20DRAFT_mRNA15668	PF12855.13	Partial	None
gene-F5B20DRAFT_575242	rna-gnl|WGS:JAJKKE|F5B20DRAFT_mRNA575242		None	None
gene-F5B20DRAFT_16109	rna-gnl|WGS:JAJKKE|F5B20DRAFT_mRNA16109	PF08231.18	Partial	None
gene-F5B20DRAFT_16112	rna-gnl|WGS:JAJKKE|F5B20DRAFT_mRNA16112	PF01370.28	Partial	None
gene-F5B20DRAFT_519543	rna-gnl|WGS:JAJKKE|F5B20DRAFT_mRNA519543	PF03366.23	Partial	None
gene-F5B20DRAFT_16137	rna-gnl|WGS:JAJKKE|F5B20DRAFT_mRNA16137	PF00023.37,PF00023.37,PF00023.37,PF00023.37,PF12796.14,PF13606.13,PF13637.13,PF14420.12	Complete	None
gene-F5B20DRAFT_519548	rna-gnl|WGS:JAJKKE|F5B20DRAFT_mRNA519548	PF26545.1,PF28355.1	Complete	None
gene-F5B20DRAFT_16223	rna-gnl|WGS:JAJKKE|F5B20DRAFT_mRNA16223	PF06090.19,PF06090.19	Partial	None
gene-F5B20DRAFT_16213	rna-gnl|WGS:JAJKKE|F5B20DRAFT_mRNA16213	PF01733.25	Partial	None
gene-F5B20DRAFT_519556	rna-gnl|WGS:JAJKKE|F5B20DRAFT_mRNA519556	PF04427.24	Partial	None
gene-F5B20DRAFT_567617	rna-gnl|WGS:JAJKKE|F5B20DRAFT_mRNA567617	PF00069.32,PF00786.34,PF03109.23,PF07714.24	Complete	None
gene-F5B20DRAFT_519563	rna-gnl|WGS:JAJKKE|F5B20DRAFT_mRNA519563	PF00004.36,PF22942.2	Complete	None
gene-F5B20DRAFT_16302	rna-gnl|WGS:JAJKKE|F5B20DRAFT_mRNA16302		None	None
gene-F5B20DRAFT_587689	rna-gnl|WGS:JAJKKE|F5B20DRAFT_mRNA587689	PF06609.19,PF07690.22	Partial	None
gene-F5B20DRAFT_16339	rna-gnl|WGS:JAJKKE|F5B20DRAFT_mRNA16339		None	None
gene-F5B20DRAFT_519581	rna-gnl|WGS:JAJKKE|F5B20DRAFT_mRNA519581		None	None
gene-F5B20DRAFT_519585	rna-gnl|WGS:JAJKKE|F5B20DRAFT_mRNA519585	PF13174.13,PF13176.13,PF13181.13,PF13181.13,PF13181.13,PF13181.13,PF13432.13	Complete	None
gene-F5B20DRAFT_587695	rna-gnl|WGS:JAJKKE|F5B20DRAFT_mRNA587695	PF00875.25,PF03441.20	Complete	None
gene-F5B20DRAFT_519587	rna-gnl|WGS:JAJKKE|F5B20DRAFT_mRNA519587	PF00004.36,PF00004.36,PF00158.33,PF02861.26,PF07724.21,PF07728.21,PF10431.16,PF17871.8,PF23569.2	Complete	None
gene-F5B20DRAFT_575259	rna-gnl|WGS:JAJKKE|F5B20DRAFT_mRNA575259	PF12829.13	Partial	None
gene-F5B20DRAFT_16410	rna-gnl|WGS:JAJKKE|F5B20DRAFT_mRNA16410		None	None
gene-F5B20DRAFT_16504	rna-gnl|WGS:JAJKKE|F5B20DRAFT_mRNA16504	PF13640.13	Partial	None
gene-F5B20DRAFT_519598	rna-gnl|WGS:JAJKKE|F5B20DRAFT_mRNA519598	PF08320.18	Partial	None
gene-F5B20DRAFT_16546	rna-gnl|WGS:JAJKKE|F5B20DRAFT_mRNA16546		None	None
gene-F5B20DRAFT_519604	rna-gnl|WGS:JAJKKE|F5B20DRAFT_mRNA519604	PF00009.34,PF00025.28,PF00071.29,PF01926.30,PF08477.20	Partial	None
gene-F5B20DRAFT_519606	rna-gnl|WGS:JAJKKE|F5B20DRAFT_mRNA519606	PF05178.18,PF12936.13	Complete	None
gene-F5B20DRAFT_567626	rna-gnl|WGS:JAJKKE|F5B20DRAFT_mRNA567626	PF00172.24,PF04082.24	Complete	None
gene-F5B20DRAFT_16705	rna-gnl|WGS:JAJKKE|F5B20DRAFT_mRNA16705		None	None
gene-F5B20DRAFT_16726	rna-gnl|WGS:JAJKKE|F5B20DRAFT_mRNA16726	PF03568.24	Complete	None
gene-F5B20DRAFT_575268	rna-gnl|WGS:JAJKKE|F5B20DRAFT_mRNA575268	PF17254.8	Partial	None
gene-F5B20DRAFT_16731	rna-gnl|WGS:JAJKKE|F5B20DRAFT_mRNA16731	PF02146.24	Partial	None
gene-F5B20DRAFT_519619	rna-gnl|WGS:JAJKKE|F5B20DRAFT_mRNA519619	PF01545.27	Partial	None
gene-F5B20DRAFT_519620	rna-gnl|WGS:JAJKKE|F5B20DRAFT_mRNA519620	PF00370.28,PF02782.23	Partial	None
gene-F5B20DRAFT_16763	rna-gnl|WGS:JAJKKE|F5B20DRAFT_mRNA16763	PF07859.20,PF10340.16,PF20434.6	Partial	None
gene-F5B20DRAFT_519626	rna-gnl|WGS:JAJKKE|F5B20DRAFT_mRNA519626	PF00808.30	Complete	None
gene-F5B20DRAFT_519631	rna-gnl|WGS:JAJKKE|F5B20DRAFT_mRNA519631	PF00454.34,PF11522.14,PF21245.4	Complete	None
gene-F5B20DRAFT_16941	rna-gnl|WGS:JAJKKE|F5B20DRAFT_mRNA16941		None	None
gene-F5B20DRAFT_16984	rna-gnl|WGS:JAJKKE|F5B20DRAFT_mRNA16984		None	None
gene-F5B20DRAFT_567632	rna-gnl|WGS:JAJKKE|F5B20DRAFT_mRNA567632	PF30861.1	Partial	None
gene-F5B20DRAFT_17650	rna-gnl|WGS:JAJKKE|F5B20DRAFT_mRNA17650	PF00076.29	Partial	None
gene-F5B20DRAFT_519644	rna-gnl|WGS:JAJKKE|F5B20DRAFT_mRNA519644	PF09784.15	Partial	None
gene-F5B20DRAFT_519646	rna-gnl|WGS:JAJKKE|F5B20DRAFT_mRNA519646	PF04628.20	Partial	None
gene-F5B20DRAFT_519649	rna-gnl|WGS:JAJKKE|F5B20DRAFT_mRNA519649	PF02969.24,PF15511.13	Partial	None
gene-F5B20DRAFT_519651	rna-gnl|WGS:JAJKKE|F5B20DRAFT_mRNA519651	PF00515.35,PF00515.35,PF07719.24,PF07719.24,PF12895.14,PF13174.13,PF13176.13,PF13181.13,PF13181.13,PF13181.13,PF13181.13,PF13181.13,PF13432.13,PF13432.13,PF14559.13,PF14559.13	Complete	None
gene-F5B20DRAFT_17693	rna-gnl|WGS:JAJKKE|F5B20DRAFT_mRNA17693	PF05620.17	Partial	None
gene-F5B20DRAFT_17710	rna-gnl|WGS:JAJKKE|F5B20DRAFT_mRNA17710	PF12239.14	Partial	None
gene-F5B20DRAFT_17695	rna-gnl|WGS:JAJKKE|F5B20DRAFT_mRNA17695	PF00175.27,PF00970.31	Partial	None
gene-F5B20DRAFT_575285	rna-gnl|WGS:JAJKKE|F5B20DRAFT_mRNA575285		None	None
gene-F5B20DRAFT_17808	rna-gnl|WGS:JAJKKE|F5B20DRAFT_mRNA17808	PF00046.36,PF00581.26	Complete	None
gene-F5B20DRAFT_18201	rna-gnl|WGS:JAJKKE|F5B20DRAFT_mRNA18201	PF00046.36,PF05920.18	Complete	None
gene-F5B20DRAFT_18130	rna-gnl|WGS:JAJKKE|F5B20DRAFT_mRNA18130	PF00172.24,PF04082.24	Partial	None
gene-F5B20DRAFT_18324	rna-gnl|WGS:JAJKKE|F5B20DRAFT_mRNA18324	PF06985.18	Partial	None
gene-F5B20DRAFT_18105	rna-gnl|WGS:JAJKKE|F5B20DRAFT_mRNA18105	PF00172.24	Partial	None
gene-F5B20DRAFT_18319	rna-gnl|WGS:JAJKKE|F5B20DRAFT_mRNA18319	PF01161.27	Partial	None
gene-F5B20DRAFT_18507	rna-gnl|WGS:JAJKKE|F5B20DRAFT_mRNA18507	PF05241.18	Partial	None
gene-F5B20DRAFT_18530	rna-gnl|WGS:JAJKKE|F5B20DRAFT_mRNA18530		None	None
gene-F5B20DRAFT_18518	rna-gnl|WGS:JAJKKE|F5B20DRAFT_mRNA18518	PF00025.28,PF00071.29,PF04670.19,PF08477.20,PF09439.17	Partial	None
gene-F5B20DRAFT_575296	rna-gnl|WGS:JAJKKE|F5B20DRAFT_mRNA575296	PF01138.28,PF03725.21	Complete	None
gene-F5B20DRAFT_18572	rna-gnl|WGS:JAJKKE|F5B20DRAFT_mRNA18572	PF04889.18	Partial	None
gene-F5B20DRAFT_18593	rna-gnl|WGS:JAJKKE|F5B20DRAFT_mRNA18593	PF24864.1	Partial	None
gene-F5B20DRAFT_t4	gene-F5B20DRAFT_t4		None	None
gene-F5B20DRAFT_18599	rna-gnl|WGS:JAJKKE|F5B20DRAFT_mRNA18599	PF07779.19	Partial	None
gene-F5B20DRAFT_519782	rna-gnl|WGS:JAJKKE|F5B20DRAFT_mRNA519782	PF00450.29,PF05388.17	Partial	None
gene-F5B20DRAFT_519784	rna-gnl|WGS:JAJKKE|F5B20DRAFT_mRNA519784	PF01172.25,PF09377.17,PF20268.5	Complete	None
gene-F5B20DRAFT_519786	rna-gnl|WGS:JAJKKE|F5B20DRAFT_mRNA519786	PF00416.28	Partial	None
gene-F5B20DRAFT_575303	rna-gnl|WGS:JAJKKE|F5B20DRAFT_mRNA575303		None	None
gene-F5B20DRAFT_18968	rna-gnl|WGS:JAJKKE|F5B20DRAFT_mRNA18968	PF07690.22	Partial	None
gene-F5B20DRAFT_575305	rna-gnl|WGS:JAJKKE|F5B20DRAFT_mRNA575305	PF06870.18	Partial	None
gene-F5B20DRAFT_19013	rna-gnl|WGS:JAJKKE|F5B20DRAFT_mRNA19013		None	None
gene-F5B20DRAFT_519793	rna-gnl|WGS:JAJKKE|F5B20DRAFT_mRNA519793	PF00069.32	Partial	None
gene-F5B20DRAFT_575306	rna-gnl|WGS:JAJKKE|F5B20DRAFT_mRNA575306		None	None
gene-F5B20DRAFT_575307	rna-gnl|WGS:JAJKKE|F5B20DRAFT_mRNA575307		None	None
gene-F5B20DRAFT_519816	rna-gnl|WGS:JAJKKE|F5B20DRAFT_mRNA519816	PF05057.22	Partial	None
gene-F5B20DRAFT_19392	rna-gnl|WGS:JAJKKE|F5B20DRAFT_mRNA19392	PF00463.28,PF13714.13	Partial	None
gene-F5B20DRAFT_519826	rna-gnl|WGS:JAJKKE|F5B20DRAFT_mRNA519826	PF07690.22	Partial	None
gene-F5B20DRAFT_19536	rna-gnl|WGS:JAJKKE|F5B20DRAFT_mRNA19536	PF01490.25	Partial	None
gene-F5B20DRAFT_519844	rna-gnl|WGS:JAJKKE|F5B20DRAFT_mRNA519844	PF00620.33	Partial	None
gene-F5B20DRAFT_19610	rna-gnl|WGS:JAJKKE|F5B20DRAFT_mRNA19610	PF00069.32,PF07714.24,PF12063.15,PF21127.5	Complete	None
gene-F5B20DRAFT_19679	rna-gnl|WGS:JAJKKE|F5B20DRAFT_mRNA19679	PF00202.28	Partial	None
gene-F5B20DRAFT_519862	rna-gnl|WGS:JAJKKE|F5B20DRAFT_mRNA519862	PF03901.24	Partial	None
gene-F5B20DRAFT_19852	rna-gnl|WGS:JAJKKE|F5B20DRAFT_mRNA19852	PF00888.30,PF10557.16,PF26557.1	Complete	None
gene-F5B20DRAFT_519867	rna-gnl|WGS:JAJKKE|F5B20DRAFT_mRNA519867	PF00005.34,PF00005.34,PF00664.29,PF00664.29,PF24357.2	Complete	None
gene-F5B20DRAFT_519868	rna-gnl|WGS:JAJKKE|F5B20DRAFT_mRNA519868		None	None
gene-F5B20DRAFT_575318	rna-gnl|WGS:JAJKKE|F5B20DRAFT_mRNA575318	PF11001.15	Partial	None
gene-F5B20DRAFT_20250	rna-gnl|WGS:JAJKKE|F5B20DRAFT_mRNA20250	PF00067.28	Partial	None
gene-F5B20DRAFT_20426	rna-gnl|WGS:JAJKKE|F5B20DRAFT_mRNA20426		None	None
gene-F5B20DRAFT_20352	rna-gnl|WGS:JAJKKE|F5B20DRAFT_mRNA20352	PF08538.17,PF12697.14	Partial	None
gene-F5B20DRAFT_20467	rna-gnl|WGS:JAJKKE|F5B20DRAFT_mRNA20467	PF21547.4,PF24173.2,PF24181.2	Complete	None
gene-F5B20DRAFT_519929	rna-gnl|WGS:JAJKKE|F5B20DRAFT_mRNA519929	PF00324.28,PF13520.13	Partial	None
gene-F5B20DRAFT_519933	rna-gnl|WGS:JAJKKE|F5B20DRAFT_mRNA519933	PF00069.32,PF07714.24	Partial	None
gene-F5B20DRAFT_519936	rna-gnl|WGS:JAJKKE|F5B20DRAFT_mRNA519936	PF00999.27	Partial	None
gene-F5B20DRAFT_519938	rna-gnl|WGS:JAJKKE|F5B20DRAFT_mRNA519938	PF03209.22,PF13347.13	Partial	None
gene-F5B20DRAFT_20586	rna-gnl|WGS:JAJKKE|F5B20DRAFT_mRNA20586	PF18271.9	Partial	None
gene-F5B20DRAFT_575328	rna-gnl|WGS:JAJKKE|F5B20DRAFT_mRNA575328		None	None
gene-F5B20DRAFT_519942	rna-gnl|WGS:JAJKKE|F5B20DRAFT_mRNA519942	PF01124.24	Partial	None
gene-F5B20DRAFT_519946	rna-gnl|WGS:JAJKKE|F5B20DRAFT_mRNA519946	PF25484.2	Partial	None
gene-F5B20DRAFT_587725	rna-gnl|WGS:JAJKKE|F5B20DRAFT_mRNA587725		None	None
gene-F5B20DRAFT_20700	rna-gnl|WGS:JAJKKE|F5B20DRAFT_mRNA20700	PF08589.16	Partial	None
gene-F5B20DRAFT_575333	rna-gnl|WGS:JAJKKE|F5B20DRAFT_mRNA575333	PF15612.12	Complete	None
gene-F5B20DRAFT_20741	rna-gnl|WGS:JAJKKE|F5B20DRAFT_mRNA20741	PF03463.22,PF03464.21,PF03465.21,PF18854.7,PF18859.7	Complete	None
gene-F5B20DRAFT_587730	rna-gnl|WGS:JAJKKE|F5B20DRAFT_mRNA587730	PF00800.24,PF00800.24	Partial	None
gene-F5B20DRAFT_519961	rna-gnl|WGS:JAJKKE|F5B20DRAFT_mRNA519961	PF00676.26	Partial	None
gene-F5B20DRAFT_575337	rna-gnl|WGS:JAJKKE|F5B20DRAFT_mRNA575337	PF11754.15,PF11754.15	Partial	None
gene-F5B20DRAFT_575338	rna-gnl|WGS:JAJKKE|F5B20DRAFT_mRNA575338		None	None
gene-F5B20DRAFT_t3	gene-F5B20DRAFT_t3		None	None
gene-F5B20DRAFT_21137	rna-gnl|WGS:JAJKKE|F5B20DRAFT_mRNA21137	PF01535.27,PF13041.13,PF13812.13,PF13812.13,PF17177.11	Complete	None
gene-F5B20DRAFT_21156	rna-gnl|WGS:JAJKKE|F5B20DRAFT_mRNA21156	PF00136.27,PF03104.26,PF08996.16,PF12254.14	Complete	None
gene-F5B20DRAFT_587736	rna-gnl|WGS:JAJKKE|F5B20DRAFT_mRNA587736	PF02854.26,PF12152.14	Complete	None
gene-F5B20DRAFT_21321	rna-gnl|WGS:JAJKKE|F5B20DRAFT_mRNA21321		None	None
gene-F5B20DRAFT_520008	rna-gnl|WGS:JAJKKE|F5B20DRAFT_mRNA520008	PF04851.22,PF13086.13,PF13087.13,PF16399.12,PF21143.4,PF21144.3	Complete	None
gene-F5B20DRAFT_21407	rna-gnl|WGS:JAJKKE|F5B20DRAFT_mRNA21407	PF00625.28,PF01926.30,PF11957.14	Complete	None
gene-F5B20DRAFT_21403	rna-gnl|WGS:JAJKKE|F5B20DRAFT_mRNA21403	PF01979.27	Partial	None
gene-F5B20DRAFT_520014	rna-gnl|WGS:JAJKKE|F5B20DRAFT_mRNA520014		None	None
gene-F5B20DRAFT_21449	rna-gnl|WGS:JAJKKE|F5B20DRAFT_mRNA21449	PF00097.32,PF00097.32,PF02190.23,PF13445.13,PF13445.13,PF13639.13,PF13920.13,PF13923.13	Complete	None
gene-F5B20DRAFT_21504	rna-gnl|WGS:JAJKKE|F5B20DRAFT_mRNA21504	PF07281.18	Partial	None
gene-F5B20DRAFT_21522	rna-gnl|WGS:JAJKKE|F5B20DRAFT_mRNA21522	PF00400.39,PF00400.39	Complete	None
gene-F5B20DRAFT_520038	rna-gnl|WGS:JAJKKE|F5B20DRAFT_mRNA520038	PF07529.19,PF13921.13	Complete	None
gene-F5B20DRAFT_21634	rna-gnl|WGS:JAJKKE|F5B20DRAFT_mRNA21634	PF12656.13	Complete	None
gene-F5B20DRAFT_567668	rna-gnl|WGS:JAJKKE|F5B20DRAFT_mRNA567668	PF02353.27,PF08241.19,PF13489.13,PF13649.13	Complete	None
gene-F5B20DRAFT_520047	rna-gnl|WGS:JAJKKE|F5B20DRAFT_mRNA520047	PF08226.17,PF12763.14,PF12763.14	Complete	None
gene-F5B20DRAFT_520049	rna-gnl|WGS:JAJKKE|F5B20DRAFT_mRNA520049	PF05368.20	Partial	None
gene-F5B20DRAFT_21703	rna-gnl|WGS:JAJKKE|F5B20DRAFT_mRNA21703	PF03999.18	Partial	None
gene-F5B20DRAFT_520055	rna-gnl|WGS:JAJKKE|F5B20DRAFT_mRNA520055	PF12763.14	Complete	None
gene-F5B20DRAFT_21751	rna-gnl|WGS:JAJKKE|F5B20DRAFT_mRNA21751	PF00891.25	Partial	None
gene-F5B20DRAFT_520061	rna-gnl|WGS:JAJKKE|F5B20DRAFT_mRNA520061	PF00067.28,PF00067.28	Partial	None
gene-F5B20DRAFT_21787	rna-gnl|WGS:JAJKKE|F5B20DRAFT_mRNA21787	PF00169.36,PF00169.36	Complete	None
gene-F5B20DRAFT_21809	rna-gnl|WGS:JAJKKE|F5B20DRAFT_mRNA21809	PF00150.25	Partial	None
gene-F5B20DRAFT_520073	rna-gnl|WGS:JAJKKE|F5B20DRAFT_mRNA520073		None	None
gene-F5B20DRAFT_575360	rna-gnl|WGS:JAJKKE|F5B20DRAFT_mRNA575360	PF00076.29,PF00076.29,PF00076.29,PF13893.13	Complete	None
gene-F5B20DRAFT_575361	rna-gnl|WGS:JAJKKE|F5B20DRAFT_mRNA575361	PF00069.32,PF07714.24	Partial	None
gene-F5B20DRAFT_520089	rna-gnl|WGS:JAJKKE|F5B20DRAFT_mRNA520089	PF00076.29	Complete	None
gene-F5B20DRAFT_520091	rna-gnl|WGS:JAJKKE|F5B20DRAFT_mRNA520091	PF00181.31,PF03947.25	Partial	None
gene-F5B20DRAFT_22090	rna-gnl|WGS:JAJKKE|F5B20DRAFT_mRNA22090	PF00294.30	Partial	None
gene-F5B20DRAFT_567685	rna-gnl|WGS:JAJKKE|F5B20DRAFT_mRNA567685	PF10373.16,PF10374.16	Partial	None
gene-F5B20DRAFT_520106	rna-gnl|WGS:JAJKKE|F5B20DRAFT_mRNA520106		None	None
gene-F5B20DRAFT_520109	rna-gnl|WGS:JAJKKE|F5B20DRAFT_mRNA520109	PF01125.23	Partial	None
gene-F5B20DRAFT_575368	rna-gnl|WGS:JAJKKE|F5B20DRAFT_mRNA575368	PF13233.13	Partial	None
gene-F5B20DRAFT_22307	rna-gnl|WGS:JAJKKE|F5B20DRAFT_mRNA22307	PF01193.30,PF13656.12	Partial	None
gene-F5B20DRAFT_575370	rna-gnl|WGS:JAJKKE|F5B20DRAFT_mRNA575370	PF30929.1	Partial	None
gene-F5B20DRAFT_520130	rna-gnl|WGS:JAJKKE|F5B20DRAFT_mRNA520130	PF01187.25	Partial	None
gene-F5B20DRAFT_22583	rna-gnl|WGS:JAJKKE|F5B20DRAFT_mRNA22583	PF04670.19	Partial	None
gene-F5B20DRAFT_t2	gene-F5B20DRAFT_t2		None	None
gene-F5B20DRAFT_22653	rna-gnl|WGS:JAJKKE|F5B20DRAFT_mRNA22653	PF09362.16	Partial	None
gene-F5B20DRAFT_520149	rna-gnl|WGS:JAJKKE|F5B20DRAFT_mRNA520149	PF01189.24,PF21148.4	Partial	None
gene-F5B20DRAFT_575376	rna-gnl|WGS:JAJKKE|F5B20DRAFT_mRNA575376	PF07690.22	Partial	None
gene-F5B20DRAFT_22875	rna-gnl|WGS:JAJKKE|F5B20DRAFT_mRNA22875	PF13848.13	Partial	None
gene-F5B20DRAFT_520159	rna-gnl|WGS:JAJKKE|F5B20DRAFT_mRNA520159	PF04479.19	Partial	None
gene-F5B20DRAFT_22725	rna-gnl|WGS:JAJKKE|F5B20DRAFT_mRNA22725		None	None
gene-F5B20DRAFT_520169	rna-gnl|WGS:JAJKKE|F5B20DRAFT_mRNA520169	PF08389.19,PF19282.6	Partial	None
gene-F5B20DRAFT_520171	rna-gnl|WGS:JAJKKE|F5B20DRAFT_mRNA520171	PF02127.21	Partial	None
gene-F5B20DRAFT_520179	rna-gnl|WGS:JAJKKE|F5B20DRAFT_mRNA520179		None	None
gene-F5B20DRAFT_575381	rna-gnl|WGS:JAJKKE|F5B20DRAFT_mRNA575381	PF05397.18	Complete	None
gene-F5B20DRAFT_520186	rna-gnl|WGS:JAJKKE|F5B20DRAFT_mRNA520186	PF08528.17	Complete	None
gene-F5B20DRAFT_520188	rna-gnl|WGS:JAJKKE|F5B20DRAFT_mRNA520188		None	None
gene-F5B20DRAFT_23074	rna-gnl|WGS:JAJKKE|F5B20DRAFT_mRNA23074	PF20210.5,PF25468.2,PF25808.2	Complete	None
gene-F5B20DRAFT_23146	rna-gnl|WGS:JAJKKE|F5B20DRAFT_mRNA23146	PF01709.27,PF20772.3	Partial	None
gene-F5B20DRAFT_575385	rna-gnl|WGS:JAJKKE|F5B20DRAFT_mRNA575385		None	None
gene-F5B20DRAFT_23113	rna-gnl|WGS:JAJKKE|F5B20DRAFT_mRNA23113	PF03901.24	Partial	None
gene-F5B20DRAFT_520203	rna-gnl|WGS:JAJKKE|F5B20DRAFT_mRNA520203	PF01663.28,PF19316.5	Partial	None
gene-F5B20DRAFT_23227	rna-gnl|WGS:JAJKKE|F5B20DRAFT_mRNA23227		None	None
gene-F5B20DRAFT_23226	rna-gnl|WGS:JAJKKE|F5B20DRAFT_mRNA23226	PF00076.29,PF00076.29,PF00076.29	Complete	None
gene-F5B20DRAFT_520207	rna-gnl|WGS:JAJKKE|F5B20DRAFT_mRNA520207	PF12719.14	Complete	None
gene-F5B20DRAFT_575391	rna-gnl|WGS:JAJKKE|F5B20DRAFT_mRNA575391	PF01694.29	Complete	None
gene-F5B20DRAFT_575392	rna-gnl|WGS:JAJKKE|F5B20DRAFT_mRNA575392	PF06912.17	Partial	None
gene-F5B20DRAFT_520229	rna-gnl|WGS:JAJKKE|F5B20DRAFT_mRNA520229	PF00463.28,PF13714.13	Partial	None
gene-F5B20DRAFT_23392	rna-gnl|WGS:JAJKKE|F5B20DRAFT_mRNA23392	PF07690.22	Partial	None
gene-F5B20DRAFT_520261	rna-gnl|WGS:JAJKKE|F5B20DRAFT_mRNA520261	PF03443.21	Partial	None
gene-F5B20DRAFT_520265	rna-gnl|WGS:JAJKKE|F5B20DRAFT_mRNA520265	PF00587.31,PF03129.26,PF09180.17	Complete	None
gene-F5B20DRAFT_520275	rna-gnl|WGS:JAJKKE|F5B20DRAFT_mRNA520275		None	None
gene-F5B20DRAFT_520282	rna-gnl|WGS:JAJKKE|F5B20DRAFT_mRNA520282	PF03313.22,PF03315.22	Partial	None
gene-F5B20DRAFT_520311	rna-gnl|WGS:JAJKKE|F5B20DRAFT_mRNA520311	PF00120.30,PF03951.25	Partial	None
gene-F5B20DRAFT_520312	rna-gnl|WGS:JAJKKE|F5B20DRAFT_mRNA520312		None	None
gene-F5B20DRAFT_520317	rna-gnl|WGS:JAJKKE|F5B20DRAFT_mRNA520317	PF12709.13	Complete	None
gene-F5B20DRAFT_520319	rna-gnl|WGS:JAJKKE|F5B20DRAFT_mRNA520319	PF00501.35,PF00550.32,PF01370.28,PF07993.19,PF23562.3	Complete	None
gene-F5B20DRAFT_120769	rna-gnl|WGS:JAJKKE|F5B20DRAFT_mRNA120769	PF20684.4	Partial	None
gene-F5B20DRAFT_520332	rna-gnl|WGS:JAJKKE|F5B20DRAFT_mRNA520332	PF01184.25	Partial	None
gene-F5B20DRAFT_520335	rna-gnl|WGS:JAJKKE|F5B20DRAFT_mRNA520335		None	None
gene-F5B20DRAFT_520336	rna-gnl|WGS:JAJKKE|F5B20DRAFT_mRNA520336		None	None
gene-F5B20DRAFT_120906	rna-gnl|WGS:JAJKKE|F5B20DRAFT_mRNA120906	PF04733.21,PF13174.13	Complete	None
gene-F5B20DRAFT_120910	rna-gnl|WGS:JAJKKE|F5B20DRAFT_mRNA120910	PF12710.14	Partial	None
gene-F5B20DRAFT_121048	rna-gnl|WGS:JAJKKE|F5B20DRAFT_mRNA121048	PF00168.37,PF00168.37,PF02666.21	Complete	None
gene-F5B20DRAFT_589709	rna-gnl|WGS:JAJKKE|F5B20DRAFT_mRNA589709	PF11559.14	Partial	None
gene-F5B20DRAFT_121101	rna-gnl|WGS:JAJKKE|F5B20DRAFT_mRNA121101	PF00646.39	Complete	None
gene-F5B20DRAFT_121245	rna-gnl|WGS:JAJKKE|F5B20DRAFT_mRNA121245	PF00069.32,PF07714.24	Complete	None
gene-F5B20DRAFT_121291	rna-gnl|WGS:JAJKKE|F5B20DRAFT_mRNA121291		None	None
gene-F5B20DRAFT_520375	rna-gnl|WGS:JAJKKE|F5B20DRAFT_mRNA520375	PF04006.18	Partial	None
gene-F5B20DRAFT_520377	rna-gnl|WGS:JAJKKE|F5B20DRAFT_mRNA520377	PF00928.27	Partial	None
gene-F5B20DRAFT_589723	rna-gnl|WGS:JAJKKE|F5B20DRAFT_mRNA589723	PF00698.27	Partial	None
gene-F5B20DRAFT_575419	rna-gnl|WGS:JAJKKE|F5B20DRAFT_mRNA575419	PF04628.20	Partial	None
gene-F5B20DRAFT_520382	rna-gnl|WGS:JAJKKE|F5B20DRAFT_mRNA520382	PF03969.23,PF03969.23	Partial	None
gene-F5B20DRAFT_121458	rna-gnl|WGS:JAJKKE|F5B20DRAFT_mRNA121458	PF03177.21,PF08801.18	Partial	None
gene-F5B20DRAFT_121411	rna-gnl|WGS:JAJKKE|F5B20DRAFT_mRNA121411		None	None
gene-F5B20DRAFT_121463	rna-gnl|WGS:JAJKKE|F5B20DRAFT_mRNA121463	PF07690.22	Partial	None
gene-F5B20DRAFT_575423	rna-gnl|WGS:JAJKKE|F5B20DRAFT_mRNA575423		None	None
gene-F5B20DRAFT_589733	rna-gnl|WGS:JAJKKE|F5B20DRAFT_mRNA589733	PF00023.37,PF00023.37,PF00023.37,PF12796.14,PF13637.13	Complete	None
gene-F5B20DRAFT_520389	rna-gnl|WGS:JAJKKE|F5B20DRAFT_mRNA520389	PF01554.24,PF01554.24	Complete	None
gene-F5B20DRAFT_575426	rna-gnl|WGS:JAJKKE|F5B20DRAFT_mRNA575426	PF00023.37,PF14420.12	Complete	None
gene-F5B20DRAFT_520404	rna-gnl|WGS:JAJKKE|F5B20DRAFT_mRNA520404	PF02338.26	Partial	None
gene-F5B20DRAFT_121775	rna-gnl|WGS:JAJKKE|F5B20DRAFT_mRNA121775		None	None
gene-F5B20DRAFT_520407	rna-gnl|WGS:JAJKKE|F5B20DRAFT_mRNA520407		None	None
gene-F5B20DRAFT_520409	rna-gnl|WGS:JAJKKE|F5B20DRAFT_mRNA520409	PF01644.24,PF03142.22,PF08407.18,PF13632.13	Complete	None
gene-F5B20DRAFT_121857	rna-gnl|WGS:JAJKKE|F5B20DRAFT_mRNA121857	PF09463.16	Partial	None
gene-F5B20DRAFT_575431	rna-gnl|WGS:JAJKKE|F5B20DRAFT_mRNA575431		None	None
gene-F5B20DRAFT_567718	rna-gnl|WGS:JAJKKE|F5B20DRAFT_mRNA567718	PF00071.29,PF08477.20	Partial	None
gene-F5B20DRAFT_575433	rna-gnl|WGS:JAJKKE|F5B20DRAFT_mRNA575433	PF00702.33,PF13419.13	Partial	None
gene-F5B20DRAFT_122204	rna-gnl|WGS:JAJKKE|F5B20DRAFT_mRNA122204	PF12814.14	Complete	None
gene-F5B20DRAFT_122257	rna-gnl|WGS:JAJKKE|F5B20DRAFT_mRNA122257	PF00179.32	Partial	None
gene-F5B20DRAFT_575436	rna-gnl|WGS:JAJKKE|F5B20DRAFT_mRNA575436	PF01450.26,PF07991.19	Partial	None
gene-F5B20DRAFT_567723	rna-gnl|WGS:JAJKKE|F5B20DRAFT_mRNA567723	PF00291.32	Partial	None
gene-F5B20DRAFT_122264	rna-gnl|WGS:JAJKKE|F5B20DRAFT_mRNA122264	PF07690.22	Partial	None
gene-F5B20DRAFT_575439	rna-gnl|WGS:JAJKKE|F5B20DRAFT_mRNA575439	PF00171.28	Partial	None
gene-F5B20DRAFT_575440	rna-gnl|WGS:JAJKKE|F5B20DRAFT_mRNA575440	PF20233.4	Partial	None
gene-F5B20DRAFT_589736	rna-gnl|WGS:JAJKKE|F5B20DRAFT_mRNA589736	PF05724.18,PF08241.19,PF13489.13	Partial	None
gene-F5B20DRAFT_122539	rna-gnl|WGS:JAJKKE|F5B20DRAFT_mRNA122539	PF10601.15	Complete	None
gene-F5B20DRAFT_520458	rna-gnl|WGS:JAJKKE|F5B20DRAFT_mRNA520458	PF10568.16,PF17171.10,PF17172.11	Complete	None
gene-F5B20DRAFT_122714	rna-gnl|WGS:JAJKKE|F5B20DRAFT_mRNA122714		None	None
gene-F5B20DRAFT_567728	rna-gnl|WGS:JAJKKE|F5B20DRAFT_mRNA567728	PF00622.37,PF08513.18,PF10607.15	Complete	None
gene-F5B20DRAFT_520467	rna-gnl|WGS:JAJKKE|F5B20DRAFT_mRNA520467	PF08193.17	Partial	None
gene-F5B20DRAFT_122902	rna-gnl|WGS:JAJKKE|F5B20DRAFT_mRNA122902		None	None
gene-F5B20DRAFT_567729	rna-gnl|WGS:JAJKKE|F5B20DRAFT_mRNA567729	PF00135.35,PF07859.20,PF20434.6	Partial	None
gene-F5B20DRAFT_122909	rna-gnl|WGS:JAJKKE|F5B20DRAFT_mRNA122909	PF06609.19,PF07690.22	Partial	None
gene-F5B20DRAFT_575450	rna-gnl|WGS:JAJKKE|F5B20DRAFT_mRNA575450		None	None
gene-F5B20DRAFT_520487	rna-gnl|WGS:JAJKKE|F5B20DRAFT_mRNA520487		None	None
gene-F5B20DRAFT_567731	rna-gnl|WGS:JAJKKE|F5B20DRAFT_mRNA567731		None	None
gene-F5B20DRAFT_122961	rna-gnl|WGS:JAJKKE|F5B20DRAFT_mRNA122961		None	None
gene-F5B20DRAFT_520494	rna-gnl|WGS:JAJKKE|F5B20DRAFT_mRNA520494	PF01494.26	Partial	None
gene-F5B20DRAFT_520502	rna-gnl|WGS:JAJKKE|F5B20DRAFT_mRNA520502	PF05730.17,PF20684.4	Partial	None
gene-F5B20DRAFT_575457	rna-gnl|WGS:JAJKKE|F5B20DRAFT_mRNA575457	PF00106.32,PF08659.17,PF13561.13	Partial	None
gene-F5B20DRAFT_520512	rna-gnl|WGS:JAJKKE|F5B20DRAFT_mRNA520512	PF00083.31,PF07690.22	Partial	None
gene-F5B20DRAFT_520521	rna-gnl|WGS:JAJKKE|F5B20DRAFT_mRNA520521	PF00083.31,PF06609.19,PF07690.22	Partial	None
gene-F5B20DRAFT_123300	rna-gnl|WGS:JAJKKE|F5B20DRAFT_mRNA123300		None	None
gene-F5B20DRAFT_575460	rna-gnl|WGS:JAJKKE|F5B20DRAFT_mRNA575460	PF07969.18	Partial	None
gene-F5B20DRAFT_520534	rna-gnl|WGS:JAJKKE|F5B20DRAFT_mRNA520534	PF13350.12	Partial	None
gene-F5B20DRAFT_123336	rna-gnl|WGS:JAJKKE|F5B20DRAFT_mRNA123336		None	None
gene-F5B20DRAFT_575463	rna-gnl|WGS:JAJKKE|F5B20DRAFT_mRNA575463		None	None
gene-F5B20DRAFT_123388	rna-gnl|WGS:JAJKKE|F5B20DRAFT_mRNA123388	PF07690.22	Partial	None
gene-F5B20DRAFT_567740	rna-gnl|WGS:JAJKKE|F5B20DRAFT_mRNA567740	PF00490.28	Partial	None
gene-F5B20DRAFT_123623	rna-gnl|WGS:JAJKKE|F5B20DRAFT_mRNA123623	PF02225.28,PF04389.23	Partial	None
gene-F5B20DRAFT_123626	rna-gnl|WGS:JAJKKE|F5B20DRAFT_mRNA123626	PF00326.28	Complete	None
gene-F5B20DRAFT_575468	rna-gnl|WGS:JAJKKE|F5B20DRAFT_mRNA575468		None	None
gene-F5B20DRAFT_123401	rna-gnl|WGS:JAJKKE|F5B20DRAFT_mRNA123401	PF01757.29	Partial	None
gene-F5B20DRAFT_520571	rna-gnl|WGS:JAJKKE|F5B20DRAFT_mRNA520571	PF15251.12	Partial	None
gene-F5B20DRAFT_520572	rna-gnl|WGS:JAJKKE|F5B20DRAFT_mRNA520572	PF00097.32,PF13639.13	Partial	None
gene-F5B20DRAFT_567746	rna-gnl|WGS:JAJKKE|F5B20DRAFT_mRNA567746	PF00270.36,PF00271.38,PF04408.30,PF07717.23,PF13401.13,PF21010.3	Complete	None
gene-F5B20DRAFT_520574	rna-gnl|WGS:JAJKKE|F5B20DRAFT_mRNA520574		None	None
gene-F5B20DRAFT_575473	rna-gnl|WGS:JAJKKE|F5B20DRAFT_mRNA575473	PF00176.30,PF00270.36,PF00271.38,PF04851.22,PF09110.17,PF09111.17,PF11496.15	Complete	None
gene-F5B20DRAFT_124338	rna-gnl|WGS:JAJKKE|F5B20DRAFT_mRNA124338	PF00400.39,PF00400.39,PF00400.39,PF00400.39,PF24805.2	Complete	None
gene-F5B20DRAFT_575475	rna-gnl|WGS:JAJKKE|F5B20DRAFT_mRNA575475	PF00763.29,PF01268.26,PF02882.26	Partial	None
gene-F5B20DRAFT_520578	rna-gnl|WGS:JAJKKE|F5B20DRAFT_mRNA520578	PF03443.21	Partial	None
gene-F5B20DRAFT_520581	rna-gnl|WGS:JAJKKE|F5B20DRAFT_mRNA520581	PF03443.21	Partial	None
gene-F5B20DRAFT_520584	rna-gnl|WGS:JAJKKE|F5B20DRAFT_mRNA520584	PF00106.32,PF13561.13	Partial	None
gene-F5B20DRAFT_520586	rna-gnl|WGS:JAJKKE|F5B20DRAFT_mRNA520586	PF02441.26,PF02441.26	Partial	None
gene-F5B20DRAFT_124424	rna-gnl|WGS:JAJKKE|F5B20DRAFT_mRNA124424	PF00642.31,PF18044.8	Complete	None
gene-F5B20DRAFT_520592	rna-gnl|WGS:JAJKKE|F5B20DRAFT_mRNA520592	PF00995.29	Partial	None
gene-F5B20DRAFT_520617	rna-gnl|WGS:JAJKKE|F5B20DRAFT_mRNA520617	PF01644.24,PF03142.22,PF08407.18	Complete	None
gene-F5B20DRAFT_124569	rna-gnl|WGS:JAJKKE|F5B20DRAFT_mRNA124569	PF20684.4	Partial	None
gene-F5B20DRAFT_520625	rna-gnl|WGS:JAJKKE|F5B20DRAFT_mRNA520625	PF00106.32,PF01370.28,PF08659.17,PF13561.13	Partial	None
gene-F5B20DRAFT_124600	rna-gnl|WGS:JAJKKE|F5B20DRAFT_mRNA124600		None	None
gene-F5B20DRAFT_520630	rna-gnl|WGS:JAJKKE|F5B20DRAFT_mRNA520630		None	None
gene-F5B20DRAFT_520632	rna-gnl|WGS:JAJKKE|F5B20DRAFT_mRNA520632		None	None
gene-F5B20DRAFT_124661	rna-gnl|WGS:JAJKKE|F5B20DRAFT_mRNA124661	PF12223.14	Partial	None
gene-F5B20DRAFT_124675	rna-gnl|WGS:JAJKKE|F5B20DRAFT_mRNA124675	PF00022.27	Partial	None
gene-F5B20DRAFT_567764	rna-gnl|WGS:JAJKKE|F5B20DRAFT_mRNA567764	PF07690.22	Partial	None
gene-F5B20DRAFT_575493	rna-gnl|WGS:JAJKKE|F5B20DRAFT_mRNA575493	PF00890.31,PF01134.29,PF01266.31,PF01494.26,PF05834.19,PF13450.13	Partial	None
gene-F5B20DRAFT_124709	rna-gnl|WGS:JAJKKE|F5B20DRAFT_mRNA124709		None	None
gene-F5B20DRAFT_575497	rna-gnl|WGS:JAJKKE|F5B20DRAFT_mRNA575497		None	None
gene-F5B20DRAFT_520670	rna-gnl|WGS:JAJKKE|F5B20DRAFT_mRNA520670	PF00330.26,PF00694.26	Complete	None
gene-F5B20DRAFT_520672	rna-gnl|WGS:JAJKKE|F5B20DRAFT_mRNA520672	PF08881.16	Partial	None
gene-F5B20DRAFT_520675	rna-gnl|WGS:JAJKKE|F5B20DRAFT_mRNA520675	PF00933.28,PF01915.28	Complete	None
gene-F5B20DRAFT_575501	rna-gnl|WGS:JAJKKE|F5B20DRAFT_mRNA575501	PF01161.27	Partial	None
gene-F5B20DRAFT_125187	rna-gnl|WGS:JAJKKE|F5B20DRAFT_mRNA125187	PF00648.28	Partial	None
gene-F5B20DRAFT_520687	rna-gnl|WGS:JAJKKE|F5B20DRAFT_mRNA520687	PF00067.28	Partial	None
gene-F5B20DRAFT_125245	rna-gnl|WGS:JAJKKE|F5B20DRAFT_mRNA125245	PF01753.25	Partial	None
gene-F5B20DRAFT_125202	rna-gnl|WGS:JAJKKE|F5B20DRAFT_mRNA125202		None	None
gene-F5B20DRAFT_125356	rna-gnl|WGS:JAJKKE|F5B20DRAFT_mRNA125356		None	None
gene-F5B20DRAFT_125339	rna-gnl|WGS:JAJKKE|F5B20DRAFT_mRNA125339	PF05004.20	Partial	None
gene-F5B20DRAFT_575508	rna-gnl|WGS:JAJKKE|F5B20DRAFT_mRNA575508	PF00498.32	Partial	None
gene-F5B20DRAFT_126069	rna-gnl|WGS:JAJKKE|F5B20DRAFT_mRNA126069	PF00320.34	Complete	None
gene-F5B20DRAFT_126002	rna-gnl|WGS:JAJKKE|F5B20DRAFT_mRNA126002	PF12973.14	Partial	None
gene-F5B20DRAFT_575512	rna-gnl|WGS:JAJKKE|F5B20DRAFT_mRNA575512	PF03074.23	Partial	None
gene-F5B20DRAFT_520770	rna-gnl|WGS:JAJKKE|F5B20DRAFT_mRNA520770	PF00324.28,PF13520.13	Partial	None
gene-F5B20DRAFT_567776	rna-gnl|WGS:JAJKKE|F5B20DRAFT_mRNA567776	PF00795.28	Partial	None
gene-F5B20DRAFT_128343	rna-gnl|WGS:JAJKKE|F5B20DRAFT_mRNA128343	PF00172.24,PF11951.14	Partial	None
gene-F5B20DRAFT_575516	rna-gnl|WGS:JAJKKE|F5B20DRAFT_mRNA575516	PF02036.23	Partial	None
gene-F5B20DRAFT_520799	rna-gnl|WGS:JAJKKE|F5B20DRAFT_mRNA520799	PF01564.24,PF17284.8	Partial	None
gene-F5B20DRAFT_575519	rna-gnl|WGS:JAJKKE|F5B20DRAFT_mRNA575519	PF00025.28,PF00503.27	Partial	None
gene-F5B20DRAFT_129049	rna-gnl|WGS:JAJKKE|F5B20DRAFT_mRNA129049	PF00933.28,PF01915.28,PF14310.13	Complete	None
gene-F5B20DRAFT_129248	rna-gnl|WGS:JAJKKE|F5B20DRAFT_mRNA129248	PF00172.24,PF04082.24	Partial	None
gene-F5B20DRAFT_129172	rna-gnl|WGS:JAJKKE|F5B20DRAFT_mRNA129172		None	None
gene-F5B20DRAFT_575523	rna-gnl|WGS:JAJKKE|F5B20DRAFT_mRNA575523	PF03443.21	Partial	None
gene-F5B20DRAFT_520830	rna-gnl|WGS:JAJKKE|F5B20DRAFT_mRNA520830	PF00795.28	Partial	None
gene-F5B20DRAFT_520832	rna-gnl|WGS:JAJKKE|F5B20DRAFT_mRNA520832	PF06041.18	Partial	None
gene-F5B20DRAFT_575526	rna-gnl|WGS:JAJKKE|F5B20DRAFT_mRNA575526	PF01814.29	Partial	None
gene-F5B20DRAFT_129388	rna-gnl|WGS:JAJKKE|F5B20DRAFT_mRNA129388		None	None
gene-F5B20DRAFT_520842	rna-gnl|WGS:JAJKKE|F5B20DRAFT_mRNA520842	PF01590.33,PF13185.13	Partial	None
gene-F5B20DRAFT_129501	rna-gnl|WGS:JAJKKE|F5B20DRAFT_mRNA129501	PF00018.35,PF00018.35,PF00130.29,PF00611.29,PF14604.13	Complete	None
gene-F5B20DRAFT_129505	rna-gnl|WGS:JAJKKE|F5B20DRAFT_mRNA129505	PF00270.36,PF00271.38,PF04851.22	Complete	None
gene-F5B20DRAFT_129607	rna-gnl|WGS:JAJKKE|F5B20DRAFT_mRNA129607		None	None
gene-F5B20DRAFT_520851	rna-gnl|WGS:JAJKKE|F5B20DRAFT_mRNA520851		None	None
gene-F5B20DRAFT_129546	rna-gnl|WGS:JAJKKE|F5B20DRAFT_mRNA129546		None	None
gene-F5B20DRAFT_129579	rna-gnl|WGS:JAJKKE|F5B20DRAFT_mRNA129579	PF09495.16	Partial	None
gene-F5B20DRAFT_129655	rna-gnl|WGS:JAJKKE|F5B20DRAFT_mRNA129655	PF00282.26	Partial	None
gene-F5B20DRAFT_520873	rna-gnl|WGS:JAJKKE|F5B20DRAFT_mRNA520873		None	None
gene-F5B20DRAFT_520877	rna-gnl|WGS:JAJKKE|F5B20DRAFT_mRNA520877	PF13489.13,PF13649.13	Partial	None
gene-F5B20DRAFT_520883	rna-gnl|WGS:JAJKKE|F5B20DRAFT_mRNA520883	PF06985.18,PF26639.1	Complete	None
gene-F5B20DRAFT_129781	rna-gnl|WGS:JAJKKE|F5B20DRAFT_mRNA129781	PF01412.24	Partial	None
gene-F5B20DRAFT_575536	rna-gnl|WGS:JAJKKE|F5B20DRAFT_mRNA575536	PF05686.19	Partial	None
gene-F5B20DRAFT_520893	rna-gnl|WGS:JAJKKE|F5B20DRAFT_mRNA520893		None	None
gene-F5B20DRAFT_129883	rna-gnl|WGS:JAJKKE|F5B20DRAFT_mRNA129883		None	None
gene-F5B20DRAFT_520896	rna-gnl|WGS:JAJKKE|F5B20DRAFT_mRNA520896		None	None
gene-F5B20DRAFT_567791	rna-gnl|WGS:JAJKKE|F5B20DRAFT_mRNA567791	PF00122.26,PF00689.27,PF00690.32,PF00702.33,PF08282.19,PF13246.13	Complete	None
gene-F5B20DRAFT_575540	rna-gnl|WGS:JAJKKE|F5B20DRAFT_mRNA575540		None	None
gene-F5B20DRAFT_129934	rna-gnl|WGS:JAJKKE|F5B20DRAFT_mRNA129934	PF00170.27,PF07716.21	Complete	None
gene-F5B20DRAFT_575542	rna-gnl|WGS:JAJKKE|F5B20DRAFT_mRNA575542		None	None
gene-F5B20DRAFT_130048	rna-gnl|WGS:JAJKKE|F5B20DRAFT_mRNA130048	PF00501.35,PF13193.13	Complete	None
gene-F5B20DRAFT_520926	rna-gnl|WGS:JAJKKE|F5B20DRAFT_mRNA520926	PF00067.28	Partial	None
gene-F5B20DRAFT_520929	rna-gnl|WGS:JAJKKE|F5B20DRAFT_mRNA520929	PF05241.18	Partial	None
gene-F5B20DRAFT_520934	rna-gnl|WGS:JAJKKE|F5B20DRAFT_mRNA520934	PF00441.30,PF02771.22	Complete	None
gene-F5B20DRAFT_567796	rna-gnl|WGS:JAJKKE|F5B20DRAFT_mRNA567796	PF01231.24	Partial	None
gene-F5B20DRAFT_567797	rna-gnl|WGS:JAJKKE|F5B20DRAFT_mRNA567797	PF20684.4	Partial	None
gene-F5B20DRAFT_589863	rna-gnl|WGS:JAJKKE|F5B20DRAFT_mRNA589863	PF00106.32,PF01370.28,PF08659.17,PF13561.13	Partial	None
gene-F5B20DRAFT_575551	rna-gnl|WGS:JAJKKE|F5B20DRAFT_mRNA575551		None	None
gene-F5B20DRAFT_575552	rna-gnl|WGS:JAJKKE|F5B20DRAFT_mRNA575552	PF06089.18	Partial	None
gene-F5B20DRAFT_520941	rna-gnl|WGS:JAJKKE|F5B20DRAFT_mRNA520941		None	None
gene-F5B20DRAFT_520942	rna-gnl|WGS:JAJKKE|F5B20DRAFT_mRNA520942		None	None
gene-F5B20DRAFT_575553	rna-gnl|WGS:JAJKKE|F5B20DRAFT_mRNA575553		None	None
gene-F5B20DRAFT_575554	rna-gnl|WGS:JAJKKE|F5B20DRAFT_mRNA575554	PF09362.16	Partial	None
gene-F5B20DRAFT_130270	rna-gnl|WGS:JAJKKE|F5B20DRAFT_mRNA130270	PF07534.23	Complete	None
gene-F5B20DRAFT_130300	rna-gnl|WGS:JAJKKE|F5B20DRAFT_mRNA130300		None	None
gene-F5B20DRAFT_520953	rna-gnl|WGS:JAJKKE|F5B20DRAFT_mRNA520953	PF01658.23,PF07994.19	Complete	None
gene-F5B20DRAFT_130348	rna-gnl|WGS:JAJKKE|F5B20DRAFT_mRNA130348	PF00412.29,PF00412.29	Complete	None
gene-F5B20DRAFT_130384	rna-gnl|WGS:JAJKKE|F5B20DRAFT_mRNA130384	PF11885.14	Partial	None
gene-F5B20DRAFT_575561	rna-gnl|WGS:JAJKKE|F5B20DRAFT_mRNA575561	PF00891.25	Partial	None
gene-F5B20DRAFT_567808	rna-gnl|WGS:JAJKKE|F5B20DRAFT_mRNA567808	PF00067.28	Partial	None
gene-F5B20DRAFT_575563	rna-gnl|WGS:JAJKKE|F5B20DRAFT_mRNA575563		None	None
gene-F5B20DRAFT_589869	rna-gnl|WGS:JAJKKE|F5B20DRAFT_mRNA589869	PF00931.29,PF13374.13,PF13424.13	Complete	None
gene-F5B20DRAFT_130644	rna-gnl|WGS:JAJKKE|F5B20DRAFT_mRNA130644	PF20246.4	Partial	None
gene-F5B20DRAFT_575566	rna-gnl|WGS:JAJKKE|F5B20DRAFT_mRNA575566		None	None
gene-F5B20DRAFT_589871	rna-gnl|WGS:JAJKKE|F5B20DRAFT_mRNA589871	PF07993.19,PF28827.1	Complete	None
gene-F5B20DRAFT_130754	rna-gnl|WGS:JAJKKE|F5B20DRAFT_mRNA130754	PF00120.30,PF04909.21	Partial	None
gene-F5B20DRAFT_130773	rna-gnl|WGS:JAJKKE|F5B20DRAFT_mRNA130773	PF00076.29	Complete	None
gene-F5B20DRAFT_130813	rna-gnl|WGS:JAJKKE|F5B20DRAFT_mRNA130813		None	None
gene-F5B20DRAFT_521008	rna-gnl|WGS:JAJKKE|F5B20DRAFT_mRNA521008		None	None
gene-F5B20DRAFT_521010	rna-gnl|WGS:JAJKKE|F5B20DRAFT_mRNA521010	PF04707.21	Partial	None
gene-F5B20DRAFT_521015	rna-gnl|WGS:JAJKKE|F5B20DRAFT_mRNA521015	PF00557.30	Partial	None
gene-F5B20DRAFT_575574	rna-gnl|WGS:JAJKKE|F5B20DRAFT_mRNA575574		None	None
gene-F5B20DRAFT_575575	rna-gnl|WGS:JAJKKE|F5B20DRAFT_mRNA575575		None	None
gene-F5B20DRAFT_575576	rna-gnl|WGS:JAJKKE|F5B20DRAFT_mRNA575576	PF00651.38,PF02214.29	Partial	None
gene-F5B20DRAFT_589879	rna-gnl|WGS:JAJKKE|F5B20DRAFT_mRNA589879	PF30690.1	Partial	None
gene-F5B20DRAFT_521019	rna-gnl|WGS:JAJKKE|F5B20DRAFT_mRNA521019	PF00400.39,PF00400.39,PF00400.39,PF00400.39	Complete	None
gene-F5B20DRAFT_567816	rna-gnl|WGS:JAJKKE|F5B20DRAFT_mRNA567816		None	None
gene-F5B20DRAFT_521024	rna-gnl|WGS:JAJKKE|F5B20DRAFT_mRNA521024	PF00091.32,PF03953.23,PF10644.16	Complete	None
gene-F5B20DRAFT_521025	rna-gnl|WGS:JAJKKE|F5B20DRAFT_mRNA521025		None	None
gene-F5B20DRAFT_589885	rna-gnl|WGS:JAJKKE|F5B20DRAFT_mRNA589885		None	None
gene-F5B20DRAFT_521027	rna-gnl|WGS:JAJKKE|F5B20DRAFT_mRNA521027	PF01636.30	Partial	None
gene-F5B20DRAFT_130962	rna-gnl|WGS:JAJKKE|F5B20DRAFT_mRNA130962	PF08559.16	Partial	None
gene-F5B20DRAFT_575585	rna-gnl|WGS:JAJKKE|F5B20DRAFT_mRNA575585		None	None
gene-F5B20DRAFT_521036	rna-gnl|WGS:JAJKKE|F5B20DRAFT_mRNA521036	PF04098.22	Partial	None
gene-F5B20DRAFT_131015	rna-gnl|WGS:JAJKKE|F5B20DRAFT_mRNA131015	PF00023.37,PF00023.37,PF00023.37,PF05729.19,PF12796.14,PF12796.14,PF12796.14,PF12796.14,PF13401.13,PF13606.13,PF13606.13,PF13637.13,PF13637.13,PF24883.3	Complete	None
gene-F5B20DRAFT_131006	rna-gnl|WGS:JAJKKE|F5B20DRAFT_mRNA131006	PF00756.27	Partial	None
gene-F5B20DRAFT_521045	rna-gnl|WGS:JAJKKE|F5B20DRAFT_mRNA521045	PF01544.24	Partial	None
gene-F5B20DRAFT_521066	rna-gnl|WGS:JAJKKE|F5B20DRAFT_mRNA521066	PF03109.23	Partial	None
gene-F5B20DRAFT_131108	rna-gnl|WGS:JAJKKE|F5B20DRAFT_mRNA131108		None	None
gene-F5B20DRAFT_131105	rna-gnl|WGS:JAJKKE|F5B20DRAFT_mRNA131105	PF04614.18	Partial	None
gene-F5B20DRAFT_521069	rna-gnl|WGS:JAJKKE|F5B20DRAFT_mRNA521069	PF00179.32	Partial	None
gene-F5B20DRAFT_131139	rna-gnl|WGS:JAJKKE|F5B20DRAFT_mRNA131139	PF00733.28,PF00733.28,PF12481.14,PF13522.13,PF13537.12	Partial	None
gene-F5B20DRAFT_131177	rna-gnl|WGS:JAJKKE|F5B20DRAFT_mRNA131177	PF01459.29,PF01459.29	Partial	None
gene-F5B20DRAFT_521100	rna-gnl|WGS:JAJKKE|F5B20DRAFT_mRNA521100	PF00226.37	Partial	None
gene-F5B20DRAFT_575596	rna-gnl|WGS:JAJKKE|F5B20DRAFT_mRNA575596		None	None
gene-F5B20DRAFT_521105	rna-gnl|WGS:JAJKKE|F5B20DRAFT_mRNA521105	PF05686.19	Complete	None
gene-F5B20DRAFT_575598	rna-gnl|WGS:JAJKKE|F5B20DRAFT_mRNA575598		None	None
gene-F5B20DRAFT_521116	rna-gnl|WGS:JAJKKE|F5B20DRAFT_mRNA521116		None	None
gene-F5B20DRAFT_131458	rna-gnl|WGS:JAJKKE|F5B20DRAFT_mRNA131458		None	None
gene-F5B20DRAFT_575600	rna-gnl|WGS:JAJKKE|F5B20DRAFT_mRNA575600		None	None
gene-F5B20DRAFT_575601	rna-gnl|WGS:JAJKKE|F5B20DRAFT_mRNA575601	PF00656.28	Partial	None
gene-F5B20DRAFT_521122	rna-gnl|WGS:JAJKKE|F5B20DRAFT_mRNA521122	PF00023.37,PF00023.37,PF00023.37,PF00069.32,PF07714.24,PF12796.14,PF12796.14,PF13606.13	Complete	None
gene-F5B20DRAFT_575603	rna-gnl|WGS:JAJKKE|F5B20DRAFT_mRNA575603		None	None
gene-F5B20DRAFT_131510	rna-gnl|WGS:JAJKKE|F5B20DRAFT_mRNA131510	PF10516.16	Complete	None
gene-F5B20DRAFT_521136	rna-gnl|WGS:JAJKKE|F5B20DRAFT_mRNA521136	PF03381.21	Partial	None
gene-F5B20DRAFT_589912	rna-gnl|WGS:JAJKKE|F5B20DRAFT_mRNA589912		None	None
gene-F5B20DRAFT_575607	rna-gnl|WGS:JAJKKE|F5B20DRAFT_mRNA575607	PF00111.33,PF03473.24	Complete	None
gene-F5B20DRAFT_575608	rna-gnl|WGS:JAJKKE|F5B20DRAFT_mRNA575608		None	None
gene-F5B20DRAFT_521141	rna-gnl|WGS:JAJKKE|F5B20DRAFT_mRNA521141	PF03747.21	Partial	None
gene-F5B20DRAFT_521143	rna-gnl|WGS:JAJKKE|F5B20DRAFT_mRNA521143	PF00732.26,PF05199.20,PF05834.19,PF13450.13	Complete	None
gene-F5B20DRAFT_521147	rna-gnl|WGS:JAJKKE|F5B20DRAFT_mRNA521147	PF07690.22	Partial	None
gene-F5B20DRAFT_521148	rna-gnl|WGS:JAJKKE|F5B20DRAFT_mRNA521148	PF12923.13,PF17799.8	Partial	None
gene-F5B20DRAFT_131714	rna-gnl|WGS:JAJKKE|F5B20DRAFT_mRNA131714	PF00072.31,PF00512.32,PF02518.32	Complete	None
gene-F5B20DRAFT_521159	rna-gnl|WGS:JAJKKE|F5B20DRAFT_mRNA521159	PF02627.27	Partial	None
gene-F5B20DRAFT_567838	rna-gnl|WGS:JAJKKE|F5B20DRAFT_mRNA567838		None	None
gene-F5B20DRAFT_131691	rna-gnl|WGS:JAJKKE|F5B20DRAFT_mRNA131691		None	None
gene-F5B20DRAFT_131692	rna-gnl|WGS:JAJKKE|F5B20DRAFT_mRNA131692	PF00248.28	Partial	None
gene-F5B20DRAFT_567841	rna-gnl|WGS:JAJKKE|F5B20DRAFT_mRNA567841	PF01217.27,PF09174.16	Partial	None
gene-F5B20DRAFT_521172	rna-gnl|WGS:JAJKKE|F5B20DRAFT_mRNA521172	PF00557.30,PF08512.19,PF08644.18,PF14826.13,PF21091.3,PF24824.2	Complete	None
gene-F5B20DRAFT_575623	rna-gnl|WGS:JAJKKE|F5B20DRAFT_mRNA575623	PF06687.18	Partial	None
gene-F5B20DRAFT_575624	rna-gnl|WGS:JAJKKE|F5B20DRAFT_mRNA575624		None	None
gene-F5B20DRAFT_132080	rna-gnl|WGS:JAJKKE|F5B20DRAFT_mRNA132080		None	None
gene-F5B20DRAFT_589917	rna-gnl|WGS:JAJKKE|F5B20DRAFT_mRNA589917	PF28419.1	Complete	None
gene-F5B20DRAFT_132085	rna-gnl|WGS:JAJKKE|F5B20DRAFT_mRNA132085		None	None
gene-F5B20DRAFT_575627	rna-gnl|WGS:JAJKKE|F5B20DRAFT_mRNA575627		None	None
gene-F5B20DRAFT_132151	rna-gnl|WGS:JAJKKE|F5B20DRAFT_mRNA132151		None	None
gene-F5B20DRAFT_521194	rna-gnl|WGS:JAJKKE|F5B20DRAFT_mRNA521194	PF00743.26,PF07992.21,PF13434.13,PF13450.13,PF13738.13	Partial	None
gene-F5B20DRAFT_521195	rna-gnl|WGS:JAJKKE|F5B20DRAFT_mRNA521195	PF00144.30	Partial	None
gene-F5B20DRAFT_132211	rna-gnl|WGS:JAJKKE|F5B20DRAFT_mRNA132211		None	None
gene-F5B20DRAFT_521197	rna-gnl|WGS:JAJKKE|F5B20DRAFT_mRNA521197		None	None
gene-F5B20DRAFT_567849	rna-gnl|WGS:JAJKKE|F5B20DRAFT_mRNA567849	PF20163.5,PF28510.1	Partial	None
gene-F5B20DRAFT_132231	rna-gnl|WGS:JAJKKE|F5B20DRAFT_mRNA132231	PF00172.24	Partial	None
gene-F5B20DRAFT_567851	rna-gnl|WGS:JAJKKE|F5B20DRAFT_mRNA567851	PF01979.27,PF07969.18	Partial	None
gene-F5B20DRAFT_589931	rna-gnl|WGS:JAJKKE|F5B20DRAFT_mRNA589931	PF13489.13	Partial	None
gene-F5B20DRAFT_521206	rna-gnl|WGS:JAJKKE|F5B20DRAFT_mRNA521206	PF29247.1	Partial	None
gene-F5B20DRAFT_t7	gene-F5B20DRAFT_t7		None	None
gene-F5B20DRAFT_521211	rna-gnl|WGS:JAJKKE|F5B20DRAFT_mRNA521211	PF14204.12,PF17144.10	Complete	None
gene-F5B20DRAFT_132392	rna-gnl|WGS:JAJKKE|F5B20DRAFT_mRNA132392		None	None
gene-F5B20DRAFT_132399	rna-gnl|WGS:JAJKKE|F5B20DRAFT_mRNA132399	PF00383.30,PF14437.13	Partial	None
gene-F5B20DRAFT_132461	rna-gnl|WGS:JAJKKE|F5B20DRAFT_mRNA132461	PF11913.14	Partial	None
gene-F5B20DRAFT_575643	rna-gnl|WGS:JAJKKE|F5B20DRAFT_mRNA575643	PF00394.29,PF07731.21,PF07732.22	Complete	None
gene-F5B20DRAFT_521236	rna-gnl|WGS:JAJKKE|F5B20DRAFT_mRNA521236	PF00083.31,PF07690.22	Partial	None
gene-F5B20DRAFT_575647	rna-gnl|WGS:JAJKKE|F5B20DRAFT_mRNA575647	PF00176.30,PF00271.38,PF04851.22	Complete	None
gene-F5B20DRAFT_521247	rna-gnl|WGS:JAJKKE|F5B20DRAFT_mRNA521247	PF04106.19,PF20637.3,PF20638.4	Complete	None
gene-F5B20DRAFT_132713	rna-gnl|WGS:JAJKKE|F5B20DRAFT_mRNA132713	PF00172.24	Complete	None
gene-F5B20DRAFT_132900	rna-gnl|WGS:JAJKKE|F5B20DRAFT_mRNA132900		None	None
gene-F5B20DRAFT_132847	rna-gnl|WGS:JAJKKE|F5B20DRAFT_mRNA132847		None	None
gene-F5B20DRAFT_521281	rna-gnl|WGS:JAJKKE|F5B20DRAFT_mRNA521281	PF00400.39,PF00400.39,PF00400.39,PF00400.39	Complete	None
gene-F5B20DRAFT_133038	rna-gnl|WGS:JAJKKE|F5B20DRAFT_mRNA133038		None	None
gene-F5B20DRAFT_521286	rna-gnl|WGS:JAJKKE|F5B20DRAFT_mRNA521286	PF03357.27	Partial	None
gene-F5B20DRAFT_575655	rna-gnl|WGS:JAJKKE|F5B20DRAFT_mRNA575655	PF31052.1	Partial	None
gene-F5B20DRAFT_589950	rna-gnl|WGS:JAJKKE|F5B20DRAFT_mRNA589950	PF01753.25,PF14737.12	Complete	None
gene-F5B20DRAFT_521310	rna-gnl|WGS:JAJKKE|F5B20DRAFT_mRNA521310	PF01284.29	Partial	None
gene-F5B20DRAFT_t8	gene-F5B20DRAFT_t8		None	None
gene-F5B20DRAFT_133304	rna-gnl|WGS:JAJKKE|F5B20DRAFT_mRNA133304		None	None
gene-F5B20DRAFT_589954	rna-gnl|WGS:JAJKKE|F5B20DRAFT_mRNA589954	PF01209.25,PF08241.19,PF13489.13,PF13649.13	Partial	None
gene-F5B20DRAFT_521316	rna-gnl|WGS:JAJKKE|F5B20DRAFT_mRNA521316	PF00226.37,PF00684.26,PF01556.24	Complete	None
gene-F5B20DRAFT_521320	rna-gnl|WGS:JAJKKE|F5B20DRAFT_mRNA521320	PF03992.23	Partial	None
gene-F5B20DRAFT_133385	rna-gnl|WGS:JAJKKE|F5B20DRAFT_mRNA133385	PF00724.27	Partial	None
gene-F5B20DRAFT_521326	rna-gnl|WGS:JAJKKE|F5B20DRAFT_mRNA521326	PF05730.17	Partial	None
gene-F5B20DRAFT_133394	rna-gnl|WGS:JAJKKE|F5B20DRAFT_mRNA133394	PF13279.13	Partial	None
gene-F5B20DRAFT_575666	rna-gnl|WGS:JAJKKE|F5B20DRAFT_mRNA575666	PF00069.32,PF26082.1	Complete	None
gene-F5B20DRAFT_133460	rna-gnl|WGS:JAJKKE|F5B20DRAFT_mRNA133460	PF00082.28,PF24476.2	Complete	None
gene-F5B20DRAFT_133472	rna-gnl|WGS:JAJKKE|F5B20DRAFT_mRNA133472		None	None
gene-F5B20DRAFT_133510	rna-gnl|WGS:JAJKKE|F5B20DRAFT_mRNA133510	PF00583.32,PF13508.14,PF13673.14	Partial	None
gene-F5B20DRAFT_589958	rna-gnl|WGS:JAJKKE|F5B20DRAFT_mRNA589958		None	None
gene-F5B20DRAFT_133520	rna-gnl|WGS:JAJKKE|F5B20DRAFT_mRNA133520	PF00023.37	Complete	None
gene-F5B20DRAFT_133543	rna-gnl|WGS:JAJKKE|F5B20DRAFT_mRNA133543	PF24802.2	Partial	None
gene-F5B20DRAFT_575674	rna-gnl|WGS:JAJKKE|F5B20DRAFT_mRNA575674		None	None
gene-F5B20DRAFT_521350	rna-gnl|WGS:JAJKKE|F5B20DRAFT_mRNA521350	PF01284.29	Partial	None
gene-F5B20DRAFT_575676	rna-gnl|WGS:JAJKKE|F5B20DRAFT_mRNA575676	PF06916.19	Partial	None
gene-F5B20DRAFT_521360	rna-gnl|WGS:JAJKKE|F5B20DRAFT_mRNA521360		None	None
gene-F5B20DRAFT_521365	rna-gnl|WGS:JAJKKE|F5B20DRAFT_mRNA521365		None	None
gene-F5B20DRAFT_133602	rna-gnl|WGS:JAJKKE|F5B20DRAFT_mRNA133602	PF00657.29,PF13472.13,PF14606.13	Partial	None
gene-F5B20DRAFT_575679	rna-gnl|WGS:JAJKKE|F5B20DRAFT_mRNA575679		None	None
gene-F5B20DRAFT_134291	rna-gnl|WGS:JAJKKE|F5B20DRAFT_mRNA134291	PF00583.32,PF13673.14	Partial	None
gene-F5B20DRAFT_134269	rna-gnl|WGS:JAJKKE|F5B20DRAFT_mRNA134269		None	None
gene-F5B20DRAFT_134121	rna-gnl|WGS:JAJKKE|F5B20DRAFT_mRNA134121	PF03232.20	Partial	None
gene-F5B20DRAFT_521379	rna-gnl|WGS:JAJKKE|F5B20DRAFT_mRNA521379	PF03126.24	Complete	None
gene-F5B20DRAFT_521382	rna-gnl|WGS:JAJKKE|F5B20DRAFT_mRNA521382	PF00724.27	Partial	None
gene-F5B20DRAFT_567879	rna-gnl|WGS:JAJKKE|F5B20DRAFT_mRNA567879	PF00172.24,PF04082.24	Partial	None
gene-F5B20DRAFT_521390	rna-gnl|WGS:JAJKKE|F5B20DRAFT_mRNA521390	PF00070.34,PF00355.33,PF07992.21	Complete	None
gene-F5B20DRAFT_521391	rna-gnl|WGS:JAJKKE|F5B20DRAFT_mRNA521391		None	None
gene-F5B20DRAFT_134814	rna-gnl|WGS:JAJKKE|F5B20DRAFT_mRNA134814		None	None
gene-F5B20DRAFT_134822	rna-gnl|WGS:JAJKKE|F5B20DRAFT_mRNA134822	PF00614.30,PF00614.30,PF13091.13	Complete	None
gene-F5B20DRAFT_575688	rna-gnl|WGS:JAJKKE|F5B20DRAFT_mRNA575688		None	None
gene-F5B20DRAFT_567883	rna-gnl|WGS:JAJKKE|F5B20DRAFT_mRNA567883	PF07690.22	Partial	None
gene-F5B20DRAFT_575690	rna-gnl|WGS:JAJKKE|F5B20DRAFT_mRNA575690		None	None
gene-F5B20DRAFT_521410	rna-gnl|WGS:JAJKKE|F5B20DRAFT_mRNA521410	PF20684.4	Partial	None
gene-F5B20DRAFT_521411	rna-gnl|WGS:JAJKKE|F5B20DRAFT_mRNA521411	PF03188.22,PF10348.15,PF16010.11	Complete	None
gene-F5B20DRAFT_t10	gene-F5B20DRAFT_t10		None	None
gene-F5B20DRAFT_134970	rna-gnl|WGS:JAJKKE|F5B20DRAFT_mRNA134970	PF00388.26,PF26146.1	Partial	None
gene-F5B20DRAFT_575694	rna-gnl|WGS:JAJKKE|F5B20DRAFT_mRNA575694		None	None
gene-F5B20DRAFT_135364	rna-gnl|WGS:JAJKKE|F5B20DRAFT_mRNA135364	PF00849.28	Partial	None
gene-F5B20DRAFT_521446	rna-gnl|WGS:JAJKKE|F5B20DRAFT_mRNA521446	PF01408.29,PF02894.23,PF22725.2	Partial	None
gene-F5B20DRAFT_521448	rna-gnl|WGS:JAJKKE|F5B20DRAFT_mRNA521448		None	None
gene-F5B20DRAFT_135477	rna-gnl|WGS:JAJKKE|F5B20DRAFT_mRNA135477	PF00023.37,PF00023.37,PF00023.37,PF00023.37,PF00023.37,PF12796.14,PF12796.14,PF12796.14,PF12796.14,PF12796.14,PF13606.13,PF13606.13,PF13606.13,PF13637.13,PF13857.13	Complete	None
gene-F5B20DRAFT_589995	rna-gnl|WGS:JAJKKE|F5B20DRAFT_mRNA589995		None	None
gene-F5B20DRAFT_135517	rna-gnl|WGS:JAJKKE|F5B20DRAFT_mRNA135517	PF04828.23	Partial	None
gene-F5B20DRAFT_521464	rna-gnl|WGS:JAJKKE|F5B20DRAFT_mRNA521464	PF07103.17	Partial	None
gene-F5B20DRAFT_521467	rna-gnl|WGS:JAJKKE|F5B20DRAFT_mRNA521467	PF01381.29,PF08523.16	Partial	None
gene-F5B20DRAFT_135877	rna-gnl|WGS:JAJKKE|F5B20DRAFT_mRNA135877	PF16679.12,PF26121.2	Complete	None
gene-F5B20DRAFT_575704	rna-gnl|WGS:JAJKKE|F5B20DRAFT_mRNA575704		None	None
gene-F5B20DRAFT_567893	rna-gnl|WGS:JAJKKE|F5B20DRAFT_mRNA567893	PF02133.22	Partial	None
gene-F5B20DRAFT_575706	rna-gnl|WGS:JAJKKE|F5B20DRAFT_mRNA575706	PF13409.13,PF13417.13,PF25907.1	Partial	None
gene-F5B20DRAFT_521510	rna-gnl|WGS:JAJKKE|F5B20DRAFT_mRNA521510	PF00170.27,PF07716.21,PF11785.14,PF11786.14,PF11787.14	Complete	None
gene-F5B20DRAFT_136222	rna-gnl|WGS:JAJKKE|F5B20DRAFT_mRNA136222	PF08202.17	Partial	None
gene-F5B20DRAFT_136257	rna-gnl|WGS:JAJKKE|F5B20DRAFT_mRNA136257	PF03937.22	Partial	None
gene-F5B20DRAFT_136266	rna-gnl|WGS:JAJKKE|F5B20DRAFT_mRNA136266	PF01105.30	Partial	None
gene-F5B20DRAFT_136247	rna-gnl|WGS:JAJKKE|F5B20DRAFT_mRNA136247	PF06220.19	Partial	None
gene-F5B20DRAFT_567897	rna-gnl|WGS:JAJKKE|F5B20DRAFT_mRNA567897		None	None
gene-F5B20DRAFT_567898	rna-gnl|WGS:JAJKKE|F5B20DRAFT_mRNA567898	PF00491.27	Partial	None
gene-F5B20DRAFT_590004	rna-gnl|WGS:JAJKKE|F5B20DRAFT_mRNA590004		None	None
gene-F5B20DRAFT_521534	rna-gnl|WGS:JAJKKE|F5B20DRAFT_mRNA521534		None	None
gene-F5B20DRAFT_590006	rna-gnl|WGS:JAJKKE|F5B20DRAFT_mRNA590006		None	None
gene-F5B20DRAFT_521541	rna-gnl|WGS:JAJKKE|F5B20DRAFT_mRNA521541	PF00588.25,PF08032.18	Complete	None
gene-F5B20DRAFT_521545	rna-gnl|WGS:JAJKKE|F5B20DRAFT_mRNA521545	PF00176.30,PF00271.38,PF04851.22,PF11496.15,PF15446.13,PF23614.2,PF23615.2	Complete	None
gene-F5B20DRAFT_590012	rna-gnl|WGS:JAJKKE|F5B20DRAFT_mRNA590012		None	None
gene-F5B20DRAFT_575720	rna-gnl|WGS:JAJKKE|F5B20DRAFT_mRNA575720	PF04909.21	Partial	None
gene-F5B20DRAFT_521555	rna-gnl|WGS:JAJKKE|F5B20DRAFT_mRNA521555		None	None
gene-F5B20DRAFT_136672	rna-gnl|WGS:JAJKKE|F5B20DRAFT_mRNA136672	PF24883.3	Partial	None
gene-F5B20DRAFT_136675	rna-gnl|WGS:JAJKKE|F5B20DRAFT_mRNA136675		None	None
gene-F5B20DRAFT_567902	rna-gnl|WGS:JAJKKE|F5B20DRAFT_mRNA567902		None	None
gene-F5B20DRAFT_521566	rna-gnl|WGS:JAJKKE|F5B20DRAFT_mRNA521566	PF00252.25	Partial	None
gene-F5B20DRAFT_567904	rna-gnl|WGS:JAJKKE|F5B20DRAFT_mRNA567904	PF01248.32	Partial	None
gene-F5B20DRAFT_575726	rna-gnl|WGS:JAJKKE|F5B20DRAFT_mRNA575726		None	None
gene-F5B20DRAFT_575727	rna-gnl|WGS:JAJKKE|F5B20DRAFT_mRNA575727		None	None
gene-F5B20DRAFT_137175	rna-gnl|WGS:JAJKKE|F5B20DRAFT_mRNA137175	PF12751.14,PF12751.14	Partial	None
gene-F5B20DRAFT_137203	rna-gnl|WGS:JAJKKE|F5B20DRAFT_mRNA137203	PF07714.24	Partial	None
gene-F5B20DRAFT_521586	rna-gnl|WGS:JAJKKE|F5B20DRAFT_mRNA521586	PF24476.2	Partial	None
gene-F5B20DRAFT_521594	rna-gnl|WGS:JAJKKE|F5B20DRAFT_mRNA521594		None	None
gene-F5B20DRAFT_575732	rna-gnl|WGS:JAJKKE|F5B20DRAFT_mRNA575732	PF06424.18,PF13181.13,PF13428.13,PF13428.13,PF13432.13,PF13432.13,PF14559.13,PF29376.1	Complete	None
gene-F5B20DRAFT_521600	rna-gnl|WGS:JAJKKE|F5B20DRAFT_mRNA521600	PF00398.27,PF01135.26,PF08241.19,PF13649.13	Partial	None
gene-F5B20DRAFT_521602	rna-gnl|WGS:JAJKKE|F5B20DRAFT_mRNA521602		None	None
gene-F5B20DRAFT_137483	rna-gnl|WGS:JAJKKE|F5B20DRAFT_mRNA137483		None	None
gene-F5B20DRAFT_137495	rna-gnl|WGS:JAJKKE|F5B20DRAFT_mRNA137495		None	None
gene-F5B20DRAFT_137567	rna-gnl|WGS:JAJKKE|F5B20DRAFT_mRNA137567	PF01546.34,PF07687.20	Complete	None
gene-F5B20DRAFT_137555	rna-gnl|WGS:JAJKKE|F5B20DRAFT_mRNA137555		None	None
gene-F5B20DRAFT_521613	rna-gnl|WGS:JAJKKE|F5B20DRAFT_mRNA521613	PF00481.27	Partial	None
gene-F5B20DRAFT_137662	rna-gnl|WGS:JAJKKE|F5B20DRAFT_mRNA137662	PF05345.19,PF05345.19,PF05345.19	Complete	None
gene-F5B20DRAFT_590040	rna-gnl|WGS:JAJKKE|F5B20DRAFT_mRNA590040		None	None
gene-F5B20DRAFT_521635	rna-gnl|WGS:JAJKKE|F5B20DRAFT_mRNA521635	PF10294.16,PF10294.16	Partial	None
gene-F5B20DRAFT_521638	rna-gnl|WGS:JAJKKE|F5B20DRAFT_mRNA521638		None	None
gene-F5B20DRAFT_137790	rna-gnl|WGS:JAJKKE|F5B20DRAFT_mRNA137790	PF19031.7	Partial	None
gene-F5B20DRAFT_567916	rna-gnl|WGS:JAJKKE|F5B20DRAFT_mRNA567916	PF06011.18,PF14558.12	Partial	None
gene-F5B20DRAFT_137866	rna-gnl|WGS:JAJKKE|F5B20DRAFT_mRNA137866	PF11915.14,PF11915.14	Complete	None
gene-F5B20DRAFT_575747	rna-gnl|WGS:JAJKKE|F5B20DRAFT_mRNA575747	PF00071.29,PF08477.20	Partial	None
gene-F5B20DRAFT_521649	rna-gnl|WGS:JAJKKE|F5B20DRAFT_mRNA521649	PF00463.28,PF13714.13	Partial	None
gene-F5B20DRAFT_567919	rna-gnl|WGS:JAJKKE|F5B20DRAFT_mRNA567919	PF01204.25,PF07492.17,PF22422.3	Complete	None
gene-F5B20DRAFT_590043	rna-gnl|WGS:JAJKKE|F5B20DRAFT_mRNA590043	PF13632.13,PF25550.2	Complete	None
gene-F5B20DRAFT_138130	rna-gnl|WGS:JAJKKE|F5B20DRAFT_mRNA138130		None	None
gene-F5B20DRAFT_521661	rna-gnl|WGS:JAJKKE|F5B20DRAFT_mRNA521661	PF12824.14	Partial	None
gene-F5B20DRAFT_138309	rna-gnl|WGS:JAJKKE|F5B20DRAFT_mRNA138309		None	None
gene-F5B20DRAFT_138382	rna-gnl|WGS:JAJKKE|F5B20DRAFT_mRNA138382	PF00616.25	Complete	None
gene-F5B20DRAFT_138389	rna-gnl|WGS:JAJKKE|F5B20DRAFT_mRNA138389	PF00160.27	Partial	None
gene-F5B20DRAFT_575756	rna-gnl|WGS:JAJKKE|F5B20DRAFT_mRNA575756		None	None
gene-F5B20DRAFT_575757	rna-gnl|WGS:JAJKKE|F5B20DRAFT_mRNA575757	PF11374.14	Partial	None
gene-F5B20DRAFT_521704	rna-gnl|WGS:JAJKKE|F5B20DRAFT_mRNA521704	PF06101.17	Partial	None
gene-F5B20DRAFT_521706	rna-gnl|WGS:JAJKKE|F5B20DRAFT_mRNA521706	PF00083.31,PF07690.22	Partial	None
gene-F5B20DRAFT_138578	rna-gnl|WGS:JAJKKE|F5B20DRAFT_mRNA138578	PF00916.27,PF01740.27	Complete	None
gene-F5B20DRAFT_138588	rna-gnl|WGS:JAJKKE|F5B20DRAFT_mRNA138588	PF01565.29	Partial	None
gene-F5B20DRAFT_590051	rna-gnl|WGS:JAJKKE|F5B20DRAFT_mRNA590051		None	None
gene-F5B20DRAFT_575763	rna-gnl|WGS:JAJKKE|F5B20DRAFT_mRNA575763	PF05721.20	Partial	None
gene-F5B20DRAFT_521715	rna-gnl|WGS:JAJKKE|F5B20DRAFT_mRNA521715	PF05368.20,PF08659.17	Partial	None
gene-F5B20DRAFT_590055	rna-gnl|WGS:JAJKKE|F5B20DRAFT_mRNA590055	PF00106.32,PF00109.33,PF00501.35,PF00550.32,PF00550.32,PF00698.27,PF01370.28,PF02801.29,PF07993.19,PF08659.17,PF13193.13,PF16197.12,PF22336.3,PF22621.3,PF22953.4	Complete	None
gene-F5B20DRAFT_521729	rna-gnl|WGS:JAJKKE|F5B20DRAFT_mRNA521729	PF00083.31,PF07690.22	Partial	None
gene-F5B20DRAFT_138771	rna-gnl|WGS:JAJKKE|F5B20DRAFT_mRNA138771	PF04667.23	Partial	None
gene-F5B20DRAFT_575768	rna-gnl|WGS:JAJKKE|F5B20DRAFT_mRNA575768	PF03690.19	Partial	None
gene-F5B20DRAFT_521766	rna-gnl|WGS:JAJKKE|F5B20DRAFT_mRNA521766	PF14612.13,PF24244.2	Partial	None
gene-F5B20DRAFT_138712	rna-gnl|WGS:JAJKKE|F5B20DRAFT_mRNA138712	PF04252.19	Partial	None
gene-F5B20DRAFT_575771	rna-gnl|WGS:JAJKKE|F5B20DRAFT_mRNA575771	PF10419.15	Partial	None
gene-F5B20DRAFT_521773	rna-gnl|WGS:JAJKKE|F5B20DRAFT_mRNA521773	PF00117.35,PF00977.28,PF01174.26	Partial	None
gene-F5B20DRAFT_521775	rna-gnl|WGS:JAJKKE|F5B20DRAFT_mRNA521775	PF02100.24	Partial	None
gene-F5B20DRAFT_139225	rna-gnl|WGS:JAJKKE|F5B20DRAFT_mRNA139225	PF03226.22	Partial	None
gene-F5B20DRAFT_590061	rna-gnl|WGS:JAJKKE|F5B20DRAFT_mRNA590061	PF02580.23	Partial	None
gene-F5B20DRAFT_521808	rna-gnl|WGS:JAJKKE|F5B20DRAFT_mRNA521808	PF04065.21,PF04153.25	Complete	None
gene-F5B20DRAFT_567934	rna-gnl|WGS:JAJKKE|F5B20DRAFT_mRNA567934	PF07944.19,PF20736.3,PF20737.3	Complete	None
gene-F5B20DRAFT_575778	rna-gnl|WGS:JAJKKE|F5B20DRAFT_mRNA575778		None	None
gene-F5B20DRAFT_567935	rna-gnl|WGS:JAJKKE|F5B20DRAFT_mRNA567935	PF00180.26	Partial	None
gene-F5B20DRAFT_139795	rna-gnl|WGS:JAJKKE|F5B20DRAFT_mRNA139795	PF00339.35	Partial	None
gene-F5B20DRAFT_521842	rna-gnl|WGS:JAJKKE|F5B20DRAFT_mRNA521842	PF00596.28	Partial	None
gene-F5B20DRAFT_521844	rna-gnl|WGS:JAJKKE|F5B20DRAFT_mRNA521844		None	None
gene-F5B20DRAFT_139843	rna-gnl|WGS:JAJKKE|F5B20DRAFT_mRNA139843	PF20684.4	Partial	None
gene-F5B20DRAFT_139836	rna-gnl|WGS:JAJKKE|F5B20DRAFT_mRNA139836	PF00551.25	Partial	None
gene-F5B20DRAFT_139866	rna-gnl|WGS:JAJKKE|F5B20DRAFT_mRNA139866		None	None
gene-F5B20DRAFT_140000	rna-gnl|WGS:JAJKKE|F5B20DRAFT_mRNA140000	PF05093.19,PF16803.12	Complete	None
gene-F5B20DRAFT_590065	rna-gnl|WGS:JAJKKE|F5B20DRAFT_mRNA590065		None	None
gene-F5B20DRAFT_140035	rna-gnl|WGS:JAJKKE|F5B20DRAFT_mRNA140035	PF00075.31	Partial	None
gene-F5B20DRAFT_567939	rna-gnl|WGS:JAJKKE|F5B20DRAFT_mRNA567939	PF00069.32,PF07714.24,PF17667.8	Partial	None
gene-F5B20DRAFT_521872	rna-gnl|WGS:JAJKKE|F5B20DRAFT_mRNA521872	PF01105.30	Partial	None
gene-F5B20DRAFT_521873	rna-gnl|WGS:JAJKKE|F5B20DRAFT_mRNA521873	PF16282.12	Partial	None
gene-F5B20DRAFT_140214	rna-gnl|WGS:JAJKKE|F5B20DRAFT_mRNA140214	PF06985.18	Partial	None
gene-F5B20DRAFT_140237	rna-gnl|WGS:JAJKKE|F5B20DRAFT_mRNA140237		None	None
gene-F5B20DRAFT_t9	gene-F5B20DRAFT_t9		None	None
gene-F5B20DRAFT_575793	rna-gnl|WGS:JAJKKE|F5B20DRAFT_mRNA575793	PF00106.32,PF13561.13	Partial	None
gene-F5B20DRAFT_140266	rna-gnl|WGS:JAJKKE|F5B20DRAFT_mRNA140266		None	None
gene-F5B20DRAFT_521884	rna-gnl|WGS:JAJKKE|F5B20DRAFT_mRNA521884	PF06985.18,PF26639.1	Complete	None
gene-F5B20DRAFT_575797	rna-gnl|WGS:JAJKKE|F5B20DRAFT_mRNA575797		None	None
gene-F5B20DRAFT_521899	rna-gnl|WGS:JAJKKE|F5B20DRAFT_mRNA521899	PF00107.33,PF08240.18	Partial	None
gene-F5B20DRAFT_521902	rna-gnl|WGS:JAJKKE|F5B20DRAFT_mRNA521902	PF00172.24,PF04082.24	Partial	None
gene-F5B20DRAFT_521903	rna-gnl|WGS:JAJKKE|F5B20DRAFT_mRNA521903		None	None
gene-F5B20DRAFT_140521	rna-gnl|WGS:JAJKKE|F5B20DRAFT_mRNA140521		None	None
gene-F5B20DRAFT_567945	rna-gnl|WGS:JAJKKE|F5B20DRAFT_mRNA567945	PF01535.27,PF01535.27,PF13041.13,PF13812.13,PF13812.13	Complete	None
gene-F5B20DRAFT_140721	rna-gnl|WGS:JAJKKE|F5B20DRAFT_mRNA140721	PF08315.18	Partial	None
gene-F5B20DRAFT_140562	rna-gnl|WGS:JAJKKE|F5B20DRAFT_mRNA140562	PF13917.12	Partial	None
gene-F5B20DRAFT_567946	rna-gnl|WGS:JAJKKE|F5B20DRAFT_mRNA567946	PF01424.29,PF12752.13	Complete	None
gene-F5B20DRAFT_521915	rna-gnl|WGS:JAJKKE|F5B20DRAFT_mRNA521915	PF01398.27,PF13012.12	Complete	None
gene-F5B20DRAFT_575806	rna-gnl|WGS:JAJKKE|F5B20DRAFT_mRNA575806	PF06862.18,PF22916.3	Complete	None
gene-F5B20DRAFT_521917	rna-gnl|WGS:JAJKKE|F5B20DRAFT_mRNA521917	PF01196.25	Partial	None
gene-F5B20DRAFT_140752	rna-gnl|WGS:JAJKKE|F5B20DRAFT_mRNA140752	PF17050.11	Partial	None
gene-F5B20DRAFT_575810	rna-gnl|WGS:JAJKKE|F5B20DRAFT_mRNA575810		None	None
gene-F5B20DRAFT_521934	rna-gnl|WGS:JAJKKE|F5B20DRAFT_mRNA521934	PF06985.18,PF26639.1	Complete	None
gene-F5B20DRAFT_141010	rna-gnl|WGS:JAJKKE|F5B20DRAFT_mRNA141010	PF07690.22	Partial	None
gene-F5B20DRAFT_141013	rna-gnl|WGS:JAJKKE|F5B20DRAFT_mRNA141013	PF03992.23	Partial	None
gene-F5B20DRAFT_575814	rna-gnl|WGS:JAJKKE|F5B20DRAFT_mRNA575814		None	None
gene-F5B20DRAFT_141315	rna-gnl|WGS:JAJKKE|F5B20DRAFT_mRNA141315		None	None
gene-F5B20DRAFT_141266	rna-gnl|WGS:JAJKKE|F5B20DRAFT_mRNA141266	PF04061.20	Partial	None
gene-F5B20DRAFT_575817	rna-gnl|WGS:JAJKKE|F5B20DRAFT_mRNA575817	PF01135.26,PF01596.24,PF13578.13	Partial	None
gene-F5B20DRAFT_590097	rna-gnl|WGS:JAJKKE|F5B20DRAFT_mRNA590097	PF01814.29	Partial	None
gene-F5B20DRAFT_521954	rna-gnl|WGS:JAJKKE|F5B20DRAFT_mRNA521954		None	None
gene-F5B20DRAFT_208787	rna-gnl|WGS:JAJKKE|F5B20DRAFT_mRNA208787	PF06985.18	Partial	None
gene-F5B20DRAFT_591447	rna-gnl|WGS:JAJKKE|F5B20DRAFT_mRNA591447		None	None
gene-F5B20DRAFT_521963	rna-gnl|WGS:JAJKKE|F5B20DRAFT_mRNA521963		None	None
gene-F5B20DRAFT_575824	rna-gnl|WGS:JAJKKE|F5B20DRAFT_mRNA575824		None	None
gene-F5B20DRAFT_591449	rna-gnl|WGS:JAJKKE|F5B20DRAFT_mRNA591449		None	None
gene-F5B20DRAFT_591452	rna-gnl|WGS:JAJKKE|F5B20DRAFT_mRNA591452		None	None
gene-F5B20DRAFT_575828	rna-gnl|WGS:JAJKKE|F5B20DRAFT_mRNA575828	PF04479.19	Partial	None
gene-F5B20DRAFT_591462	rna-gnl|WGS:JAJKKE|F5B20DRAFT_mRNA591462		None	None
gene-F5B20DRAFT_521965	rna-gnl|WGS:JAJKKE|F5B20DRAFT_mRNA521965	PF29664.1	Partial	None
gene-F5B20DRAFT_521969	rna-gnl|WGS:JAJKKE|F5B20DRAFT_mRNA521969		None	None
gene-F5B20DRAFT_208879	rna-gnl|WGS:JAJKKE|F5B20DRAFT_mRNA208879		None	None
gene-F5B20DRAFT_521973	rna-gnl|WGS:JAJKKE|F5B20DRAFT_mRNA521973	PF03446.22,PF14833.12	Partial	None
gene-F5B20DRAFT_208935	rna-gnl|WGS:JAJKKE|F5B20DRAFT_mRNA208935	PF02627.27,PF02627.27	Complete	None
gene-F5B20DRAFT_521980	rna-gnl|WGS:JAJKKE|F5B20DRAFT_mRNA521980	PF07690.22	Partial	None
gene-F5B20DRAFT_208939	rna-gnl|WGS:JAJKKE|F5B20DRAFT_mRNA208939	PF02627.27	Partial	None
gene-F5B20DRAFT_209187	rna-gnl|WGS:JAJKKE|F5B20DRAFT_mRNA209187	PF00107.33,PF08240.18	Partial	None
gene-F5B20DRAFT_521984	rna-gnl|WGS:JAJKKE|F5B20DRAFT_mRNA521984	PF00753.34	Partial	None
gene-F5B20DRAFT_208956	rna-gnl|WGS:JAJKKE|F5B20DRAFT_mRNA208956	PF03446.22,PF14833.12	Partial	None
gene-F5B20DRAFT_521990	rna-gnl|WGS:JAJKKE|F5B20DRAFT_mRNA521990		None	None
gene-F5B20DRAFT_521999	rna-gnl|WGS:JAJKKE|F5B20DRAFT_mRNA521999	PF00083.31,PF07690.22,PF07690.22	Partial	None
gene-F5B20DRAFT_567960	rna-gnl|WGS:JAJKKE|F5B20DRAFT_mRNA567960	PF00107.33,PF00550.32,PF00698.27,PF01209.25,PF02801.29,PF08240.18,PF08241.19,PF08242.19,PF08659.17,PF13489.13,PF13602.13,PF13649.13,PF14765.13,PF16197.12,PF21089.4,PF23297.2	Complete	None
gene-F5B20DRAFT_591479	rna-gnl|WGS:JAJKKE|F5B20DRAFT_mRNA591479	PF00646.39,PF12937.13	Complete	None
gene-F5B20DRAFT_522006	rna-gnl|WGS:JAJKKE|F5B20DRAFT_mRNA522006	PF00022.27	Partial	None
gene-F5B20DRAFT_209705	rna-gnl|WGS:JAJKKE|F5B20DRAFT_mRNA209705	PF01112.24,PF01112.24	Partial	None
gene-F5B20DRAFT_209709	rna-gnl|WGS:JAJKKE|F5B20DRAFT_mRNA209709	PF03850.21	Partial	None
gene-F5B20DRAFT_591517	rna-gnl|WGS:JAJKKE|F5B20DRAFT_mRNA591517	PF11701.16	Partial	None
gene-F5B20DRAFT_522032	rna-gnl|WGS:JAJKKE|F5B20DRAFT_mRNA522032	PF01938.27,PF05958.18,PF09445.17	Complete	None
gene-F5B20DRAFT_209902	rna-gnl|WGS:JAJKKE|F5B20DRAFT_mRNA209902	PF01019.28	Partial	None
gene-F5B20DRAFT_209884	rna-gnl|WGS:JAJKKE|F5B20DRAFT_mRNA209884	PF00534.27,PF13692.13,PF15924.12	Complete	None
gene-F5B20DRAFT_209944	rna-gnl|WGS:JAJKKE|F5B20DRAFT_mRNA209944		None	None
gene-F5B20DRAFT_209882	rna-gnl|WGS:JAJKKE|F5B20DRAFT_mRNA209882	PF05739.27,PF14523.13	Complete	None
gene-F5B20DRAFT_522049	rna-gnl|WGS:JAJKKE|F5B20DRAFT_mRNA522049	PF09531.16	Partial	None
gene-F5B20DRAFT_210135	rna-gnl|WGS:JAJKKE|F5B20DRAFT_mRNA210135	PF14040.12	Partial	None
gene-F5B20DRAFT_522058	rna-gnl|WGS:JAJKKE|F5B20DRAFT_mRNA522058		None	None
gene-F5B20DRAFT_210226	rna-gnl|WGS:JAJKKE|F5B20DRAFT_mRNA210226		None	None
gene-F5B20DRAFT_522066	rna-gnl|WGS:JAJKKE|F5B20DRAFT_mRNA522066	PF03061.29	Partial	None
gene-F5B20DRAFT_210233	rna-gnl|WGS:JAJKKE|F5B20DRAFT_mRNA210233	PF00400.39,PF00400.39,PF00400.39,PF00400.39,PF08232.18	Complete	None
gene-F5B20DRAFT_522073	rna-gnl|WGS:JAJKKE|F5B20DRAFT_mRNA522073	PF00106.32,PF08659.17,PF13561.13	Partial	None
gene-F5B20DRAFT_567972	rna-gnl|WGS:JAJKKE|F5B20DRAFT_mRNA567972	PF00732.26,PF05834.19	Partial	None
gene-F5B20DRAFT_567973	rna-gnl|WGS:JAJKKE|F5B20DRAFT_mRNA567973	PF30737.1	Partial	None
gene-F5B20DRAFT_575861	rna-gnl|WGS:JAJKKE|F5B20DRAFT_mRNA575861		None	None
gene-F5B20DRAFT_575862	rna-gnl|WGS:JAJKKE|F5B20DRAFT_mRNA575862		None	None
gene-F5B20DRAFT_210357	rna-gnl|WGS:JAJKKE|F5B20DRAFT_mRNA210357	PF14856.12	Partial	None
gene-F5B20DRAFT_522087	rna-gnl|WGS:JAJKKE|F5B20DRAFT_mRNA522087	PF00270.36,PF00271.38,PF04408.30,PF07717.23,PF13401.13,PF21010.3	Complete	None
gene-F5B20DRAFT_522089	rna-gnl|WGS:JAJKKE|F5B20DRAFT_mRNA522089	PF02373.29,PF02375.24,PF13771.13,PF13832.13,PF23258.2	Complete	None
gene-F5B20DRAFT_522094	rna-gnl|WGS:JAJKKE|F5B20DRAFT_mRNA522094	PF05526.18	Partial	None
gene-F5B20DRAFT_522095	rna-gnl|WGS:JAJKKE|F5B20DRAFT_mRNA522095		None	None
gene-F5B20DRAFT_522096	rna-gnl|WGS:JAJKKE|F5B20DRAFT_mRNA522096		None	None
gene-F5B20DRAFT_210573	rna-gnl|WGS:JAJKKE|F5B20DRAFT_mRNA210573		None	None
gene-F5B20DRAFT_522137	rna-gnl|WGS:JAJKKE|F5B20DRAFT_mRNA522137	PF00646.39,PF12937.13	Partial	None
gene-F5B20DRAFT_522138	rna-gnl|WGS:JAJKKE|F5B20DRAFT_mRNA522138	PF01596.24,PF13578.13	Partial	None
gene-F5B20DRAFT_567977	rna-gnl|WGS:JAJKKE|F5B20DRAFT_mRNA567977	PF07690.22	Partial	None
gene-F5B20DRAFT_210820	rna-gnl|WGS:JAJKKE|F5B20DRAFT_mRNA210820	PF06985.18,PF26639.1	Complete	None
gene-F5B20DRAFT_522147	rna-gnl|WGS:JAJKKE|F5B20DRAFT_mRNA522147	PF08645.18,PF13671.13	Complete	None
gene-F5B20DRAFT_210649	rna-gnl|WGS:JAJKKE|F5B20DRAFT_mRNA210649	PF10937.14	Partial	None
gene-F5B20DRAFT_210765	rna-gnl|WGS:JAJKKE|F5B20DRAFT_mRNA210765		None	None
gene-F5B20DRAFT_522169	rna-gnl|WGS:JAJKKE|F5B20DRAFT_mRNA522169		None	None
gene-F5B20DRAFT_210896	rna-gnl|WGS:JAJKKE|F5B20DRAFT_mRNA210896		None	None
gene-F5B20DRAFT_210900	rna-gnl|WGS:JAJKKE|F5B20DRAFT_mRNA210900	PF27909.1,PF30624.1	Complete	None
gene-F5B20DRAFT_567981	rna-gnl|WGS:JAJKKE|F5B20DRAFT_mRNA567981	PF05460.19	Partial	None
gene-F5B20DRAFT_575881	rna-gnl|WGS:JAJKKE|F5B20DRAFT_mRNA575881		None	None
gene-F5B20DRAFT_591567	rna-gnl|WGS:JAJKKE|F5B20DRAFT_mRNA591567		None	None
gene-F5B20DRAFT_210928	rna-gnl|WGS:JAJKKE|F5B20DRAFT_mRNA210928	PF09451.17	Partial	None
gene-F5B20DRAFT_210955	rna-gnl|WGS:JAJKKE|F5B20DRAFT_mRNA210955	PF12090.14	Partial	None
gene-F5B20DRAFT_522177	rna-gnl|WGS:JAJKKE|F5B20DRAFT_mRNA522177		None	None
gene-F5B20DRAFT_575886	rna-gnl|WGS:JAJKKE|F5B20DRAFT_mRNA575886	PF24894.2,PF25084.2,PF25087.2	Complete	None
gene-F5B20DRAFT_211046	rna-gnl|WGS:JAJKKE|F5B20DRAFT_mRNA211046	PF00096.33	Complete	None
gene-F5B20DRAFT_567984	rna-gnl|WGS:JAJKKE|F5B20DRAFT_mRNA567984	PF00749.28,PF03950.24,PF20974.3	Complete	None
gene-F5B20DRAFT_211347	rna-gnl|WGS:JAJKKE|F5B20DRAFT_mRNA211347		None	None
gene-F5B20DRAFT_211135	rna-gnl|WGS:JAJKKE|F5B20DRAFT_mRNA211135	PF00106.32,PF08659.17,PF13561.13	Partial	None
gene-F5B20DRAFT_211408	rna-gnl|WGS:JAJKKE|F5B20DRAFT_mRNA211408	PF00775.28	Partial	None
gene-F5B20DRAFT_575893	rna-gnl|WGS:JAJKKE|F5B20DRAFT_mRNA575893		None	None
gene-F5B20DRAFT_211431	rna-gnl|WGS:JAJKKE|F5B20DRAFT_mRNA211431	PF00153.33,PF00153.33,PF00153.33	Complete	None
gene-F5B20DRAFT_211449	rna-gnl|WGS:JAJKKE|F5B20DRAFT_mRNA211449	PF00083.31,PF07690.22	Partial	None
gene-F5B20DRAFT_211459	rna-gnl|WGS:JAJKKE|F5B20DRAFT_mRNA211459	PF00293.35	Partial	None
gene-F5B20DRAFT_211464	rna-gnl|WGS:JAJKKE|F5B20DRAFT_mRNA211464		None	None
gene-F5B20DRAFT_591584	rna-gnl|WGS:JAJKKE|F5B20DRAFT_mRNA591584	PF00590.26	Partial	None
gene-F5B20DRAFT_567989	rna-gnl|WGS:JAJKKE|F5B20DRAFT_mRNA567989	PF17784.8	Partial	None
gene-F5B20DRAFT_591586	rna-gnl|WGS:JAJKKE|F5B20DRAFT_mRNA591586	PF00172.24,PF04082.24	Partial	None
gene-F5B20DRAFT_522217	rna-gnl|WGS:JAJKKE|F5B20DRAFT_mRNA522217	PF01494.26,PF01494.26	Partial	None
gene-F5B20DRAFT_211583	rna-gnl|WGS:JAJKKE|F5B20DRAFT_mRNA211583	PF20684.4	Partial	None
gene-F5B20DRAFT_522220	rna-gnl|WGS:JAJKKE|F5B20DRAFT_mRNA522220	PF00106.32,PF08659.17,PF13561.13	Partial	None
gene-F5B20DRAFT_567993	rna-gnl|WGS:JAJKKE|F5B20DRAFT_mRNA567993	PF07690.22	Partial	None
gene-F5B20DRAFT_522227	rna-gnl|WGS:JAJKKE|F5B20DRAFT_mRNA522227	PF00172.24,PF11951.14	Partial	None
gene-F5B20DRAFT_522233	rna-gnl|WGS:JAJKKE|F5B20DRAFT_mRNA522233	PF01116.27	Partial	None
gene-F5B20DRAFT_567996	rna-gnl|WGS:JAJKKE|F5B20DRAFT_mRNA567996	PF11374.14	Partial	None
gene-F5B20DRAFT_211695	rna-gnl|WGS:JAJKKE|F5B20DRAFT_mRNA211695	PF00172.24,PF11951.14	Partial	None
gene-F5B20DRAFT_212199	rna-gnl|WGS:JAJKKE|F5B20DRAFT_mRNA212199	PF00172.24,PF04082.24	Partial	None
gene-F5B20DRAFT_522262	rna-gnl|WGS:JAJKKE|F5B20DRAFT_mRNA522262		None	None
gene-F5B20DRAFT_212326	rna-gnl|WGS:JAJKKE|F5B20DRAFT_mRNA212326	PF28510.1	Partial	None
gene-F5B20DRAFT_522266	rna-gnl|WGS:JAJKKE|F5B20DRAFT_mRNA522266		None	None
gene-F5B20DRAFT_212342	rna-gnl|WGS:JAJKKE|F5B20DRAFT_mRNA212342		None	None
gene-F5B20DRAFT_567999	rna-gnl|WGS:JAJKKE|F5B20DRAFT_mRNA567999	PF09362.16	Partial	None
gene-F5B20DRAFT_591626	rna-gnl|WGS:JAJKKE|F5B20DRAFT_mRNA591626		None	None
gene-F5B20DRAFT_568001	rna-gnl|WGS:JAJKKE|F5B20DRAFT_mRNA568001	PF01926.30	Partial	None
gene-F5B20DRAFT_212414	rna-gnl|WGS:JAJKKE|F5B20DRAFT_mRNA212414	PF20150.5	Partial	None
gene-F5B20DRAFT_522284	rna-gnl|WGS:JAJKKE|F5B20DRAFT_mRNA522284	PF00248.28	Partial	None
gene-F5B20DRAFT_522287	rna-gnl|WGS:JAJKKE|F5B20DRAFT_mRNA522287		None	None
gene-F5B20DRAFT_591631	rna-gnl|WGS:JAJKKE|F5B20DRAFT_mRNA591631		None	None
gene-F5B20DRAFT_212461	rna-gnl|WGS:JAJKKE|F5B20DRAFT_mRNA212461	PF01370.28,PF05368.20,PF13460.13	Partial	None
gene-F5B20DRAFT_212465	rna-gnl|WGS:JAJKKE|F5B20DRAFT_mRNA212465	PF00144.30	Partial	None
gene-F5B20DRAFT_522290	rna-gnl|WGS:JAJKKE|F5B20DRAFT_mRNA522290	PF00172.24,PF04082.24	Partial	None
gene-F5B20DRAFT_591633	rna-gnl|WGS:JAJKKE|F5B20DRAFT_mRNA591633	PF00890.31,PF01494.26,PF13450.13	Partial	None
gene-F5B20DRAFT_522307	rna-gnl|WGS:JAJKKE|F5B20DRAFT_mRNA522307	PF00266.26,PF01041.24,PF01053.27	Partial	None
gene-F5B20DRAFT_591634	rna-gnl|WGS:JAJKKE|F5B20DRAFT_mRNA591634	PF00106.32,PF13561.13	Partial	None
gene-F5B20DRAFT_591637	rna-gnl|WGS:JAJKKE|F5B20DRAFT_mRNA591637	PF00067.28	Partial	None
gene-F5B20DRAFT_522308	rna-gnl|WGS:JAJKKE|F5B20DRAFT_mRNA522308	PF00067.28	Partial	None
gene-F5B20DRAFT_575925	rna-gnl|WGS:JAJKKE|F5B20DRAFT_mRNA575925	PF00106.32,PF00107.33,PF00550.32,PF08240.18,PF08659.17,PF13602.13,PF14765.13,PF23297.2	Complete	None
gene-F5B20DRAFT_212574	rna-gnl|WGS:JAJKKE|F5B20DRAFT_mRNA212574	PF30909.1	Partial	None
gene-F5B20DRAFT_212584	rna-gnl|WGS:JAJKKE|F5B20DRAFT_mRNA212584		None	None
gene-F5B20DRAFT_212596	rna-gnl|WGS:JAJKKE|F5B20DRAFT_mRNA212596	PF01522.27,PF10096.15	Partial	None
gene-F5B20DRAFT_575929	rna-gnl|WGS:JAJKKE|F5B20DRAFT_mRNA575929	PF00172.24,PF27599.1	Partial	None
gene-F5B20DRAFT_591640	rna-gnl|WGS:JAJKKE|F5B20DRAFT_mRNA591640	PF00083.31,PF06609.19,PF07690.22	Partial	None
gene-F5B20DRAFT_212645	rna-gnl|WGS:JAJKKE|F5B20DRAFT_mRNA212645	PF00561.27,PF03096.21,PF12697.14	Partial	None
gene-F5B20DRAFT_212694	rna-gnl|WGS:JAJKKE|F5B20DRAFT_mRNA212694	PF07350.20	Partial	None
gene-F5B20DRAFT_568012	rna-gnl|WGS:JAJKKE|F5B20DRAFT_mRNA568012		None	None
gene-F5B20DRAFT_575934	rna-gnl|WGS:JAJKKE|F5B20DRAFT_mRNA575934	PF05183.18,PF25358.2	Partial	None
gene-F5B20DRAFT_522352	rna-gnl|WGS:JAJKKE|F5B20DRAFT_mRNA522352		None	None
gene-F5B20DRAFT_212924	rna-gnl|WGS:JAJKKE|F5B20DRAFT_mRNA212924	PF00067.28,PF00175.27,PF00258.31,PF00667.27	Complete	None
gene-F5B20DRAFT_213034	rna-gnl|WGS:JAJKKE|F5B20DRAFT_mRNA213034		None	None
gene-F5B20DRAFT_213017	rna-gnl|WGS:JAJKKE|F5B20DRAFT_mRNA213017		None	None
gene-F5B20DRAFT_522363	rna-gnl|WGS:JAJKKE|F5B20DRAFT_mRNA522363	PF10032.15	Partial	None
gene-F5B20DRAFT_213039	rna-gnl|WGS:JAJKKE|F5B20DRAFT_mRNA213039	PF05181.19	Complete	None
gene-F5B20DRAFT_213093	rna-gnl|WGS:JAJKKE|F5B20DRAFT_mRNA213093	PF00328.28	Partial	None
gene-F5B20DRAFT_213204	rna-gnl|WGS:JAJKKE|F5B20DRAFT_mRNA213204	PF00106.32,PF08659.17	Partial	None
gene-F5B20DRAFT_213366	rna-gnl|WGS:JAJKKE|F5B20DRAFT_mRNA213366	PF00026.29	Partial	None
gene-F5B20DRAFT_575944	rna-gnl|WGS:JAJKKE|F5B20DRAFT_mRNA575944	PF13640.13	Partial	None
gene-F5B20DRAFT_213349	rna-gnl|WGS:JAJKKE|F5B20DRAFT_mRNA213349	PF00085.27,PF13848.13	Partial	None
gene-F5B20DRAFT_213361	rna-gnl|WGS:JAJKKE|F5B20DRAFT_mRNA213361	PF09286.17	Partial	None
gene-F5B20DRAFT_575947	rna-gnl|WGS:JAJKKE|F5B20DRAFT_mRNA575947	PF01425.27	Partial	None
gene-F5B20DRAFT_591667	rna-gnl|WGS:JAJKKE|F5B20DRAFT_mRNA591667	PF25000.1	Complete	None
gene-F5B20DRAFT_522428	rna-gnl|WGS:JAJKKE|F5B20DRAFT_mRNA522428	PF01544.24	Partial	None
gene-F5B20DRAFT_522433	rna-gnl|WGS:JAJKKE|F5B20DRAFT_mRNA522433	PF04616.21	Partial	None
gene-F5B20DRAFT_213500	rna-gnl|WGS:JAJKKE|F5B20DRAFT_mRNA213500	PF00004.36,PF03215.22,PF08542.17,PF13177.13,PF13604.13	Complete	None
gene-F5B20DRAFT_575952	rna-gnl|WGS:JAJKKE|F5B20DRAFT_mRNA575952		None	None
gene-F5B20DRAFT_213583	rna-gnl|WGS:JAJKKE|F5B20DRAFT_mRNA213583	PF00125.31,PF00808.30,PF16211.11	Complete	None
gene-F5B20DRAFT_591668	rna-gnl|WGS:JAJKKE|F5B20DRAFT_mRNA591668		None	None
gene-F5B20DRAFT_522454	rna-gnl|WGS:JAJKKE|F5B20DRAFT_mRNA522454		None	None
gene-F5B20DRAFT_575956	rna-gnl|WGS:JAJKKE|F5B20DRAFT_mRNA575956	PF24883.3,PF25053.1	Complete	None
gene-F5B20DRAFT_575957	rna-gnl|WGS:JAJKKE|F5B20DRAFT_mRNA575957	PF01424.29	Complete	None
gene-F5B20DRAFT_522536	rna-gnl|WGS:JAJKKE|F5B20DRAFT_mRNA522536	PF11915.14,PF11915.14	Complete	None
gene-F5B20DRAFT_575959	rna-gnl|WGS:JAJKKE|F5B20DRAFT_mRNA575959		None	None
gene-F5B20DRAFT_214160	rna-gnl|WGS:JAJKKE|F5B20DRAFT_mRNA214160	PF00067.28	Partial	None
gene-F5B20DRAFT_215025	rna-gnl|WGS:JAJKKE|F5B20DRAFT_mRNA215025		None	None
gene-F5B20DRAFT_591678	rna-gnl|WGS:JAJKKE|F5B20DRAFT_mRNA591678	PF07993.19	Partial	None
gene-F5B20DRAFT_591680	rna-gnl|WGS:JAJKKE|F5B20DRAFT_mRNA591680	PF01425.27,PF26053.2	Partial	None
gene-F5B20DRAFT_575963	rna-gnl|WGS:JAJKKE|F5B20DRAFT_mRNA575963		None	None
gene-F5B20DRAFT_214049	rna-gnl|WGS:JAJKKE|F5B20DRAFT_mRNA214049	PF00096.33,PF00096.33,PF00096.33	Complete	None
gene-F5B20DRAFT_575967	rna-gnl|WGS:JAJKKE|F5B20DRAFT_mRNA575967	PF00004.36,PF01434.25,PF07728.21,PF17862.8,PF21232.4	Complete	None
gene-F5B20DRAFT_215659	rna-gnl|WGS:JAJKKE|F5B20DRAFT_mRNA215659		None	None
gene-F5B20DRAFT_568029	rna-gnl|WGS:JAJKKE|F5B20DRAFT_mRNA568029	PF00023.37,PF00023.37,PF03009.24,PF03105.25,PF03105.25,PF12796.14,PF12796.14,PF13637.13,PF13637.13,PF25329.2	Complete	None
gene-F5B20DRAFT_522624	rna-gnl|WGS:JAJKKE|F5B20DRAFT_mRNA522624		None	None
gene-F5B20DRAFT_522627	rna-gnl|WGS:JAJKKE|F5B20DRAFT_mRNA522627	PF05907.19	Partial	None
gene-F5B20DRAFT_215740	rna-gnl|WGS:JAJKKE|F5B20DRAFT_mRNA215740		None	None
gene-F5B20DRAFT_575973	rna-gnl|WGS:JAJKKE|F5B20DRAFT_mRNA575973	PF05185.23,PF17285.9,PF17286.8	Complete	None
gene-F5B20DRAFT_522634	rna-gnl|WGS:JAJKKE|F5B20DRAFT_mRNA522634	PF01920.26	Partial	None
gene-F5B20DRAFT_522641	rna-gnl|WGS:JAJKKE|F5B20DRAFT_mRNA522641	PF09949.16	Partial	None
gene-F5B20DRAFT_216010	rna-gnl|WGS:JAJKKE|F5B20DRAFT_mRNA216010		None	None
gene-F5B20DRAFT_575976	rna-gnl|WGS:JAJKKE|F5B20DRAFT_mRNA575976		None	None
gene-F5B20DRAFT_522661	rna-gnl|WGS:JAJKKE|F5B20DRAFT_mRNA522661	PF00122.26,PF00403.33,PF00702.33,PF24534.2	Complete	None
gene-F5B20DRAFT_575978	rna-gnl|WGS:JAJKKE|F5B20DRAFT_mRNA575978		None	None
gene-F5B20DRAFT_216143	rna-gnl|WGS:JAJKKE|F5B20DRAFT_mRNA216143	PF01073.26,PF01370.28,PF07993.19,PF08659.17,PF13460.13,PF16363.12	Partial	None
gene-F5B20DRAFT_522670	rna-gnl|WGS:JAJKKE|F5B20DRAFT_mRNA522670	PF04564.22,PF10408.15	Complete	None
gene-F5B20DRAFT_575981	rna-gnl|WGS:JAJKKE|F5B20DRAFT_mRNA575981		None	None
gene-F5B20DRAFT_216354	rna-gnl|WGS:JAJKKE|F5B20DRAFT_mRNA216354		None	None
gene-F5B20DRAFT_216339	rna-gnl|WGS:JAJKKE|F5B20DRAFT_mRNA216339		None	None
gene-F5B20DRAFT_216429	rna-gnl|WGS:JAJKKE|F5B20DRAFT_mRNA216429		None	None
gene-F5B20DRAFT_575987	rna-gnl|WGS:JAJKKE|F5B20DRAFT_mRNA575987	PF14429.13,PF16172.11,PF23554.3	Complete	None
gene-F5B20DRAFT_216674	rna-gnl|WGS:JAJKKE|F5B20DRAFT_mRNA216674		None	None
gene-F5B20DRAFT_522690	rna-gnl|WGS:JAJKKE|F5B20DRAFT_mRNA522690		None	None
gene-F5B20DRAFT_568038	rna-gnl|WGS:JAJKKE|F5B20DRAFT_mRNA568038	PF24883.3,PF25053.1	Complete	None
gene-F5B20DRAFT_522704	rna-gnl|WGS:JAJKKE|F5B20DRAFT_mRNA522704	PF26733.1	Complete	None
gene-F5B20DRAFT_216822	rna-gnl|WGS:JAJKKE|F5B20DRAFT_mRNA216822	PF20150.5	Partial	None
gene-F5B20DRAFT_522708	rna-gnl|WGS:JAJKKE|F5B20DRAFT_mRNA522708	PF01425.27	Partial	None
gene-F5B20DRAFT_216908	rna-gnl|WGS:JAJKKE|F5B20DRAFT_mRNA216908		None	None
gene-F5B20DRAFT_522725	rna-gnl|WGS:JAJKKE|F5B20DRAFT_mRNA522725	PF07110.18	Partial	None
gene-F5B20DRAFT_568041	rna-gnl|WGS:JAJKKE|F5B20DRAFT_mRNA568041	PF00083.31,PF07690.22	Partial	None
gene-F5B20DRAFT_575996	rna-gnl|WGS:JAJKKE|F5B20DRAFT_mRNA575996		None	None
gene-F5B20DRAFT_217042	rna-gnl|WGS:JAJKKE|F5B20DRAFT_mRNA217042	PF10277.16	Partial	None
gene-F5B20DRAFT_568050	rna-gnl|WGS:JAJKKE|F5B20DRAFT_mRNA568050		None	None
gene-F5B20DRAFT_217267	rna-gnl|WGS:JAJKKE|F5B20DRAFT_mRNA217267	PF00067.28,PF00067.28	Partial	None
gene-F5B20DRAFT_522798	rna-gnl|WGS:JAJKKE|F5B20DRAFT_mRNA522798		None	None
gene-F5B20DRAFT_522804	rna-gnl|WGS:JAJKKE|F5B20DRAFT_mRNA522804		None	None
gene-F5B20DRAFT_522805	rna-gnl|WGS:JAJKKE|F5B20DRAFT_mRNA522805		None	None
gene-F5B20DRAFT_217406	rna-gnl|WGS:JAJKKE|F5B20DRAFT_mRNA217406	PF07690.22	Partial	None
gene-F5B20DRAFT_522810	rna-gnl|WGS:JAJKKE|F5B20DRAFT_mRNA522810		None	None
gene-F5B20DRAFT_217479	rna-gnl|WGS:JAJKKE|F5B20DRAFT_mRNA217479		None	None
gene-F5B20DRAFT_576007	rna-gnl|WGS:JAJKKE|F5B20DRAFT_mRNA576007	PF12311.14	Partial	None
gene-F5B20DRAFT_568045	rna-gnl|WGS:JAJKKE|F5B20DRAFT_mRNA568045	PF12051.15	Partial	None
gene-F5B20DRAFT_217644	rna-gnl|WGS:JAJKKE|F5B20DRAFT_mRNA217644	PF00170.27	Complete	None
gene-F5B20DRAFT_576010	rna-gnl|WGS:JAJKKE|F5B20DRAFT_mRNA576010	PF17648.8	Complete	None
gene-F5B20DRAFT_217916	rna-gnl|WGS:JAJKKE|F5B20DRAFT_mRNA217916	PF01370.28,PF03435.25,PF05368.20,PF13460.13	Partial	None
gene-F5B20DRAFT_576012	rna-gnl|WGS:JAJKKE|F5B20DRAFT_mRNA576012	PF00083.31,PF07690.22,PF07690.22	Partial	None
gene-F5B20DRAFT_568048	rna-gnl|WGS:JAJKKE|F5B20DRAFT_mRNA568048	PF00173.34,PF01070.25,PF01645.24	Partial	None
gene-F5B20DRAFT_522851	rna-gnl|WGS:JAJKKE|F5B20DRAFT_mRNA522851	PF17786.8,PF22666.3	Complete	None
gene-F5B20DRAFT_218235	rna-gnl|WGS:JAJKKE|F5B20DRAFT_mRNA218235	PF02434.24	Partial	None
gene-F5B20DRAFT_218249	rna-gnl|WGS:JAJKKE|F5B20DRAFT_mRNA218249		None	None
gene-F5B20DRAFT_522863	rna-gnl|WGS:JAJKKE|F5B20DRAFT_mRNA522863		None	None
gene-F5B20DRAFT_522865	rna-gnl|WGS:JAJKKE|F5B20DRAFT_mRNA522865		None	None
gene-F5B20DRAFT_522871	rna-gnl|WGS:JAJKKE|F5B20DRAFT_mRNA522871	PF00172.24,PF04082.24	Partial	None
gene-F5B20DRAFT_522874	rna-gnl|WGS:JAJKKE|F5B20DRAFT_mRNA522874	PF00903.32	Partial	None
gene-F5B20DRAFT_218350	rna-gnl|WGS:JAJKKE|F5B20DRAFT_mRNA218350	PF01494.26	Partial	None
gene-F5B20DRAFT_522879	rna-gnl|WGS:JAJKKE|F5B20DRAFT_mRNA522879	PF01557.24	Partial	None
gene-F5B20DRAFT_218354	rna-gnl|WGS:JAJKKE|F5B20DRAFT_mRNA218354	PF00083.31,PF05978.23,PF07690.22	Partial	None
gene-F5B20DRAFT_522883	rna-gnl|WGS:JAJKKE|F5B20DRAFT_mRNA522883	PF01266.31	Partial	None
gene-F5B20DRAFT_218413	rna-gnl|WGS:JAJKKE|F5B20DRAFT_mRNA218413	PF00067.28	Partial	None
gene-F5B20DRAFT_522888	rna-gnl|WGS:JAJKKE|F5B20DRAFT_mRNA522888	PF05285.18,PF08158.19,PF21638.3	Complete	None
gene-F5B20DRAFT_218445	rna-gnl|WGS:JAJKKE|F5B20DRAFT_mRNA218445	PF01490.25	Partial	None
gene-F5B20DRAFT_t11	gene-F5B20DRAFT_t11		None	None
gene-F5B20DRAFT_568060	rna-gnl|WGS:JAJKKE|F5B20DRAFT_mRNA568060	PF00202.28	Partial	None
gene-F5B20DRAFT_522896	rna-gnl|WGS:JAJKKE|F5B20DRAFT_mRNA522896	PF07859.20,PF07859.20	Complete	None
gene-F5B20DRAFT_576029	rna-gnl|WGS:JAJKKE|F5B20DRAFT_mRNA576029		None	None
gene-F5B20DRAFT_218567	rna-gnl|WGS:JAJKKE|F5B20DRAFT_mRNA218567	PF00172.24,PF04082.24	Complete	None
gene-F5B20DRAFT_218625	rna-gnl|WGS:JAJKKE|F5B20DRAFT_mRNA218625	PF00962.29	Partial	None
gene-F5B20DRAFT_218627	rna-gnl|WGS:JAJKKE|F5B20DRAFT_mRNA218627		None	None
gene-F5B20DRAFT_522927	rna-gnl|WGS:JAJKKE|F5B20DRAFT_mRNA522927	PF00107.33,PF08240.18	Partial	None
gene-F5B20DRAFT_522928	rna-gnl|WGS:JAJKKE|F5B20DRAFT_mRNA522928	PF00266.26,PF00282.26	Partial	None
gene-F5B20DRAFT_218783	rna-gnl|WGS:JAJKKE|F5B20DRAFT_mRNA218783	PF00743.26,PF07992.21,PF13434.13,PF13738.13	Partial	None
gene-F5B20DRAFT_591748	rna-gnl|WGS:JAJKKE|F5B20DRAFT_mRNA591748	PF00067.28	Partial	None
gene-F5B20DRAFT_591752	rna-gnl|WGS:JAJKKE|F5B20DRAFT_mRNA591752		None	None
gene-F5B20DRAFT_591754	rna-gnl|WGS:JAJKKE|F5B20DRAFT_mRNA591754		None	None
gene-F5B20DRAFT_218899	rna-gnl|WGS:JAJKKE|F5B20DRAFT_mRNA218899	PF20684.4	Partial	None
gene-F5B20DRAFT_218908	rna-gnl|WGS:JAJKKE|F5B20DRAFT_mRNA218908	PF00566.26,PF23436.2	Complete	None
gene-F5B20DRAFT_591757	rna-gnl|WGS:JAJKKE|F5B20DRAFT_mRNA591757		None	None
gene-F5B20DRAFT_218954	rna-gnl|WGS:JAJKKE|F5B20DRAFT_mRNA218954	PF00202.28	Partial	None
gene-F5B20DRAFT_576043	rna-gnl|WGS:JAJKKE|F5B20DRAFT_mRNA576043	PF04082.24	Partial	None
gene-F5B20DRAFT_522981	rna-gnl|WGS:JAJKKE|F5B20DRAFT_mRNA522981		None	None
gene-F5B20DRAFT_522984	rna-gnl|WGS:JAJKKE|F5B20DRAFT_mRNA522984	PF00206.26,PF10397.15	Complete	None
gene-F5B20DRAFT_591759	rna-gnl|WGS:JAJKKE|F5B20DRAFT_mRNA591759		None	None
gene-F5B20DRAFT_219000	rna-gnl|WGS:JAJKKE|F5B20DRAFT_mRNA219000		None	None
gene-F5B20DRAFT_219035	rna-gnl|WGS:JAJKKE|F5B20DRAFT_mRNA219035	PF07217.17	Partial	None
gene-F5B20DRAFT_522999	rna-gnl|WGS:JAJKKE|F5B20DRAFT_mRNA522999		None	None
gene-F5B20DRAFT_219203	rna-gnl|WGS:JAJKKE|F5B20DRAFT_mRNA219203	PF01266.31,PF13450.13	Partial	None
gene-F5B20DRAFT_576050	rna-gnl|WGS:JAJKKE|F5B20DRAFT_mRNA576050	PF03162.19,PF13350.12,PF22741.2	Partial	None
gene-F5B20DRAFT_576051	rna-gnl|WGS:JAJKKE|F5B20DRAFT_mRNA576051		None	None
gene-F5B20DRAFT_219314	rna-gnl|WGS:JAJKKE|F5B20DRAFT_mRNA219314	PF00226.37,PF09320.17	Complete	None
gene-F5B20DRAFT_523017	rna-gnl|WGS:JAJKKE|F5B20DRAFT_mRNA523017	PF00481.27	Complete	None
gene-F5B20DRAFT_523021	rna-gnl|WGS:JAJKKE|F5B20DRAFT_mRNA523021	PF03595.23	Partial	None
gene-F5B20DRAFT_219377	rna-gnl|WGS:JAJKKE|F5B20DRAFT_mRNA219377	PF10304.16,PF10363.16	Complete	None
gene-F5B20DRAFT_219429	rna-gnl|WGS:JAJKKE|F5B20DRAFT_mRNA219429		None	None
gene-F5B20DRAFT_219415	rna-gnl|WGS:JAJKKE|F5B20DRAFT_mRNA219415	PF00657.29,PF13472.13	Partial	None
gene-F5B20DRAFT_219417	rna-gnl|WGS:JAJKKE|F5B20DRAFT_mRNA219417	PF11807.14	Partial	None
gene-F5B20DRAFT_523035	rna-gnl|WGS:JAJKKE|F5B20DRAFT_mRNA523035	PF08242.19,PF13489.13	Partial	None
gene-F5B20DRAFT_523039	rna-gnl|WGS:JAJKKE|F5B20DRAFT_mRNA523039	PF00004.36,PF22942.2	Complete	None
gene-F5B20DRAFT_576060	rna-gnl|WGS:JAJKKE|F5B20DRAFT_mRNA576060	PF13489.13	Partial	None
gene-F5B20DRAFT_591768	rna-gnl|WGS:JAJKKE|F5B20DRAFT_mRNA591768	PF00109.33,PF00550.32,PF00698.27,PF01370.28,PF02801.29,PF07993.19,PF16073.11	Complete	None
gene-F5B20DRAFT_219689	rna-gnl|WGS:JAJKKE|F5B20DRAFT_mRNA219689	PF01494.26	Partial	None
gene-F5B20DRAFT_523049	rna-gnl|WGS:JAJKKE|F5B20DRAFT_mRNA523049	PF13577.13	Partial	None
gene-F5B20DRAFT_523050	rna-gnl|WGS:JAJKKE|F5B20DRAFT_mRNA523050	PF05368.20	Partial	None
gene-F5B20DRAFT_219778	rna-gnl|WGS:JAJKKE|F5B20DRAFT_mRNA219778	PF00890.31,PF01593.31,PF12831.14,PF13450.13	Partial	None
gene-F5B20DRAFT_576067	rna-gnl|WGS:JAJKKE|F5B20DRAFT_mRNA576067	PF00106.32,PF00107.33,PF00109.33,PF00698.27,PF02801.29,PF08241.19,PF08242.19,PF08659.17,PF13489.13,PF13602.13,PF13649.13,PF14765.13,PF16197.12,PF21089.4,PF23114.1	Complete	None
gene-F5B20DRAFT_219806	rna-gnl|WGS:JAJKKE|F5B20DRAFT_mRNA219806	PF04082.24	Partial	None
gene-F5B20DRAFT_523056	rna-gnl|WGS:JAJKKE|F5B20DRAFT_mRNA523056	PF07690.22	Partial	None
gene-F5B20DRAFT_576070	rna-gnl|WGS:JAJKKE|F5B20DRAFT_mRNA576070		None	None
gene-F5B20DRAFT_523058	rna-gnl|WGS:JAJKKE|F5B20DRAFT_mRNA523058	PF00561.27,PF12146.16,PF12697.14	Partial	None
gene-F5B20DRAFT_523059	rna-gnl|WGS:JAJKKE|F5B20DRAFT_mRNA523059	PF01866.23	Partial	None
gene-F5B20DRAFT_576073	rna-gnl|WGS:JAJKKE|F5B20DRAFT_mRNA576073		None	None
gene-F5B20DRAFT_219861	rna-gnl|WGS:JAJKKE|F5B20DRAFT_mRNA219861	PF01263.27	Partial	None
gene-F5B20DRAFT_219873	rna-gnl|WGS:JAJKKE|F5B20DRAFT_mRNA219873	PF00107.33,PF01262.28,PF08240.18	Partial	None
gene-F5B20DRAFT_523067	rna-gnl|WGS:JAJKKE|F5B20DRAFT_mRNA523067		None	None
gene-F5B20DRAFT_523068	rna-gnl|WGS:JAJKKE|F5B20DRAFT_mRNA523068	PF01544.24	Complete	None
gene-F5B20DRAFT_568091	rna-gnl|WGS:JAJKKE|F5B20DRAFT_mRNA568091	PF00006.32,PF02874.30,PF22919.2	Complete	None
gene-F5B20DRAFT_523072	rna-gnl|WGS:JAJKKE|F5B20DRAFT_mRNA523072		None	None
gene-F5B20DRAFT_523073	rna-gnl|WGS:JAJKKE|F5B20DRAFT_mRNA523073		None	None
gene-F5B20DRAFT_591783	rna-gnl|WGS:JAJKKE|F5B20DRAFT_mRNA591783		None	None
gene-F5B20DRAFT_591785	rna-gnl|WGS:JAJKKE|F5B20DRAFT_mRNA591785	PF05368.20,PF05368.20,PF13460.13	Partial	None
gene-F5B20DRAFT_523079	rna-gnl|WGS:JAJKKE|F5B20DRAFT_mRNA523079		None	None
gene-F5B20DRAFT_219969	rna-gnl|WGS:JAJKKE|F5B20DRAFT_mRNA219969	PF00682.26	Partial	None
gene-F5B20DRAFT_220047	rna-gnl|WGS:JAJKKE|F5B20DRAFT_mRNA220047	PF20684.4	Partial	None
gene-F5B20DRAFT_523098	rna-gnl|WGS:JAJKKE|F5B20DRAFT_mRNA523098	PF00295.24	Partial	None
gene-F5B20DRAFT_591787	rna-gnl|WGS:JAJKKE|F5B20DRAFT_mRNA591787	PF02661.24	Partial	None
gene-F5B20DRAFT_220137	rna-gnl|WGS:JAJKKE|F5B20DRAFT_mRNA220137	PF01612.27	Partial	None
gene-F5B20DRAFT_591791	rna-gnl|WGS:JAJKKE|F5B20DRAFT_mRNA591791	PF03097.25,PF13949.12	Partial	None
gene-F5B20DRAFT_568096	rna-gnl|WGS:JAJKKE|F5B20DRAFT_mRNA568096	PF02434.24,PF04646.19	Complete	None
gene-F5B20DRAFT_523116	rna-gnl|WGS:JAJKKE|F5B20DRAFT_mRNA523116	PF09084.17	Partial	None
gene-F5B20DRAFT_591797	rna-gnl|WGS:JAJKKE|F5B20DRAFT_mRNA591797		None	None
gene-F5B20DRAFT_591801	rna-gnl|WGS:JAJKKE|F5B20DRAFT_mRNA591801	PF02668.23	Partial	None
gene-F5B20DRAFT_591819	rna-gnl|WGS:JAJKKE|F5B20DRAFT_mRNA591819	PF00083.31,PF07690.22	Partial	None
gene-F5B20DRAFT_220678	rna-gnl|WGS:JAJKKE|F5B20DRAFT_mRNA220678		None	None
gene-F5B20DRAFT_220308	rna-gnl|WGS:JAJKKE|F5B20DRAFT_mRNA220308	PF01145.32	Partial	None
gene-F5B20DRAFT_591821	rna-gnl|WGS:JAJKKE|F5B20DRAFT_mRNA591821	PF04189.19	Partial	None
gene-F5B20DRAFT_523145	rna-gnl|WGS:JAJKKE|F5B20DRAFT_mRNA523145	PF04062.20	Partial	None
gene-F5B20DRAFT_221069	rna-gnl|WGS:JAJKKE|F5B20DRAFT_mRNA221069		None	None
gene-F5B20DRAFT_221085	rna-gnl|WGS:JAJKKE|F5B20DRAFT_mRNA221085		None	None
gene-F5B20DRAFT_221086	rna-gnl|WGS:JAJKKE|F5B20DRAFT_mRNA221086		None	None
gene-F5B20DRAFT_576102	rna-gnl|WGS:JAJKKE|F5B20DRAFT_mRNA576102		None	None
gene-F5B20DRAFT_568106	rna-gnl|WGS:JAJKKE|F5B20DRAFT_mRNA568106	PF00933.28,PF01915.28,PF07691.18,PF14310.13	Complete	None
gene-F5B20DRAFT_523165	rna-gnl|WGS:JAJKKE|F5B20DRAFT_mRNA523165	PF20684.4	Partial	None
gene-F5B20DRAFT_221225	rna-gnl|WGS:JAJKKE|F5B20DRAFT_mRNA221225	PF03067.22	Partial	None
gene-F5B20DRAFT_221216	rna-gnl|WGS:JAJKKE|F5B20DRAFT_mRNA221216	PF03572.24,PF23658.2	Complete	None
gene-F5B20DRAFT_t12	gene-F5B20DRAFT_t12		None	None
gene-F5B20DRAFT_221294	rna-gnl|WGS:JAJKKE|F5B20DRAFT_mRNA221294		None	None
gene-F5B20DRAFT_576107	rna-gnl|WGS:JAJKKE|F5B20DRAFT_mRNA576107	PF00264.26,PF18132.7	Complete	None
gene-F5B20DRAFT_523214	rna-gnl|WGS:JAJKKE|F5B20DRAFT_mRNA523214		None	None
gene-F5B20DRAFT_523218	rna-gnl|WGS:JAJKKE|F5B20DRAFT_mRNA523218	PF01636.30	Partial	None
gene-F5B20DRAFT_568112	rna-gnl|WGS:JAJKKE|F5B20DRAFT_mRNA568112	PF12222.15,PF25156.3	Complete	None
gene-F5B20DRAFT_523227	rna-gnl|WGS:JAJKKE|F5B20DRAFT_mRNA523227		None	None
gene-F5B20DRAFT_523228	rna-gnl|WGS:JAJKKE|F5B20DRAFT_mRNA523228	PF12222.15,PF25156.3	Complete	None
gene-F5B20DRAFT_221587	rna-gnl|WGS:JAJKKE|F5B20DRAFT_mRNA221587	PF01035.27	Partial	None
gene-F5B20DRAFT_576113	rna-gnl|WGS:JAJKKE|F5B20DRAFT_mRNA576113	PF00300.28	Partial	None
gene-F5B20DRAFT_523236	rna-gnl|WGS:JAJKKE|F5B20DRAFT_mRNA523236	PF11699.15	Partial	None
gene-F5B20DRAFT_523238	rna-gnl|WGS:JAJKKE|F5B20DRAFT_mRNA523238		None	None
gene-F5B20DRAFT_523241	rna-gnl|WGS:JAJKKE|F5B20DRAFT_mRNA523241	PF00172.24,PF11951.14	Partial	None
gene-F5B20DRAFT_221645	rna-gnl|WGS:JAJKKE|F5B20DRAFT_mRNA221645	PF07690.22,PF07690.22	Partial	None
gene-F5B20DRAFT_576116	rna-gnl|WGS:JAJKKE|F5B20DRAFT_mRNA576116	PF13622.13,PF20789.4	Partial	None
gene-F5B20DRAFT_591842	rna-gnl|WGS:JAJKKE|F5B20DRAFT_mRNA591842		None	None
gene-F5B20DRAFT_591849	rna-gnl|WGS:JAJKKE|F5B20DRAFT_mRNA591849	PF07690.22	Partial	None
gene-F5B20DRAFT_523259	rna-gnl|WGS:JAJKKE|F5B20DRAFT_mRNA523259	PF01266.31,PF01946.24,PF13450.13	Partial	None
gene-F5B20DRAFT_221845	rna-gnl|WGS:JAJKKE|F5B20DRAFT_mRNA221845	PF00225.30,PF16796.12	Partial	None
gene-F5B20DRAFT_221986	rna-gnl|WGS:JAJKKE|F5B20DRAFT_mRNA221986	PF02732.22	Complete	None
gene-F5B20DRAFT_523278	rna-gnl|WGS:JAJKKE|F5B20DRAFT_mRNA523278		None	None
gene-F5B20DRAFT_576123	rna-gnl|WGS:JAJKKE|F5B20DRAFT_mRNA576123	PF01263.27	Partial	None
gene-F5B20DRAFT_523287	rna-gnl|WGS:JAJKKE|F5B20DRAFT_mRNA523287		None	None
gene-F5B20DRAFT_523288	rna-gnl|WGS:JAJKKE|F5B20DRAFT_mRNA523288		None	None
gene-F5B20DRAFT_523289	rna-gnl|WGS:JAJKKE|F5B20DRAFT_mRNA523289	PF12311.14	Partial	None
gene-F5B20DRAFT_222114	rna-gnl|WGS:JAJKKE|F5B20DRAFT_mRNA222114	PF07876.19	Partial	None
gene-F5B20DRAFT_576126	rna-gnl|WGS:JAJKKE|F5B20DRAFT_mRNA576126		None	None
gene-F5B20DRAFT_222138	rna-gnl|WGS:JAJKKE|F5B20DRAFT_mRNA222138		None	None
gene-F5B20DRAFT_523303	rna-gnl|WGS:JAJKKE|F5B20DRAFT_mRNA523303	PF24864.1	Partial	None
gene-F5B20DRAFT_591857	rna-gnl|WGS:JAJKKE|F5B20DRAFT_mRNA591857	PF01822.25,PF01822.25,PF01822.25,PF01822.25,PF09362.16	Complete	None
gene-F5B20DRAFT_523307	rna-gnl|WGS:JAJKKE|F5B20DRAFT_mRNA523307	PF07883.18	Partial	None
gene-F5B20DRAFT_523308	rna-gnl|WGS:JAJKKE|F5B20DRAFT_mRNA523308	PF00173.34,PF00175.27,PF00970.31	Complete	None
gene-F5B20DRAFT_568128	rna-gnl|WGS:JAJKKE|F5B20DRAFT_mRNA568128	PF00067.28	Partial	None
gene-F5B20DRAFT_523382	rna-gnl|WGS:JAJKKE|F5B20DRAFT_mRNA523382	PF00023.37,PF12796.14,PF13606.13,PF13857.13	Complete	None
gene-F5B20DRAFT_523390	rna-gnl|WGS:JAJKKE|F5B20DRAFT_mRNA523390	PF01491.23	Partial	None
gene-F5B20DRAFT_222483	rna-gnl|WGS:JAJKKE|F5B20DRAFT_mRNA222483	PF25488.2	Partial	None
gene-F5B20DRAFT_222471	rna-gnl|WGS:JAJKKE|F5B20DRAFT_mRNA222471	PF14087.13	Partial	None
gene-F5B20DRAFT_576138	rna-gnl|WGS:JAJKKE|F5B20DRAFT_mRNA576138		None	None
gene-F5B20DRAFT_523402	rna-gnl|WGS:JAJKKE|F5B20DRAFT_mRNA523402		None	None
gene-F5B20DRAFT_523403	rna-gnl|WGS:JAJKKE|F5B20DRAFT_mRNA523403	PF12796.14,PF13637.13	Complete	None
gene-F5B20DRAFT_523409	rna-gnl|WGS:JAJKKE|F5B20DRAFT_mRNA523409	PF03131.23,PF07716.21	Partial	None
gene-F5B20DRAFT_568131	rna-gnl|WGS:JAJKKE|F5B20DRAFT_mRNA568131	PF01217.27	Partial	None
gene-F5B20DRAFT_222576	rna-gnl|WGS:JAJKKE|F5B20DRAFT_mRNA222576		None	None
gene-F5B20DRAFT_222713	rna-gnl|WGS:JAJKKE|F5B20DRAFT_mRNA222713		None	None
gene-F5B20DRAFT_222678	rna-gnl|WGS:JAJKKE|F5B20DRAFT_mRNA222678	PF06742.17	Partial	None
gene-F5B20DRAFT_222636	rna-gnl|WGS:JAJKKE|F5B20DRAFT_mRNA222636	PF13450.13	Partial	None
gene-F5B20DRAFT_222812	rna-gnl|WGS:JAJKKE|F5B20DRAFT_mRNA222812		None	None
gene-F5B20DRAFT_222811	rna-gnl|WGS:JAJKKE|F5B20DRAFT_mRNA222811		None	None
gene-F5B20DRAFT_222815	rna-gnl|WGS:JAJKKE|F5B20DRAFT_mRNA222815		None	None
gene-F5B20DRAFT_523441	rna-gnl|WGS:JAJKKE|F5B20DRAFT_mRNA523441		None	None
gene-F5B20DRAFT_523446	rna-gnl|WGS:JAJKKE|F5B20DRAFT_mRNA523446	PF00161.25,PF20241.4	Partial	None
gene-F5B20DRAFT_523461	rna-gnl|WGS:JAJKKE|F5B20DRAFT_mRNA523461		None	None
gene-F5B20DRAFT_523465	rna-gnl|WGS:JAJKKE|F5B20DRAFT_mRNA523465		None	None
gene-F5B20DRAFT_523469	rna-gnl|WGS:JAJKKE|F5B20DRAFT_mRNA523469		None	None
gene-F5B20DRAFT_222950	rna-gnl|WGS:JAJKKE|F5B20DRAFT_mRNA222950	PF00005.34,PF06472.21	Complete	None
gene-F5B20DRAFT_222942	rna-gnl|WGS:JAJKKE|F5B20DRAFT_mRNA222942	PF00083.31,PF07690.22	Partial	None
gene-F5B20DRAFT_523477	rna-gnl|WGS:JAJKKE|F5B20DRAFT_mRNA523477	PF03881.21	Partial	None
gene-F5B20DRAFT_223057	rna-gnl|WGS:JAJKKE|F5B20DRAFT_mRNA223057	PF05057.22,PF07819.20,PF22939.3,PF24883.3	Complete	None
gene-F5B20DRAFT_223051	rna-gnl|WGS:JAJKKE|F5B20DRAFT_mRNA223051	PF00083.31,PF07690.22	Partial	None
gene-F5B20DRAFT_523483	rna-gnl|WGS:JAJKKE|F5B20DRAFT_mRNA523483	PF17784.8	Partial	None
gene-F5B20DRAFT_523484	rna-gnl|WGS:JAJKKE|F5B20DRAFT_mRNA523484	PF04664.19	Partial	None
gene-F5B20DRAFT_523485	rna-gnl|WGS:JAJKKE|F5B20DRAFT_mRNA523485		None	None
gene-F5B20DRAFT_523487	rna-gnl|WGS:JAJKKE|F5B20DRAFT_mRNA523487	PF00106.32,PF13561.13	Partial	None
gene-F5B20DRAFT_523490	rna-gnl|WGS:JAJKKE|F5B20DRAFT_mRNA523490	PF01979.27	Partial	None
gene-F5B20DRAFT_523493	rna-gnl|WGS:JAJKKE|F5B20DRAFT_mRNA523493	PF00067.28	Partial	None
gene-F5B20DRAFT_523497	rna-gnl|WGS:JAJKKE|F5B20DRAFT_mRNA523497		None	None
gene-F5B20DRAFT_523508	rna-gnl|WGS:JAJKKE|F5B20DRAFT_mRNA523508		None	None
gene-F5B20DRAFT_523510	rna-gnl|WGS:JAJKKE|F5B20DRAFT_mRNA523510		None	None
gene-F5B20DRAFT_223272	rna-gnl|WGS:JAJKKE|F5B20DRAFT_mRNA223272	PF00534.27,PF08288.19,PF13439.13,PF13524.13,PF13579.13,PF13692.13,PF20706.4	Partial	None
gene-F5B20DRAFT_523512	rna-gnl|WGS:JAJKKE|F5B20DRAFT_mRNA523512	PF00270.36,PF00270.36,PF00271.38	Complete	None
gene-F5B20DRAFT_223280	rna-gnl|WGS:JAJKKE|F5B20DRAFT_mRNA223280		None	None
gene-F5B20DRAFT_591875	rna-gnl|WGS:JAJKKE|F5B20DRAFT_mRNA591875	PF00176.30,PF00271.38	Complete	None
gene-F5B20DRAFT_223327	rna-gnl|WGS:JAJKKE|F5B20DRAFT_mRNA223327	PF24809.2,PF24883.3	Complete	None
gene-F5B20DRAFT_223328	rna-gnl|WGS:JAJKKE|F5B20DRAFT_mRNA223328		None	None
gene-F5B20DRAFT_523517	rna-gnl|WGS:JAJKKE|F5B20DRAFT_mRNA523517	PF00004.36,PF00004.36,PF02933.24,PF17862.8	Complete	None
gene-F5B20DRAFT_568151	rna-gnl|WGS:JAJKKE|F5B20DRAFT_mRNA568151	PF20253.4	Partial	None
gene-F5B20DRAFT_523533	rna-gnl|WGS:JAJKKE|F5B20DRAFT_mRNA523533	PF00106.32,PF08659.17,PF13561.13	Partial	None
gene-F5B20DRAFT_523535	rna-gnl|WGS:JAJKKE|F5B20DRAFT_mRNA523535		None	None
gene-F5B20DRAFT_223461	rna-gnl|WGS:JAJKKE|F5B20DRAFT_mRNA223461	PF00004.36,PF22942.2	Complete	None
gene-F5B20DRAFT_223762	rna-gnl|WGS:JAJKKE|F5B20DRAFT_mRNA223762		None	None
gene-F5B20DRAFT_223508	rna-gnl|WGS:JAJKKE|F5B20DRAFT_mRNA223508	PF10241.15	Partial	None
gene-F5B20DRAFT_223510	rna-gnl|WGS:JAJKKE|F5B20DRAFT_mRNA223510		None	None
gene-F5B20DRAFT_223756	rna-gnl|WGS:JAJKKE|F5B20DRAFT_mRNA223756		None	None
gene-F5B20DRAFT_223445	rna-gnl|WGS:JAJKKE|F5B20DRAFT_mRNA223445	PF10197.15	Partial	None
gene-F5B20DRAFT_591901	rna-gnl|WGS:JAJKKE|F5B20DRAFT_mRNA591901	PF00083.31,PF00083.31,PF07690.22	Partial	None
gene-F5B20DRAFT_591904	rna-gnl|WGS:JAJKKE|F5B20DRAFT_mRNA591904		None	None
gene-F5B20DRAFT_t13	gene-F5B20DRAFT_t13		None	None
gene-F5B20DRAFT_591908	rna-gnl|WGS:JAJKKE|F5B20DRAFT_mRNA591908		None	None
gene-F5B20DRAFT_576191	rna-gnl|WGS:JAJKKE|F5B20DRAFT_mRNA576191	PF00091.32,PF03953.23	Complete	None
gene-F5B20DRAFT_523563	rna-gnl|WGS:JAJKKE|F5B20DRAFT_mRNA523563	PF01636.30	Partial	None
gene-F5B20DRAFT_576193	rna-gnl|WGS:JAJKKE|F5B20DRAFT_mRNA576193	PF21858.3	Partial	None
gene-F5B20DRAFT_591915	rna-gnl|WGS:JAJKKE|F5B20DRAFT_mRNA591915	PF00067.28	Partial	None
gene-F5B20DRAFT_523567	rna-gnl|WGS:JAJKKE|F5B20DRAFT_mRNA523567	PF09362.16	Partial	None
gene-F5B20DRAFT_568161	rna-gnl|WGS:JAJKKE|F5B20DRAFT_mRNA568161	PF01670.24	Partial	None
gene-F5B20DRAFT_568162	rna-gnl|WGS:JAJKKE|F5B20DRAFT_mRNA568162	PF00270.36,PF00271.38,PF13959.12,PF23681.2	Complete	None
gene-F5B20DRAFT_523580	rna-gnl|WGS:JAJKKE|F5B20DRAFT_mRNA523580	PF01145.32	Partial	None
gene-F5B20DRAFT_591916	rna-gnl|WGS:JAJKKE|F5B20DRAFT_mRNA591916	PF24494.2	Partial	None
gene-F5B20DRAFT_591919	rna-gnl|WGS:JAJKKE|F5B20DRAFT_mRNA591919	PF05139.20	Partial	None
gene-F5B20DRAFT_224251	rna-gnl|WGS:JAJKKE|F5B20DRAFT_mRNA224251	PF06985.18	Partial	None
gene-F5B20DRAFT_568166	rna-gnl|WGS:JAJKKE|F5B20DRAFT_mRNA568166		None	None
gene-F5B20DRAFT_576203	rna-gnl|WGS:JAJKKE|F5B20DRAFT_mRNA576203		None	None
gene-F5B20DRAFT_523587	rna-gnl|WGS:JAJKKE|F5B20DRAFT_mRNA523587	PF01644.24,PF03142.22,PF08407.18,PF13632.13	Complete	None
gene-F5B20DRAFT_523588	rna-gnl|WGS:JAJKKE|F5B20DRAFT_mRNA523588		None	None
gene-F5B20DRAFT_523589	rna-gnl|WGS:JAJKKE|F5B20DRAFT_mRNA523589	PF05721.20	Partial	None
gene-F5B20DRAFT_224330	rna-gnl|WGS:JAJKKE|F5B20DRAFT_mRNA224330		None	None
gene-F5B20DRAFT_523594	rna-gnl|WGS:JAJKKE|F5B20DRAFT_mRNA523594	PF00023.37,PF00023.37,PF00023.37,PF00023.37,PF00023.37,PF00023.37,PF00023.37,PF00023.37,PF00023.37,PF12796.14,PF12796.14,PF12796.14,PF12796.14,PF12796.14,PF13637.13,PF13637.13,PF13637.13,PF13637.13,PF24883.3	Complete	None
gene-F5B20DRAFT_523597	rna-gnl|WGS:JAJKKE|F5B20DRAFT_mRNA523597	PF00657.29,PF13472.13	Partial	None
gene-F5B20DRAFT_224370	rna-gnl|WGS:JAJKKE|F5B20DRAFT_mRNA224370		None	None
gene-F5B20DRAFT_523599	rna-gnl|WGS:JAJKKE|F5B20DRAFT_mRNA523599	PF02678.23,PF05726.20	Complete	None
gene-F5B20DRAFT_523602	rna-gnl|WGS:JAJKKE|F5B20DRAFT_mRNA523602	PF01243.28,PF16242.12	Partial	None
gene-F5B20DRAFT_568172	rna-gnl|WGS:JAJKKE|F5B20DRAFT_mRNA568172		None	None
gene-F5B20DRAFT_576214	rna-gnl|WGS:JAJKKE|F5B20DRAFT_mRNA576214		None	None
gene-F5B20DRAFT_224428	rna-gnl|WGS:JAJKKE|F5B20DRAFT_mRNA224428		None	None
gene-F5B20DRAFT_591925	rna-gnl|WGS:JAJKKE|F5B20DRAFT_mRNA591925		None	None
gene-F5B20DRAFT_523612	rna-gnl|WGS:JAJKKE|F5B20DRAFT_mRNA523612	PF00172.24,PF04082.24	Partial	None
gene-F5B20DRAFT_576217	rna-gnl|WGS:JAJKKE|F5B20DRAFT_mRNA576217	PF13472.13	Partial	None
gene-F5B20DRAFT_224537	rna-gnl|WGS:JAJKKE|F5B20DRAFT_mRNA224537		None	None
gene-F5B20DRAFT_523617	rna-gnl|WGS:JAJKKE|F5B20DRAFT_mRNA523617	PF02141.27,PF03456.26	Partial	None
gene-F5B20DRAFT_591931	rna-gnl|WGS:JAJKKE|F5B20DRAFT_mRNA591931	PF03663.21	Partial	None
gene-F5B20DRAFT_523633	rna-gnl|WGS:JAJKKE|F5B20DRAFT_mRNA523633	PF26113.1	Partial	None
gene-F5B20DRAFT_523635	rna-gnl|WGS:JAJKKE|F5B20DRAFT_mRNA523635	PF00190.29,PF07883.18	Partial	None
gene-F5B20DRAFT_224656	rna-gnl|WGS:JAJKKE|F5B20DRAFT_mRNA224656	PF07690.22,PF07690.22	Partial	None
gene-F5B20DRAFT_576224	rna-gnl|WGS:JAJKKE|F5B20DRAFT_mRNA576224		None	None
gene-F5B20DRAFT_523646	rna-gnl|WGS:JAJKKE|F5B20DRAFT_mRNA523646		None	None
gene-F5B20DRAFT_568178	rna-gnl|WGS:JAJKKE|F5B20DRAFT_mRNA568178	PF00564.31,PF00621.26,PF06395.17,PF15411.13	Complete	None
gene-F5B20DRAFT_224813	rna-gnl|WGS:JAJKKE|F5B20DRAFT_mRNA224813	PF00400.39,PF00400.39,PF00400.39,PF00400.39,PF00400.39,PF00646.39,PF12937.13	Complete	None
gene-F5B20DRAFT_576227	rna-gnl|WGS:JAJKKE|F5B20DRAFT_mRNA576227	PF03357.27	Partial	None
gene-F5B20DRAFT_224860	rna-gnl|WGS:JAJKKE|F5B20DRAFT_mRNA224860	PF04678.19	Partial	None
gene-F5B20DRAFT_224928	rna-gnl|WGS:JAJKKE|F5B20DRAFT_mRNA224928	PF00206.26,PF14698.12	Complete	None
gene-F5B20DRAFT_224853	rna-gnl|WGS:JAJKKE|F5B20DRAFT_mRNA224853	PF13523.13	Complete	None
gene-F5B20DRAFT_224830	rna-gnl|WGS:JAJKKE|F5B20DRAFT_mRNA224830	PF00083.31,PF07690.22	Partial	None
gene-F5B20DRAFT_523670	rna-gnl|WGS:JAJKKE|F5B20DRAFT_mRNA523670	PF01544.24	Partial	None
gene-F5B20DRAFT_576233	rna-gnl|WGS:JAJKKE|F5B20DRAFT_mRNA576233	PF11374.14	Partial	None
gene-F5B20DRAFT_523675	rna-gnl|WGS:JAJKKE|F5B20DRAFT_mRNA523675	PF00288.33,PF18376.7,PF22700.3	Partial	None
gene-F5B20DRAFT_523677	rna-gnl|WGS:JAJKKE|F5B20DRAFT_mRNA523677		None	None
gene-F5B20DRAFT_523678	rna-gnl|WGS:JAJKKE|F5B20DRAFT_mRNA523678	PF01265.23	Partial	None
gene-F5B20DRAFT_523680	rna-gnl|WGS:JAJKKE|F5B20DRAFT_mRNA523680	PF04884.21	Partial	None
gene-F5B20DRAFT_225058	rna-gnl|WGS:JAJKKE|F5B20DRAFT_mRNA225058		None	None
gene-F5B20DRAFT_568190	rna-gnl|WGS:JAJKKE|F5B20DRAFT_mRNA568190	PF00109.33,PF02801.29	Complete	None
gene-F5B20DRAFT_576241	rna-gnl|WGS:JAJKKE|F5B20DRAFT_mRNA576241		None	None
gene-F5B20DRAFT_576242	rna-gnl|WGS:JAJKKE|F5B20DRAFT_mRNA576242	PF00285.27	Partial	None
gene-F5B20DRAFT_591946	rna-gnl|WGS:JAJKKE|F5B20DRAFT_mRNA591946	PF00083.31,PF07690.22	Partial	None
gene-F5B20DRAFT_576244	rna-gnl|WGS:JAJKKE|F5B20DRAFT_mRNA576244		None	None
gene-F5B20DRAFT_523689	rna-gnl|WGS:JAJKKE|F5B20DRAFT_mRNA523689	PF03972.20	Partial	None
gene-F5B20DRAFT_576246	rna-gnl|WGS:JAJKKE|F5B20DRAFT_mRNA576246	PF00208.28,PF02812.24	Partial	None
gene-F5B20DRAFT_284203	rna-gnl|WGS:JAJKKE|F5B20DRAFT_mRNA284203	PF00136.27,PF03104.26,PF14260.12	Complete	None
gene-F5B20DRAFT_523696	rna-gnl|WGS:JAJKKE|F5B20DRAFT_mRNA523696	PF01435.25,PF16491.11	Partial	None
gene-F5B20DRAFT_523700	rna-gnl|WGS:JAJKKE|F5B20DRAFT_mRNA523700		None	None
gene-F5B20DRAFT_576250	rna-gnl|WGS:JAJKKE|F5B20DRAFT_mRNA576250		None	None
gene-F5B20DRAFT_284258	rna-gnl|WGS:JAJKKE|F5B20DRAFT_mRNA284258		None	None
gene-F5B20DRAFT_523710	rna-gnl|WGS:JAJKKE|F5B20DRAFT_mRNA523710	PF00288.33,PF08544.19	Complete	None
gene-F5B20DRAFT_523712	rna-gnl|WGS:JAJKKE|F5B20DRAFT_mRNA523712	PF01239.29,PF01239.29,PF01239.29,PF01239.29,PF01239.29	Complete	None
gene-F5B20DRAFT_523714	rna-gnl|WGS:JAJKKE|F5B20DRAFT_mRNA523714		None	None
gene-F5B20DRAFT_523715	rna-gnl|WGS:JAJKKE|F5B20DRAFT_mRNA523715	PF00172.24,PF11951.14	Partial	None
gene-F5B20DRAFT_523718	rna-gnl|WGS:JAJKKE|F5B20DRAFT_mRNA523718	PF00291.32	Partial	None
gene-F5B20DRAFT_523721	rna-gnl|WGS:JAJKKE|F5B20DRAFT_mRNA523721	PF13302.14	Partial	None
gene-F5B20DRAFT_523723	rna-gnl|WGS:JAJKKE|F5B20DRAFT_mRNA523723	PF00133.29,PF00133.29,PF09334.18,PF19303.6	Complete	None
gene-F5B20DRAFT_523724	rna-gnl|WGS:JAJKKE|F5B20DRAFT_mRNA523724	PF00097.32,PF00176.30,PF00271.38,PF04851.22	Complete	None
gene-F5B20DRAFT_523726	rna-gnl|WGS:JAJKKE|F5B20DRAFT_mRNA523726	PF23550.2	Complete	None
gene-F5B20DRAFT_523728	rna-gnl|WGS:JAJKKE|F5B20DRAFT_mRNA523728	PF00743.26,PF00743.26,PF07992.21,PF13434.13,PF13450.13,PF13454.13	Partial	None
gene-F5B20DRAFT_576262	rna-gnl|WGS:JAJKKE|F5B20DRAFT_mRNA576262	PF01764.32,PF03893.23	Partial	None
gene-F5B20DRAFT_568205	rna-gnl|WGS:JAJKKE|F5B20DRAFT_mRNA568205	PF00933.28,PF01915.28,PF14310.13	Complete	None
gene-F5B20DRAFT_576264	rna-gnl|WGS:JAJKKE|F5B20DRAFT_mRNA576264	PF00468.23	Complete	None
gene-F5B20DRAFT_284801	rna-gnl|WGS:JAJKKE|F5B20DRAFT_mRNA284801	PF12253.14,PF21796.5	Complete	None
gene-F5B20DRAFT_593231	rna-gnl|WGS:JAJKKE|F5B20DRAFT_mRNA593231	PF00012.27	Partial	None
gene-F5B20DRAFT_593233	rna-gnl|WGS:JAJKKE|F5B20DRAFT_mRNA593233		None	None
gene-F5B20DRAFT_284853	rna-gnl|WGS:JAJKKE|F5B20DRAFT_mRNA284853	PF01652.25	Partial	None
gene-F5B20DRAFT_568209	rna-gnl|WGS:JAJKKE|F5B20DRAFT_mRNA568209	PF03134.25	Partial	None
gene-F5B20DRAFT_523771	rna-gnl|WGS:JAJKKE|F5B20DRAFT_mRNA523771	PF02257.22,PF25340.1	Complete	None
gene-F5B20DRAFT_523773	rna-gnl|WGS:JAJKKE|F5B20DRAFT_mRNA523773	PF00696.34,PF01842.32,PF13840.13,PF22468.3	Complete	None
gene-F5B20DRAFT_523775	rna-gnl|WGS:JAJKKE|F5B20DRAFT_mRNA523775		None	None
gene-F5B20DRAFT_523781	rna-gnl|WGS:JAJKKE|F5B20DRAFT_mRNA523781	PF10357.17,PF12171.15,PF12874.14,PF25095.2	Partial	None
gene-F5B20DRAFT_593237	rna-gnl|WGS:JAJKKE|F5B20DRAFT_mRNA593237	PF01266.31,PF13450.13	Partial	None
gene-F5B20DRAFT_285037	rna-gnl|WGS:JAJKKE|F5B20DRAFT_mRNA285037	PF12931.14,PF12932.13,PF12935.13	Complete	None
gene-F5B20DRAFT_523788	rna-gnl|WGS:JAJKKE|F5B20DRAFT_mRNA523788	PF01070.25	Partial	None
gene-F5B20DRAFT_593243	rna-gnl|WGS:JAJKKE|F5B20DRAFT_mRNA593243		None	None
gene-F5B20DRAFT_523790	rna-gnl|WGS:JAJKKE|F5B20DRAFT_mRNA523790	PF02666.21,PF12588.14	Partial	None
gene-F5B20DRAFT_285068	rna-gnl|WGS:JAJKKE|F5B20DRAFT_mRNA285068	PF04005.18	Partial	None
gene-F5B20DRAFT_285115	rna-gnl|WGS:JAJKKE|F5B20DRAFT_mRNA285115	PF00097.32,PF13639.13	Partial	None
gene-F5B20DRAFT_576281	rna-gnl|WGS:JAJKKE|F5B20DRAFT_mRNA576281		None	None
gene-F5B20DRAFT_285241	rna-gnl|WGS:JAJKKE|F5B20DRAFT_mRNA285241		None	None
gene-F5B20DRAFT_285297	rna-gnl|WGS:JAJKKE|F5B20DRAFT_mRNA285297	PF02181.29,PF06367.23,PF06371.20	Complete	None
gene-F5B20DRAFT_523810	rna-gnl|WGS:JAJKKE|F5B20DRAFT_mRNA523810	PF00175.27	Complete	None
gene-F5B20DRAFT_523812	rna-gnl|WGS:JAJKKE|F5B20DRAFT_mRNA523812	PF06999.18	Partial	None
gene-F5B20DRAFT_593247	rna-gnl|WGS:JAJKKE|F5B20DRAFT_mRNA593247	PF01636.30	Partial	None
gene-F5B20DRAFT_523816	rna-gnl|WGS:JAJKKE|F5B20DRAFT_mRNA523816	PF00561.27,PF08386.17	Complete	None
gene-F5B20DRAFT_523817	rna-gnl|WGS:JAJKKE|F5B20DRAFT_mRNA523817	PF00172.24	Partial	None
gene-F5B20DRAFT_576289	rna-gnl|WGS:JAJKKE|F5B20DRAFT_mRNA576289	PF00106.32,PF08659.17,PF13561.13	Partial	None
gene-F5B20DRAFT_568222	rna-gnl|WGS:JAJKKE|F5B20DRAFT_mRNA568222	PF00067.28	Partial	None
gene-F5B20DRAFT_523843	rna-gnl|WGS:JAJKKE|F5B20DRAFT_mRNA523843	PF14420.12	Partial	None
gene-F5B20DRAFT_576293	rna-gnl|WGS:JAJKKE|F5B20DRAFT_mRNA576293		None	None
gene-F5B20DRAFT_576294	rna-gnl|WGS:JAJKKE|F5B20DRAFT_mRNA576294	PF00069.32,PF07714.24	Partial	None
gene-F5B20DRAFT_285698	rna-gnl|WGS:JAJKKE|F5B20DRAFT_mRNA285698		None	None
gene-F5B20DRAFT_285703	rna-gnl|WGS:JAJKKE|F5B20DRAFT_mRNA285703		None	None
gene-F5B20DRAFT_576297	rna-gnl|WGS:JAJKKE|F5B20DRAFT_mRNA576297	PF00133.29,PF00133.29,PF08264.20,PF09334.18,PF13603.13	Complete	None
gene-F5B20DRAFT_593263	rna-gnl|WGS:JAJKKE|F5B20DRAFT_mRNA593263	PF00884.29,PF01663.28	Partial	None
gene-F5B20DRAFT_523878	rna-gnl|WGS:JAJKKE|F5B20DRAFT_mRNA523878	PF00324.28,PF13520.13	Partial	None
gene-F5B20DRAFT_593269	rna-gnl|WGS:JAJKKE|F5B20DRAFT_mRNA593269	PF07927.18	Complete	None
gene-F5B20DRAFT_523879	rna-gnl|WGS:JAJKKE|F5B20DRAFT_mRNA523879	PF08058.17	Partial	None
gene-F5B20DRAFT_285784	rna-gnl|WGS:JAJKKE|F5B20DRAFT_mRNA285784	PF00501.35	Partial	None
gene-F5B20DRAFT_285805	rna-gnl|WGS:JAJKKE|F5B20DRAFT_mRNA285805	PF00493.30,PF01078.28,PF07728.21,PF14551.12,PF17207.10,PF17855.8,PF21933.3	Complete	None
gene-F5B20DRAFT_523882	rna-gnl|WGS:JAJKKE|F5B20DRAFT_mRNA523882	PF07928.18,PF10475.16	Complete	None
gene-F5B20DRAFT_286163	rna-gnl|WGS:JAJKKE|F5B20DRAFT_mRNA286163		None	None
gene-F5B20DRAFT_285859	rna-gnl|WGS:JAJKKE|F5B20DRAFT_mRNA285859		None	None
gene-F5B20DRAFT_568230	rna-gnl|WGS:JAJKKE|F5B20DRAFT_mRNA568230	PF04049.20,PF13181.13,PF13181.13,PF13414.13,PF13432.13	Complete	None
gene-F5B20DRAFT_568231	rna-gnl|WGS:JAJKKE|F5B20DRAFT_mRNA568231	PF00348.23	Partial	None
gene-F5B20DRAFT_286635	rna-gnl|WGS:JAJKKE|F5B20DRAFT_mRNA286635	PF00067.28	Partial	None
gene-F5B20DRAFT_286652	rna-gnl|WGS:JAJKKE|F5B20DRAFT_mRNA286652		None	None
gene-F5B20DRAFT_523909	rna-gnl|WGS:JAJKKE|F5B20DRAFT_mRNA523909	PF01073.26,PF01370.28,PF04321.24,PF07993.19,PF16363.12	Partial	None
gene-F5B20DRAFT_523912	rna-gnl|WGS:JAJKKE|F5B20DRAFT_mRNA523912	PF30387.1	Partial	None
gene-F5B20DRAFT_523914	rna-gnl|WGS:JAJKKE|F5B20DRAFT_mRNA523914		None	None
gene-F5B20DRAFT_523915	rna-gnl|WGS:JAJKKE|F5B20DRAFT_mRNA523915	PF04182.19,PF20222.4,PF28722.1	Complete	None
gene-F5B20DRAFT_286703	rna-gnl|WGS:JAJKKE|F5B20DRAFT_mRNA286703		None	None
gene-F5B20DRAFT_523917	rna-gnl|WGS:JAJKKE|F5B20DRAFT_mRNA523917	PF00179.32	Partial	None
gene-F5B20DRAFT_593289	rna-gnl|WGS:JAJKKE|F5B20DRAFT_mRNA593289		None	None
gene-F5B20DRAFT_576317	rna-gnl|WGS:JAJKKE|F5B20DRAFT_mRNA576317	PF00840.28	Partial	None
gene-F5B20DRAFT_576318	rna-gnl|WGS:JAJKKE|F5B20DRAFT_mRNA576318	PF01529.26	Partial	None
gene-F5B20DRAFT_523938	rna-gnl|WGS:JAJKKE|F5B20DRAFT_mRNA523938		None	None
gene-F5B20DRAFT_286905	rna-gnl|WGS:JAJKKE|F5B20DRAFT_mRNA286905	PF00168.37,PF00387.26,PF00388.26,PF09279.18	Complete	None
gene-F5B20DRAFT_523968	rna-gnl|WGS:JAJKKE|F5B20DRAFT_mRNA523968	PF20684.4	Partial	None
gene-F5B20DRAFT_523970	rna-gnl|WGS:JAJKKE|F5B20DRAFT_mRNA523970	PF01565.29,PF08031.18	Complete	None
gene-F5B20DRAFT_287141	rna-gnl|WGS:JAJKKE|F5B20DRAFT_mRNA287141		None	None
gene-F5B20DRAFT_523980	rna-gnl|WGS:JAJKKE|F5B20DRAFT_mRNA523980	PF00107.33,PF08240.18	Partial	None
gene-F5B20DRAFT_287240	rna-gnl|WGS:JAJKKE|F5B20DRAFT_mRNA287240	PF20150.5	Partial	None
gene-F5B20DRAFT_287238	rna-gnl|WGS:JAJKKE|F5B20DRAFT_mRNA287238	PF00478.32,PF03060.22	Partial	None
gene-F5B20DRAFT_593295	rna-gnl|WGS:JAJKKE|F5B20DRAFT_mRNA593295		None	None
gene-F5B20DRAFT_287257	rna-gnl|WGS:JAJKKE|F5B20DRAFT_mRNA287257	PF03399.23	Partial	None
gene-F5B20DRAFT_523994	rna-gnl|WGS:JAJKKE|F5B20DRAFT_mRNA523994	PF00924.25	Complete	None
gene-F5B20DRAFT_523998	rna-gnl|WGS:JAJKKE|F5B20DRAFT_mRNA523998	PF20684.4	Partial	None
gene-F5B20DRAFT_287342	rna-gnl|WGS:JAJKKE|F5B20DRAFT_mRNA287342		None	None
gene-F5B20DRAFT_287346	rna-gnl|WGS:JAJKKE|F5B20DRAFT_mRNA287346	PF23867.2,PF23868.2	Complete	None
gene-F5B20DRAFT_524004	rna-gnl|WGS:JAJKKE|F5B20DRAFT_mRNA524004	PF00179.32	Partial	None
gene-F5B20DRAFT_287388	rna-gnl|WGS:JAJKKE|F5B20DRAFT_mRNA287388	PF19271.5	Partial	None
gene-F5B20DRAFT_287406	rna-gnl|WGS:JAJKKE|F5B20DRAFT_mRNA287406		None	None
gene-F5B20DRAFT_576335	rna-gnl|WGS:JAJKKE|F5B20DRAFT_mRNA576335	PF00083.31,PF07690.22,PF07690.22	Partial	None
gene-F5B20DRAFT_576336	rna-gnl|WGS:JAJKKE|F5B20DRAFT_mRNA576336	PF22562.3	Complete	None
gene-F5B20DRAFT_568250	rna-gnl|WGS:JAJKKE|F5B20DRAFT_mRNA568250	PF09362.16	Partial	None
gene-F5B20DRAFT_593299	rna-gnl|WGS:JAJKKE|F5B20DRAFT_mRNA593299		None	None
gene-F5B20DRAFT_524021	rna-gnl|WGS:JAJKKE|F5B20DRAFT_mRNA524021	PF03517.20	Partial	None
gene-F5B20DRAFT_287526	rna-gnl|WGS:JAJKKE|F5B20DRAFT_mRNA287526		None	None
gene-F5B20DRAFT_287530	rna-gnl|WGS:JAJKKE|F5B20DRAFT_mRNA287530		None	None
gene-F5B20DRAFT_287521	rna-gnl|WGS:JAJKKE|F5B20DRAFT_mRNA287521	PF00704.35	Partial	None
gene-F5B20DRAFT_524025	rna-gnl|WGS:JAJKKE|F5B20DRAFT_mRNA524025	PF00075.31	Partial	None
gene-F5B20DRAFT_524026	rna-gnl|WGS:JAJKKE|F5B20DRAFT_mRNA524026		None	None
gene-F5B20DRAFT_576345	rna-gnl|WGS:JAJKKE|F5B20DRAFT_mRNA576345		None	None
gene-F5B20DRAFT_524027	rna-gnl|WGS:JAJKKE|F5B20DRAFT_mRNA524027	PF00106.32	Partial	None
gene-F5B20DRAFT_524029	rna-gnl|WGS:JAJKKE|F5B20DRAFT_mRNA524029	PF00324.28,PF13520.13	Partial	None
gene-F5B20DRAFT_524031	rna-gnl|WGS:JAJKKE|F5B20DRAFT_mRNA524031	PF20684.4	Partial	None
gene-F5B20DRAFT_524032	rna-gnl|WGS:JAJKKE|F5B20DRAFT_mRNA524032	PF00583.32	Partial	None
gene-F5B20DRAFT_287603	rna-gnl|WGS:JAJKKE|F5B20DRAFT_mRNA287603	PF00083.31,PF06609.19,PF07690.22	Partial	None
gene-F5B20DRAFT_576348	rna-gnl|WGS:JAJKKE|F5B20DRAFT_mRNA576348	PF11807.14	Partial	None
gene-F5B20DRAFT_524036	rna-gnl|WGS:JAJKKE|F5B20DRAFT_mRNA524036		None	None
gene-F5B20DRAFT_287616	rna-gnl|WGS:JAJKKE|F5B20DRAFT_mRNA287616	PF00775.28	Partial	None
gene-F5B20DRAFT_593305	rna-gnl|WGS:JAJKKE|F5B20DRAFT_mRNA593305		None	None
gene-F5B20DRAFT_524040	rna-gnl|WGS:JAJKKE|F5B20DRAFT_mRNA524040		None	None
gene-F5B20DRAFT_576351	rna-gnl|WGS:JAJKKE|F5B20DRAFT_mRNA576351		None	None
gene-F5B20DRAFT_576352	rna-gnl|WGS:JAJKKE|F5B20DRAFT_mRNA576352		None	None
gene-F5B20DRAFT_524042	rna-gnl|WGS:JAJKKE|F5B20DRAFT_mRNA524042		None	None
gene-F5B20DRAFT_593327	rna-gnl|WGS:JAJKKE|F5B20DRAFT_mRNA593327	PF00067.28	Partial	None
gene-F5B20DRAFT_524052	rna-gnl|WGS:JAJKKE|F5B20DRAFT_mRNA524052		None	None
gene-F5B20DRAFT_524054	rna-gnl|WGS:JAJKKE|F5B20DRAFT_mRNA524054	PF02127.21	Partial	None
gene-F5B20DRAFT_524055	rna-gnl|WGS:JAJKKE|F5B20DRAFT_mRNA524055	PF03403.20	Partial	None
gene-F5B20DRAFT_524057	rna-gnl|WGS:JAJKKE|F5B20DRAFT_mRNA524057	PF00023.37,PF12796.14,PF13606.13,PF13637.13,PF13857.13	Complete	None
gene-F5B20DRAFT_287783	rna-gnl|WGS:JAJKKE|F5B20DRAFT_mRNA287783	PF00173.34,PF00175.27,PF00667.27,PF01231.24	Complete	None
gene-F5B20DRAFT_287799	rna-gnl|WGS:JAJKKE|F5B20DRAFT_mRNA287799	PF08704.17,PF08704.17	Partial	None
gene-F5B20DRAFT_568263	rna-gnl|WGS:JAJKKE|F5B20DRAFT_mRNA568263	PF01406.26	Partial	None
gene-F5B20DRAFT_287817	rna-gnl|WGS:JAJKKE|F5B20DRAFT_mRNA287817	PF12585.14	Partial	None
gene-F5B20DRAFT_576362	rna-gnl|WGS:JAJKKE|F5B20DRAFT_mRNA576362	PF01423.29	Partial	None
gene-F5B20DRAFT_524073	rna-gnl|WGS:JAJKKE|F5B20DRAFT_mRNA524073	PF00579.32	Partial	None
gene-F5B20DRAFT_576364	rna-gnl|WGS:JAJKKE|F5B20DRAFT_mRNA576364		None	None
gene-F5B20DRAFT_524076	rna-gnl|WGS:JAJKKE|F5B20DRAFT_mRNA524076	PF00082.28,PF09286.17	Partial	None
gene-F5B20DRAFT_287997	rna-gnl|WGS:JAJKKE|F5B20DRAFT_mRNA287997		None	None
gene-F5B20DRAFT_593347	rna-gnl|WGS:JAJKKE|F5B20DRAFT_mRNA593347		None	None
gene-F5B20DRAFT_524082	rna-gnl|WGS:JAJKKE|F5B20DRAFT_mRNA524082	PF00176.30,PF00270.36,PF00271.38,PF04851.22	Complete	None
gene-F5B20DRAFT_593349	rna-gnl|WGS:JAJKKE|F5B20DRAFT_mRNA593349		None	None
gene-F5B20DRAFT_524090	rna-gnl|WGS:JAJKKE|F5B20DRAFT_mRNA524090	PF00732.26,PF05199.20,PF13450.13	Complete	None
gene-F5B20DRAFT_524097	rna-gnl|WGS:JAJKKE|F5B20DRAFT_mRNA524097		None	None
gene-F5B20DRAFT_593363	rna-gnl|WGS:JAJKKE|F5B20DRAFT_mRNA593363		None	None
gene-F5B20DRAFT_576372	rna-gnl|WGS:JAJKKE|F5B20DRAFT_mRNA576372		None	None
gene-F5B20DRAFT_288132	rna-gnl|WGS:JAJKKE|F5B20DRAFT_mRNA288132	PF20150.5	Complete	None
gene-F5B20DRAFT_288155	rna-gnl|WGS:JAJKKE|F5B20DRAFT_mRNA288155		None	None
gene-F5B20DRAFT_568268	rna-gnl|WGS:JAJKKE|F5B20DRAFT_mRNA568268	PF01546.34,PF07687.20	Complete	None
gene-F5B20DRAFT_576375	rna-gnl|WGS:JAJKKE|F5B20DRAFT_mRNA576375		None	None
gene-F5B20DRAFT_524112	rna-gnl|WGS:JAJKKE|F5B20DRAFT_mRNA524112	PF04303.19	Partial	None
gene-F5B20DRAFT_568270	rna-gnl|WGS:JAJKKE|F5B20DRAFT_mRNA568270	PF01494.26	Partial	None
gene-F5B20DRAFT_576378	rna-gnl|WGS:JAJKKE|F5B20DRAFT_mRNA576378	PF00106.32,PF00107.33,PF00109.33,PF00698.27,PF01209.25,PF02801.29,PF08240.18,PF08241.19,PF08242.19,PF08659.17,PF13489.13,PF13602.13,PF13649.13,PF13847.13,PF14765.13,PF16197.12,PF21089.4,PF23114.1,PF23297.2	Complete	None
gene-F5B20DRAFT_576379	rna-gnl|WGS:JAJKKE|F5B20DRAFT_mRNA576379	PF03932.21,PF03932.21	Partial	None
gene-F5B20DRAFT_576380	rna-gnl|WGS:JAJKKE|F5B20DRAFT_mRNA576380		None	None
gene-F5B20DRAFT_576381	rna-gnl|WGS:JAJKKE|F5B20DRAFT_mRNA576381	PF09419.17,PF13242.13	Complete	None
gene-F5B20DRAFT_524153	rna-gnl|WGS:JAJKKE|F5B20DRAFT_mRNA524153	PF04084.21,PF24882.2	Complete	None
gene-F5B20DRAFT_576383	rna-gnl|WGS:JAJKKE|F5B20DRAFT_mRNA576383	PF04828.23	Partial	None
gene-F5B20DRAFT_524162	rna-gnl|WGS:JAJKKE|F5B20DRAFT_mRNA524162		None	None
gene-F5B20DRAFT_568273	rna-gnl|WGS:JAJKKE|F5B20DRAFT_mRNA568273	PF00004.36,PF01960.24,PF08542.17	Complete	None
gene-F5B20DRAFT_524169	rna-gnl|WGS:JAJKKE|F5B20DRAFT_mRNA524169	PF20684.4	Partial	None
gene-F5B20DRAFT_288566	rna-gnl|WGS:JAJKKE|F5B20DRAFT_mRNA288566		None	None
gene-F5B20DRAFT_576390	rna-gnl|WGS:JAJKKE|F5B20DRAFT_mRNA576390	PF00891.25	Partial	None
gene-F5B20DRAFT_576391	rna-gnl|WGS:JAJKKE|F5B20DRAFT_mRNA576391	PF11807.14	Partial	None
gene-F5B20DRAFT_524184	rna-gnl|WGS:JAJKKE|F5B20DRAFT_mRNA524184		None	None
gene-F5B20DRAFT_524187	rna-gnl|WGS:JAJKKE|F5B20DRAFT_mRNA524187	PF11807.14	Partial	None
gene-F5B20DRAFT_524189	rna-gnl|WGS:JAJKKE|F5B20DRAFT_mRNA524189	PF00264.26	Partial	None
gene-F5B20DRAFT_524196	rna-gnl|WGS:JAJKKE|F5B20DRAFT_mRNA524196	PF07690.22	Partial	None
gene-F5B20DRAFT_593375	rna-gnl|WGS:JAJKKE|F5B20DRAFT_mRNA593375	PF00651.38	Partial	None
gene-F5B20DRAFT_288673	rna-gnl|WGS:JAJKKE|F5B20DRAFT_mRNA288673		None	None
gene-F5B20DRAFT_593377	rna-gnl|WGS:JAJKKE|F5B20DRAFT_mRNA593377		None	None
gene-F5B20DRAFT_524201	rna-gnl|WGS:JAJKKE|F5B20DRAFT_mRNA524201	PF04511.21	Partial	None
gene-F5B20DRAFT_524202	rna-gnl|WGS:JAJKKE|F5B20DRAFT_mRNA524202		None	None
gene-F5B20DRAFT_576401	rna-gnl|WGS:JAJKKE|F5B20DRAFT_mRNA576401	PF27986.1,PF27986.1	Partial	None
gene-F5B20DRAFT_288906	rna-gnl|WGS:JAJKKE|F5B20DRAFT_mRNA288906	PF01244.29	Partial	None
gene-F5B20DRAFT_568279	rna-gnl|WGS:JAJKKE|F5B20DRAFT_mRNA568279	PF07690.22	Partial	None
gene-F5B20DRAFT_288935	rna-gnl|WGS:JAJKKE|F5B20DRAFT_mRNA288935	PF02769.28,PF02769.28,PF13507.13,PF18072.7,PF18076.7,PF22689.2	Complete	None
gene-F5B20DRAFT_576408	rna-gnl|WGS:JAJKKE|F5B20DRAFT_mRNA576408	PF01161.27	Partial	None
gene-F5B20DRAFT_524258	rna-gnl|WGS:JAJKKE|F5B20DRAFT_mRNA524258	PF03171.27,PF14226.13	Complete	None
gene-F5B20DRAFT_593387	rna-gnl|WGS:JAJKKE|F5B20DRAFT_mRNA593387	PF07690.22	Partial	None
gene-F5B20DRAFT_t17	gene-F5B20DRAFT_t17		None	None
gene-F5B20DRAFT_576411	rna-gnl|WGS:JAJKKE|F5B20DRAFT_mRNA576411		None	None
gene-F5B20DRAFT_593391	rna-gnl|WGS:JAJKKE|F5B20DRAFT_mRNA593391		None	None
gene-F5B20DRAFT_289103	rna-gnl|WGS:JAJKKE|F5B20DRAFT_mRNA289103	PF00501.35,PF00550.32,PF00550.32,PF00550.32,PF00668.26,PF00668.26,PF00668.26	Complete	None
gene-F5B20DRAFT_289120	rna-gnl|WGS:JAJKKE|F5B20DRAFT_mRNA289120		None	None
gene-F5B20DRAFT_289155	rna-gnl|WGS:JAJKKE|F5B20DRAFT_mRNA289155	PF04499.21	Partial	None
gene-F5B20DRAFT_289187	rna-gnl|WGS:JAJKKE|F5B20DRAFT_mRNA289187	PF00109.33,PF00550.32,PF00698.27,PF00975.27,PF02801.29,PF14765.13,PF16073.11,PF22621.3	Complete	None
gene-F5B20DRAFT_524276	rna-gnl|WGS:JAJKKE|F5B20DRAFT_mRNA524276	PF07110.18	Partial	None
gene-F5B20DRAFT_524277	rna-gnl|WGS:JAJKKE|F5B20DRAFT_mRNA524277	PF07690.22	Partial	None
gene-F5B20DRAFT_289612	rna-gnl|WGS:JAJKKE|F5B20DRAFT_mRNA289612	PF02544.22,PF06966.18	Partial	None
gene-F5B20DRAFT_576419	rna-gnl|WGS:JAJKKE|F5B20DRAFT_mRNA576419	PF00394.29,PF07731.21,PF07732.22	Complete	None
gene-F5B20DRAFT_576420	rna-gnl|WGS:JAJKKE|F5B20DRAFT_mRNA576420	PF00400.39,PF00400.39,PF00400.39,PF00400.39,PF00400.39,PF00400.39,PF24951.4	Complete	None
gene-F5B20DRAFT_289672	rna-gnl|WGS:JAJKKE|F5B20DRAFT_mRNA289672	PF21041.4,PF21041.4,PF21042.3	Complete	None
gene-F5B20DRAFT_593407	rna-gnl|WGS:JAJKKE|F5B20DRAFT_mRNA593407	PF01979.27,PF07969.18	Partial	None
gene-F5B20DRAFT_524299	rna-gnl|WGS:JAJKKE|F5B20DRAFT_mRNA524299	PF00107.33,PF16884.11	Partial	None
gene-F5B20DRAFT_524301	rna-gnl|WGS:JAJKKE|F5B20DRAFT_mRNA524301		None	None
gene-F5B20DRAFT_593411	rna-gnl|WGS:JAJKKE|F5B20DRAFT_mRNA593411	PF00324.28,PF13520.13	Partial	None
gene-F5B20DRAFT_289930	rna-gnl|WGS:JAJKKE|F5B20DRAFT_mRNA289930	PF03169.21	Partial	None
gene-F5B20DRAFT_524316	rna-gnl|WGS:JAJKKE|F5B20DRAFT_mRNA524316	PF00082.28,PF05922.22	Partial	None
gene-F5B20DRAFT_289937	rna-gnl|WGS:JAJKKE|F5B20DRAFT_mRNA289937	PF01585.29,PF07842.18,PF12457.14,PF12656.13,PF31031.1	Complete	None
gene-F5B20DRAFT_524321	rna-gnl|WGS:JAJKKE|F5B20DRAFT_mRNA524321	PF05916.17,PF22466.2	Partial	None
gene-F5B20DRAFT_289972	rna-gnl|WGS:JAJKKE|F5B20DRAFT_mRNA289972	PF00081.28,PF02777.24	Partial	None
gene-F5B20DRAFT_289981	rna-gnl|WGS:JAJKKE|F5B20DRAFT_mRNA289981	PF00106.32,PF00109.33,PF00550.32,PF00698.27,PF02801.29,PF08659.17,PF14765.13,PF16197.12,PF21089.4,PF22336.3,PF22621.3	Complete	None
gene-F5B20DRAFT_290046	rna-gnl|WGS:JAJKKE|F5B20DRAFT_mRNA290046	PF00042.29,PF00175.27	Complete	None
gene-F5B20DRAFT_524331	rna-gnl|WGS:JAJKKE|F5B20DRAFT_mRNA524331	PF00534.27,PF13692.13,PF20706.4,PF21269.4,PF27036.1	Complete	None
gene-F5B20DRAFT_524370	rna-gnl|WGS:JAJKKE|F5B20DRAFT_mRNA524370		None	None
gene-F5B20DRAFT_524371	rna-gnl|WGS:JAJKKE|F5B20DRAFT_mRNA524371	PF11911.14	Partial	None
gene-F5B20DRAFT_290336	rna-gnl|WGS:JAJKKE|F5B20DRAFT_mRNA290336	PF12624.15,PF25033.2,PF25036.3,PF25037.2	Complete	None
gene-F5B20DRAFT_576436	rna-gnl|WGS:JAJKKE|F5B20DRAFT_mRNA576436	PF00067.28	Partial	None
gene-F5B20DRAFT_290383	rna-gnl|WGS:JAJKKE|F5B20DRAFT_mRNA290383		None	None
gene-F5B20DRAFT_290399	rna-gnl|WGS:JAJKKE|F5B20DRAFT_mRNA290399		None	None
gene-F5B20DRAFT_524388	rna-gnl|WGS:JAJKKE|F5B20DRAFT_mRNA524388	PF01425.27,PF01425.27	Partial	None
gene-F5B20DRAFT_593415	rna-gnl|WGS:JAJKKE|F5B20DRAFT_mRNA593415		None	None
gene-F5B20DRAFT_290546	rna-gnl|WGS:JAJKKE|F5B20DRAFT_mRNA290546		None	None
gene-F5B20DRAFT_290559	rna-gnl|WGS:JAJKKE|F5B20DRAFT_mRNA290559		None	None
gene-F5B20DRAFT_524396	rna-gnl|WGS:JAJKKE|F5B20DRAFT_mRNA524396	PF01494.26,PF13450.13	Partial	None
gene-F5B20DRAFT_524398	rna-gnl|WGS:JAJKKE|F5B20DRAFT_mRNA524398	PF03403.20,PF03403.20	Partial	None
gene-F5B20DRAFT_524399	rna-gnl|WGS:JAJKKE|F5B20DRAFT_mRNA524399		None	None
gene-F5B20DRAFT_524402	rna-gnl|WGS:JAJKKE|F5B20DRAFT_mRNA524402	PF13577.13,PF14534.13	Partial	None
gene-F5B20DRAFT_524406	rna-gnl|WGS:JAJKKE|F5B20DRAFT_mRNA524406	PF01218.24	Partial	None
gene-F5B20DRAFT_524409	rna-gnl|WGS:JAJKKE|F5B20DRAFT_mRNA524409	PF03328.21	Partial	None
gene-F5B20DRAFT_290696	rna-gnl|WGS:JAJKKE|F5B20DRAFT_mRNA290696		None	None
gene-F5B20DRAFT_524414	rna-gnl|WGS:JAJKKE|F5B20DRAFT_mRNA524414	PF00389.37,PF02826.26	Partial	None
gene-F5B20DRAFT_524424	rna-gnl|WGS:JAJKKE|F5B20DRAFT_mRNA524424	PF03328.21	Partial	None
gene-F5B20DRAFT_576451	rna-gnl|WGS:JAJKKE|F5B20DRAFT_mRNA576451	PF09362.16	Partial	None
gene-F5B20DRAFT_593427	rna-gnl|WGS:JAJKKE|F5B20DRAFT_mRNA593427	PF20345.3	Partial	None
gene-F5B20DRAFT_290931	rna-gnl|WGS:JAJKKE|F5B20DRAFT_mRNA290931	PF20150.5	Partial	None
gene-F5B20DRAFT_290990	rna-gnl|WGS:JAJKKE|F5B20DRAFT_mRNA290990	PF20684.4	Partial	None
gene-F5B20DRAFT_568310	rna-gnl|WGS:JAJKKE|F5B20DRAFT_mRNA568310	PF01565.29	Partial	None
gene-F5B20DRAFT_291215	rna-gnl|WGS:JAJKKE|F5B20DRAFT_mRNA291215	PF00067.28	Partial	None
gene-F5B20DRAFT_576459	rna-gnl|WGS:JAJKKE|F5B20DRAFT_mRNA576459	PF00891.25	Partial	None
gene-F5B20DRAFT_524484	rna-gnl|WGS:JAJKKE|F5B20DRAFT_mRNA524484	PF00106.32,PF00107.33,PF00109.33,PF00550.32,PF00698.27,PF02801.29,PF08240.18,PF08241.19,PF08242.19,PF08659.17,PF13489.13,PF13602.13,PF13847.13,PF14765.13,PF16197.12,PF21089.4,PF23297.2	Complete	None
gene-F5B20DRAFT_576461	rna-gnl|WGS:JAJKKE|F5B20DRAFT_mRNA576461	PF00439.31,PF00439.31,PF17035.11	Complete	None
gene-F5B20DRAFT_524497	rna-gnl|WGS:JAJKKE|F5B20DRAFT_mRNA524497	PF04003.18	Partial	None
gene-F5B20DRAFT_593431	rna-gnl|WGS:JAJKKE|F5B20DRAFT_mRNA593431	PF00004.36,PF00158.33,PF05496.19,PF12002.14,PF16193.12	Complete	None
gene-F5B20DRAFT_524501	rna-gnl|WGS:JAJKKE|F5B20DRAFT_mRNA524501		None	None
gene-F5B20DRAFT_524503	rna-gnl|WGS:JAJKKE|F5B20DRAFT_mRNA524503	PF20684.4	Partial	None
gene-F5B20DRAFT_524506	rna-gnl|WGS:JAJKKE|F5B20DRAFT_mRNA524506	PF12796.14	Complete	None
gene-F5B20DRAFT_593435	rna-gnl|WGS:JAJKKE|F5B20DRAFT_mRNA593435	PF25484.2	Partial	None
gene-F5B20DRAFT_291727	rna-gnl|WGS:JAJKKE|F5B20DRAFT_mRNA291727	PF01073.26,PF01370.28	Partial	None
gene-F5B20DRAFT_291731	rna-gnl|WGS:JAJKKE|F5B20DRAFT_mRNA291731	PF11951.14	Partial	None
gene-F5B20DRAFT_524516	rna-gnl|WGS:JAJKKE|F5B20DRAFT_mRNA524516	PF01521.27	Partial	None
gene-F5B20DRAFT_291762	rna-gnl|WGS:JAJKKE|F5B20DRAFT_mRNA291762	PF08427.16	Partial	None
gene-F5B20DRAFT_291763	rna-gnl|WGS:JAJKKE|F5B20DRAFT_mRNA291763	PF13640.13	Partial	None
gene-F5B20DRAFT_568318	rna-gnl|WGS:JAJKKE|F5B20DRAFT_mRNA568318	PF05175.21,PF06325.20,PF10294.16	Partial	None
gene-F5B20DRAFT_576473	rna-gnl|WGS:JAJKKE|F5B20DRAFT_mRNA576473	PF00450.29	Partial	None
gene-F5B20DRAFT_568331	rna-gnl|WGS:JAJKKE|F5B20DRAFT_mRNA568331		None	None
gene-F5B20DRAFT_292259	rna-gnl|WGS:JAJKKE|F5B20DRAFT_mRNA292259		None	None
gene-F5B20DRAFT_524535	rna-gnl|WGS:JAJKKE|F5B20DRAFT_mRNA524535	PF06985.18,PF26639.1	Complete	None
gene-F5B20DRAFT_576478	rna-gnl|WGS:JAJKKE|F5B20DRAFT_mRNA576478		None	None
gene-F5B20DRAFT_524536	rna-gnl|WGS:JAJKKE|F5B20DRAFT_mRNA524536		None	None
gene-F5B20DRAFT_593450	rna-gnl|WGS:JAJKKE|F5B20DRAFT_mRNA593450	PF01544.24	Complete	None
gene-F5B20DRAFT_524538	rna-gnl|WGS:JAJKKE|F5B20DRAFT_mRNA524538	PF05705.21	Partial	None
gene-F5B20DRAFT_576482	rna-gnl|WGS:JAJKKE|F5B20DRAFT_mRNA576482	PF00026.29	Partial	None
gene-F5B20DRAFT_292521	rna-gnl|WGS:JAJKKE|F5B20DRAFT_mRNA292521	PF00300.28,PF01591.25,PF13671.13	Partial	None
gene-F5B20DRAFT_292445	rna-gnl|WGS:JAJKKE|F5B20DRAFT_mRNA292445		None	None
gene-F5B20DRAFT_524549	rna-gnl|WGS:JAJKKE|F5B20DRAFT_mRNA524549	PF07690.22	Partial	None
gene-F5B20DRAFT_576485	rna-gnl|WGS:JAJKKE|F5B20DRAFT_mRNA576485	PF00891.25	Partial	None
gene-F5B20DRAFT_568324	rna-gnl|WGS:JAJKKE|F5B20DRAFT_mRNA568324	PF00270.36,PF00271.38,PF13959.12	Complete	None
gene-F5B20DRAFT_524556	rna-gnl|WGS:JAJKKE|F5B20DRAFT_mRNA524556	PF01490.25	Partial	None
gene-F5B20DRAFT_524558	rna-gnl|WGS:JAJKKE|F5B20DRAFT_mRNA524558	PF01522.27	Partial	None
gene-F5B20DRAFT_293005	rna-gnl|WGS:JAJKKE|F5B20DRAFT_mRNA293005	PF00107.33,PF08240.18	Partial	None
gene-F5B20DRAFT_568328	rna-gnl|WGS:JAJKKE|F5B20DRAFT_mRNA568328	PF00096.33,PF01425.27,PF04082.24,PF31024.1	Complete	None
gene-F5B20DRAFT_524588	rna-gnl|WGS:JAJKKE|F5B20DRAFT_mRNA524588	PF07859.20,PF10340.16,PF20434.6	Partial	None
gene-F5B20DRAFT_293035	rna-gnl|WGS:JAJKKE|F5B20DRAFT_mRNA293035		None	None
gene-F5B20DRAFT_293137	rna-gnl|WGS:JAJKKE|F5B20DRAFT_mRNA293137	PF00067.28	Partial	None
gene-F5B20DRAFT_524596	rna-gnl|WGS:JAJKKE|F5B20DRAFT_mRNA524596	PF20684.4	Partial	None
gene-F5B20DRAFT_524598	rna-gnl|WGS:JAJKKE|F5B20DRAFT_mRNA524598	PF00633.30,PF00730.32,PF14815.13	Complete	None
gene-F5B20DRAFT_568332	rna-gnl|WGS:JAJKKE|F5B20DRAFT_mRNA568332		None	None
gene-F5B20DRAFT_524606	rna-gnl|WGS:JAJKKE|F5B20DRAFT_mRNA524606	PF00616.25,PF13716.12,PF21877.3	Complete	None
gene-F5B20DRAFT_524609	rna-gnl|WGS:JAJKKE|F5B20DRAFT_mRNA524609	PF03159.25,PF17846.7	Partial	None
gene-F5B20DRAFT_293287	rna-gnl|WGS:JAJKKE|F5B20DRAFT_mRNA293287	PF04869.21,PF04871.19	Complete	None
gene-F5B20DRAFT_524615	rna-gnl|WGS:JAJKKE|F5B20DRAFT_mRNA524615	PF05175.21,PF06325.20,PF08241.19,PF13649.13,PF13847.13,PF21137.4,PF22528.2	Complete	None
gene-F5B20DRAFT_524618	rna-gnl|WGS:JAJKKE|F5B20DRAFT_mRNA524618	PF00924.25,PF25886.1	Complete	None
gene-F5B20DRAFT_524621	rna-gnl|WGS:JAJKKE|F5B20DRAFT_mRNA524621	PF00083.31,PF07690.22	Partial	None
gene-F5B20DRAFT_293433	rna-gnl|WGS:JAJKKE|F5B20DRAFT_mRNA293433	PF09441.16	Partial	None
gene-F5B20DRAFT_293603	rna-gnl|WGS:JAJKKE|F5B20DRAFT_mRNA293603	PF00153.33,PF00153.33,PF00153.33	Complete	None
gene-F5B20DRAFT_293551	rna-gnl|WGS:JAJKKE|F5B20DRAFT_mRNA293551	PF04112.19,PF25789.2	Partial	None
gene-F5B20DRAFT_576508	rna-gnl|WGS:JAJKKE|F5B20DRAFT_mRNA576508		None	None
gene-F5B20DRAFT_524643	rna-gnl|WGS:JAJKKE|F5B20DRAFT_mRNA524643	PF00675.26,PF05193.27	Partial	None
gene-F5B20DRAFT_524645	rna-gnl|WGS:JAJKKE|F5B20DRAFT_mRNA524645	PF05645.20,PF08221.18,PF22536.3	Complete	None
gene-F5B20DRAFT_524649	rna-gnl|WGS:JAJKKE|F5B20DRAFT_mRNA524649	PF00153.33,PF00153.33	Complete	None
gene-F5B20DRAFT_576512	rna-gnl|WGS:JAJKKE|F5B20DRAFT_mRNA576512	PF30690.1	Partial	None
gene-F5B20DRAFT_524660	rna-gnl|WGS:JAJKKE|F5B20DRAFT_mRNA524660	PF01040.24	Partial	None
gene-F5B20DRAFT_576514	rna-gnl|WGS:JAJKKE|F5B20DRAFT_mRNA576514		None	None
gene-F5B20DRAFT_524664	rna-gnl|WGS:JAJKKE|F5B20DRAFT_mRNA524664		None	None
gene-F5B20DRAFT_568342	rna-gnl|WGS:JAJKKE|F5B20DRAFT_mRNA568342		None	None
gene-F5B20DRAFT_293892	rna-gnl|WGS:JAJKKE|F5B20DRAFT_mRNA293892	PF00587.31	Complete	None
gene-F5B20DRAFT_524670	rna-gnl|WGS:JAJKKE|F5B20DRAFT_mRNA524670	PF00022.27	Partial	None
gene-F5B20DRAFT_524672	rna-gnl|WGS:JAJKKE|F5B20DRAFT_mRNA524672	PF00752.24,PF00867.24,PF18380.8	Complete	None
gene-F5B20DRAFT_293936	rna-gnl|WGS:JAJKKE|F5B20DRAFT_mRNA293936		None	None
gene-F5B20DRAFT_293940	rna-gnl|WGS:JAJKKE|F5B20DRAFT_mRNA293940	PF12311.14	Partial	None
gene-F5B20DRAFT_293997	rna-gnl|WGS:JAJKKE|F5B20DRAFT_mRNA293997		None	None
gene-F5B20DRAFT_294032	rna-gnl|WGS:JAJKKE|F5B20DRAFT_mRNA294032		None	None
gene-F5B20DRAFT_576523	rna-gnl|WGS:JAJKKE|F5B20DRAFT_mRNA576523	PF00069.32,PF07714.24,PF07714.24	Partial	None
gene-F5B20DRAFT_524687	rna-gnl|WGS:JAJKKE|F5B20DRAFT_mRNA524687	PF02201.24,PF29592.1,PF29592.1	Complete	None
gene-F5B20DRAFT_524690	rna-gnl|WGS:JAJKKE|F5B20DRAFT_mRNA524690	PF00106.32,PF13561.13	Partial	None
gene-F5B20DRAFT_294238	rna-gnl|WGS:JAJKKE|F5B20DRAFT_mRNA294238	PF08569.18	Partial	None
gene-F5B20DRAFT_524697	rna-gnl|WGS:JAJKKE|F5B20DRAFT_mRNA524697	PF08457.16,PF08457.16	Partial	None
gene-F5B20DRAFT_294556	rna-gnl|WGS:JAJKKE|F5B20DRAFT_mRNA294556	PF12234.14	Partial	None
gene-F5B20DRAFT_294292	rna-gnl|WGS:JAJKKE|F5B20DRAFT_mRNA294292	PF01966.29	Partial	None
gene-F5B20DRAFT_294593	rna-gnl|WGS:JAJKKE|F5B20DRAFT_mRNA294593	PF03169.21	Partial	None
gene-F5B20DRAFT_593473	rna-gnl|WGS:JAJKKE|F5B20DRAFT_mRNA593473	PF01738.25	Partial	None
gene-F5B20DRAFT_524710	rna-gnl|WGS:JAJKKE|F5B20DRAFT_mRNA524710	PF00012.27,PF06723.20	Partial	None
gene-F5B20DRAFT_294476	rna-gnl|WGS:JAJKKE|F5B20DRAFT_mRNA294476	PF11326.14	Partial	None
gene-F5B20DRAFT_524712	rna-gnl|WGS:JAJKKE|F5B20DRAFT_mRNA524712	PF00076.29,PF10443.16	Complete	None
gene-F5B20DRAFT_524713	rna-gnl|WGS:JAJKKE|F5B20DRAFT_mRNA524713	PF07883.18,PF11699.15,PF15624.12	Complete	None
gene-F5B20DRAFT_294704	rna-gnl|WGS:JAJKKE|F5B20DRAFT_mRNA294704	PF01351.26	Partial	None
gene-F5B20DRAFT_568355	rna-gnl|WGS:JAJKKE|F5B20DRAFT_mRNA568355	PF02263.26,PF05879.19,PF20428.4	Partial	None
gene-F5B20DRAFT_524716	rna-gnl|WGS:JAJKKE|F5B20DRAFT_mRNA524716	PF00400.39,PF08149.17	Complete	None
gene-F5B20DRAFT_576539	rna-gnl|WGS:JAJKKE|F5B20DRAFT_mRNA576539	PF04950.19,PF08142.19,PF22298.3	Complete	None
gene-F5B20DRAFT_294744	rna-gnl|WGS:JAJKKE|F5B20DRAFT_mRNA294744	PF02492.26	Partial	None
gene-F5B20DRAFT_t14	gene-F5B20DRAFT_t14		None	None
gene-F5B20DRAFT_576541	rna-gnl|WGS:JAJKKE|F5B20DRAFT_mRNA576541		None	None
gene-F5B20DRAFT_576542	rna-gnl|WGS:JAJKKE|F5B20DRAFT_mRNA576542	PF04438.23	Partial	None
gene-F5B20DRAFT_524737	rna-gnl|WGS:JAJKKE|F5B20DRAFT_mRNA524737	PF01106.23,PF08712.17	Complete	None
gene-F5B20DRAFT_295012	rna-gnl|WGS:JAJKKE|F5B20DRAFT_mRNA295012	PF04468.18	Complete	None
gene-F5B20DRAFT_593477	rna-gnl|WGS:JAJKKE|F5B20DRAFT_mRNA593477		None	None
gene-F5B20DRAFT_524749	rna-gnl|WGS:JAJKKE|F5B20DRAFT_mRNA524749	PF00827.23	Partial	None
gene-F5B20DRAFT_295155	rna-gnl|WGS:JAJKKE|F5B20DRAFT_mRNA295155	PF00806.26,PF00806.26,PF00806.26,PF00806.26,PF00806.26,PF00806.26,PF00806.26,PF00806.26	Complete	None
gene-F5B20DRAFT_295277	rna-gnl|WGS:JAJKKE|F5B20DRAFT_mRNA295277	PF00562.34,PF04560.26,PF04561.20,PF04563.21,PF04565.22,PF04566.19,PF04567.23	Complete	None
gene-F5B20DRAFT_295370	rna-gnl|WGS:JAJKKE|F5B20DRAFT_mRNA295370	PF08423.18,PF13481.13	Partial	None
gene-F5B20DRAFT_576550	rna-gnl|WGS:JAJKKE|F5B20DRAFT_mRNA576550		None	None
gene-F5B20DRAFT_295691	rna-gnl|WGS:JAJKKE|F5B20DRAFT_mRNA295691	PF00755.26	Partial	None
gene-F5B20DRAFT_295701	rna-gnl|WGS:JAJKKE|F5B20DRAFT_mRNA295701	PF00083.31,PF06609.19,PF07690.22	Partial	None
gene-F5B20DRAFT_295728	rna-gnl|WGS:JAJKKE|F5B20DRAFT_mRNA295728	PF20150.5	Partial	None
gene-F5B20DRAFT_295734	rna-gnl|WGS:JAJKKE|F5B20DRAFT_mRNA295734	PF17119.11,PF17119.11	Partial	None
gene-F5B20DRAFT_295765	rna-gnl|WGS:JAJKKE|F5B20DRAFT_mRNA295765	PF00025.28,PF00071.29,PF01926.30,PF08477.20	Partial	None
gene-F5B20DRAFT_295810	rna-gnl|WGS:JAJKKE|F5B20DRAFT_mRNA295810		None	None
gene-F5B20DRAFT_295834	rna-gnl|WGS:JAJKKE|F5B20DRAFT_mRNA295834	PF00106.32,PF08659.17	Partial	None
gene-F5B20DRAFT_295806	rna-gnl|WGS:JAJKKE|F5B20DRAFT_mRNA295806	PF00400.39,PF00400.39,PF00400.39	Complete	None
gene-F5B20DRAFT_524820	rna-gnl|WGS:JAJKKE|F5B20DRAFT_mRNA524820	PF00400.39,PF00400.39,PF12341.15,PF12894.14,PF20946.3,PF24817.2	Complete	None
gene-F5B20DRAFT_524823	rna-gnl|WGS:JAJKKE|F5B20DRAFT_mRNA524823	PF20684.4	Partial	None
gene-F5B20DRAFT_295923	rna-gnl|WGS:JAJKKE|F5B20DRAFT_mRNA295923	PF00005.34,PF00005.34,PF01061.30,PF01061.30,PF06422.19,PF06422.19,PF14510.12,PF19055.7	Complete	None
gene-F5B20DRAFT_576562	rna-gnl|WGS:JAJKKE|F5B20DRAFT_mRNA576562		None	None
gene-F5B20DRAFT_576563	rna-gnl|WGS:JAJKKE|F5B20DRAFT_mRNA576563	PF00447.24	Partial	None
gene-F5B20DRAFT_295977	rna-gnl|WGS:JAJKKE|F5B20DRAFT_mRNA295977		None	None
gene-F5B20DRAFT_296174	rna-gnl|WGS:JAJKKE|F5B20DRAFT_mRNA296174	PF00549.25,PF08442.16	Complete	None
gene-F5B20DRAFT_296222	rna-gnl|WGS:JAJKKE|F5B20DRAFT_mRNA296222		None	None
gene-F5B20DRAFT_524852	rna-gnl|WGS:JAJKKE|F5B20DRAFT_mRNA524852		None	None
gene-F5B20DRAFT_524854	rna-gnl|WGS:JAJKKE|F5B20DRAFT_mRNA524854	PF03881.21	Partial	None
gene-F5B20DRAFT_524857	rna-gnl|WGS:JAJKKE|F5B20DRAFT_mRNA524857		None	None
gene-F5B20DRAFT_568373	rna-gnl|WGS:JAJKKE|F5B20DRAFT_mRNA568373	PF00723.28	Partial	None
gene-F5B20DRAFT_524865	rna-gnl|WGS:JAJKKE|F5B20DRAFT_mRNA524865	PF03343.19,PF19252.5	Partial	None
gene-F5B20DRAFT_593489	rna-gnl|WGS:JAJKKE|F5B20DRAFT_mRNA593489		None	None
gene-F5B20DRAFT_296355	rna-gnl|WGS:JAJKKE|F5B20DRAFT_mRNA296355	PF20684.4	Partial	None
gene-F5B20DRAFT_296392	rna-gnl|WGS:JAJKKE|F5B20DRAFT_mRNA296392	PF00025.28,PF00071.29,PF04670.19,PF08477.20	Partial	None
gene-F5B20DRAFT_296366	rna-gnl|WGS:JAJKKE|F5B20DRAFT_mRNA296366	PF12505.15,PF22786.3,PF26150.1,PF26153.1,PF26174.1	Complete	None
gene-F5B20DRAFT_524881	rna-gnl|WGS:JAJKKE|F5B20DRAFT_mRNA524881	PF00185.31,PF02729.27	Partial	None
gene-F5B20DRAFT_524886	rna-gnl|WGS:JAJKKE|F5B20DRAFT_mRNA524886	PF01842.32,PF10369.16,PF22629.3	Complete	None
gene-F5B20DRAFT_568379	rna-gnl|WGS:JAJKKE|F5B20DRAFT_mRNA568379	PF00013.36,PF06159.19,PF22675.3,PF23469.2,PF23647.3	Complete	None
gene-F5B20DRAFT_296604	rna-gnl|WGS:JAJKKE|F5B20DRAFT_mRNA296604		None	None
gene-F5B20DRAFT_296630	rna-gnl|WGS:JAJKKE|F5B20DRAFT_mRNA296630	PF02141.27,PF03455.25,PF03456.26	Complete	None
gene-F5B20DRAFT_576580	rna-gnl|WGS:JAJKKE|F5B20DRAFT_mRNA576580	PF07491.17	Partial	None
gene-F5B20DRAFT_576581	rna-gnl|WGS:JAJKKE|F5B20DRAFT_mRNA576581	PF00026.29,PF14543.12	Partial	None
gene-F5B20DRAFT_524910	rna-gnl|WGS:JAJKKE|F5B20DRAFT_mRNA524910		None	None
gene-F5B20DRAFT_524911	rna-gnl|WGS:JAJKKE|F5B20DRAFT_mRNA524911	PF08690.16	Partial	None
gene-F5B20DRAFT_t16	gene-F5B20DRAFT_t16		None	None
gene-F5B20DRAFT_296703	rna-gnl|WGS:JAJKKE|F5B20DRAFT_mRNA296703		None	None
gene-F5B20DRAFT_576585	rna-gnl|WGS:JAJKKE|F5B20DRAFT_mRNA576585	PF00010.32	Complete	None
gene-F5B20DRAFT_296803	rna-gnl|WGS:JAJKKE|F5B20DRAFT_mRNA296803	PF00817.26,PF11799.14	Complete	None
gene-F5B20DRAFT_524922	rna-gnl|WGS:JAJKKE|F5B20DRAFT_mRNA524922		None	None
gene-F5B20DRAFT_t15	gene-F5B20DRAFT_t15		None	None
gene-F5B20DRAFT_524926	rna-gnl|WGS:JAJKKE|F5B20DRAFT_mRNA524926	PF00168.37,PF00168.37,PF25331.2,PF25669.2	Complete	None
gene-F5B20DRAFT_524931	rna-gnl|WGS:JAJKKE|F5B20DRAFT_mRNA524931	PF05047.23	Partial	None
gene-F5B20DRAFT_296929	rna-gnl|WGS:JAJKKE|F5B20DRAFT_mRNA296929	PF00173.34,PF00487.31	Complete	None
gene-F5B20DRAFT_524936	rna-gnl|WGS:JAJKKE|F5B20DRAFT_mRNA524936		None	None
gene-F5B20DRAFT_593511	rna-gnl|WGS:JAJKKE|F5B20DRAFT_mRNA593511	PF14441.13	Complete	None
gene-F5B20DRAFT_593516	rna-gnl|WGS:JAJKKE|F5B20DRAFT_mRNA593516	PF20150.5	Partial	None
gene-F5B20DRAFT_576594	rna-gnl|WGS:JAJKKE|F5B20DRAFT_mRNA576594		None	None
gene-F5B20DRAFT_593540	rna-gnl|WGS:JAJKKE|F5B20DRAFT_mRNA593540	PF06522.17	Complete	None
gene-F5B20DRAFT_524947	rna-gnl|WGS:JAJKKE|F5B20DRAFT_mRNA524947	PF00076.29	Partial	None
gene-F5B20DRAFT_524949	rna-gnl|WGS:JAJKKE|F5B20DRAFT_mRNA524949	PF00400.39,PF12931.14	Complete	None
gene-F5B20DRAFT_524951	rna-gnl|WGS:JAJKKE|F5B20DRAFT_mRNA524951	PF13019.13,PF22782.2	Partial	None
gene-F5B20DRAFT_524952	rna-gnl|WGS:JAJKKE|F5B20DRAFT_mRNA524952		None	None
gene-F5B20DRAFT_297212	rna-gnl|WGS:JAJKKE|F5B20DRAFT_mRNA297212	PF03501.22	Partial	None
gene-F5B20DRAFT_524957	rna-gnl|WGS:JAJKKE|F5B20DRAFT_mRNA524957	PF00107.33,PF08240.18,PF13602.13,PF16912.12	Partial	None
gene-F5B20DRAFT_297329	rna-gnl|WGS:JAJKKE|F5B20DRAFT_mRNA297329	PF12505.15	Partial	None
gene-F5B20DRAFT_576602	rna-gnl|WGS:JAJKKE|F5B20DRAFT_mRNA576602		None	None
gene-F5B20DRAFT_524970	rna-gnl|WGS:JAJKKE|F5B20DRAFT_mRNA524970	PF00632.31	Complete	None
gene-F5B20DRAFT_297367	rna-gnl|WGS:JAJKKE|F5B20DRAFT_mRNA297367		None	None
gene-F5B20DRAFT_297656	rna-gnl|WGS:JAJKKE|F5B20DRAFT_mRNA297656		None	None
gene-F5B20DRAFT_576605	rna-gnl|WGS:JAJKKE|F5B20DRAFT_mRNA576605	PF01794.26,PF08022.19,PF08030.18	Complete	None
gene-F5B20DRAFT_297407	rna-gnl|WGS:JAJKKE|F5B20DRAFT_mRNA297407	PF04145.21	Partial	None
gene-F5B20DRAFT_297461	rna-gnl|WGS:JAJKKE|F5B20DRAFT_mRNA297461	PF01965.31	Partial	None
gene-F5B20DRAFT_524991	rna-gnl|WGS:JAJKKE|F5B20DRAFT_mRNA524991	PF00044.31,PF02800.27	Partial	None
gene-F5B20DRAFT_524993	rna-gnl|WGS:JAJKKE|F5B20DRAFT_mRNA524993	PF00004.36,PF03796.22,PF06068.20,PF17856.8	Complete	None
gene-F5B20DRAFT_576610	rna-gnl|WGS:JAJKKE|F5B20DRAFT_mRNA576610		None	None
gene-F5B20DRAFT_297834	rna-gnl|WGS:JAJKKE|F5B20DRAFT_mRNA297834	PF01981.22	Partial	None
gene-F5B20DRAFT_297862	rna-gnl|WGS:JAJKKE|F5B20DRAFT_mRNA297862		None	None
gene-F5B20DRAFT_524999	rna-gnl|WGS:JAJKKE|F5B20DRAFT_mRNA524999	PF02213.22	Complete	None
gene-F5B20DRAFT_525001	rna-gnl|WGS:JAJKKE|F5B20DRAFT_mRNA525001	PF03152.22,PF24842.2	Partial	None
gene-F5B20DRAFT_525004	rna-gnl|WGS:JAJKKE|F5B20DRAFT_mRNA525004		None	None
gene-F5B20DRAFT_298188	rna-gnl|WGS:JAJKKE|F5B20DRAFT_mRNA298188		None	None
gene-F5B20DRAFT_298060	rna-gnl|WGS:JAJKKE|F5B20DRAFT_mRNA298060		None	None
gene-F5B20DRAFT_298110	rna-gnl|WGS:JAJKKE|F5B20DRAFT_mRNA298110	PF22980.3	Partial	None
gene-F5B20DRAFT_525065	rna-gnl|WGS:JAJKKE|F5B20DRAFT_mRNA525065		None	None
gene-F5B20DRAFT_525066	rna-gnl|WGS:JAJKKE|F5B20DRAFT_mRNA525066		None	None
gene-F5B20DRAFT_298417	rna-gnl|WGS:JAJKKE|F5B20DRAFT_mRNA298417		None	None
gene-F5B20DRAFT_593569	rna-gnl|WGS:JAJKKE|F5B20DRAFT_mRNA593569	PF00107.33,PF08240.18,PF13602.13	Partial	None
gene-F5B20DRAFT_576623	rna-gnl|WGS:JAJKKE|F5B20DRAFT_mRNA576623		None	None
gene-F5B20DRAFT_593571	rna-gnl|WGS:JAJKKE|F5B20DRAFT_mRNA593571		None	None
gene-F5B20DRAFT_568404	rna-gnl|WGS:JAJKKE|F5B20DRAFT_mRNA568404	PF22980.3	Partial	None
gene-F5B20DRAFT_593572	rna-gnl|WGS:JAJKKE|F5B20DRAFT_mRNA593572		None	None
gene-F5B20DRAFT_576628	rna-gnl|WGS:JAJKKE|F5B20DRAFT_mRNA576628	PF22607.3	Partial	None
gene-F5B20DRAFT_298492	rna-gnl|WGS:JAJKKE|F5B20DRAFT_mRNA298492		None	None
gene-F5B20DRAFT_298505	rna-gnl|WGS:JAJKKE|F5B20DRAFT_mRNA298505	PF00106.32,PF00109.33,PF00698.27,PF02801.29,PF08240.18,PF08241.19,PF08242.19,PF08659.17,PF13489.13,PF13649.13,PF13847.13,PF14765.13,PF21089.4,PF23114.1	Complete	None
gene-F5B20DRAFT_525085	rna-gnl|WGS:JAJKKE|F5B20DRAFT_mRNA525085	PF03959.20	Partial	None
gene-F5B20DRAFT_576632	rna-gnl|WGS:JAJKKE|F5B20DRAFT_mRNA576632	PF00106.32,PF08659.17,PF13561.13	Partial	None
gene-F5B20DRAFT_525092	rna-gnl|WGS:JAJKKE|F5B20DRAFT_mRNA525092	PF00083.31,PF07690.22	Partial	None
gene-F5B20DRAFT_298673	rna-gnl|WGS:JAJKKE|F5B20DRAFT_mRNA298673	PF20684.4	Partial	None
gene-F5B20DRAFT_576635	rna-gnl|WGS:JAJKKE|F5B20DRAFT_mRNA576635		None	None
gene-F5B20DRAFT_347167	rna-gnl|WGS:JAJKKE|F5B20DRAFT_mRNA347167	PF23774.2	Complete	None
gene-F5B20DRAFT_347209	rna-gnl|WGS:JAJKKE|F5B20DRAFT_mRNA347209	PF10181.16	Complete	None
gene-F5B20DRAFT_576638	rna-gnl|WGS:JAJKKE|F5B20DRAFT_mRNA576638	PF01416.26	Complete	None
gene-F5B20DRAFT_347198	rna-gnl|WGS:JAJKKE|F5B20DRAFT_mRNA347198	PF00071.29,PF08477.20	Partial	None
gene-F5B20DRAFT_347205	rna-gnl|WGS:JAJKKE|F5B20DRAFT_mRNA347205	PF03874.22	Partial	None
gene-F5B20DRAFT_347239	rna-gnl|WGS:JAJKKE|F5B20DRAFT_mRNA347239		None	None
gene-F5B20DRAFT_576641	rna-gnl|WGS:JAJKKE|F5B20DRAFT_mRNA576641	PF00644.27	Complete	None
gene-F5B20DRAFT_525159	rna-gnl|WGS:JAJKKE|F5B20DRAFT_mRNA525159		None	None
gene-F5B20DRAFT_347319	rna-gnl|WGS:JAJKKE|F5B20DRAFT_mRNA347319	PF08598.17	Partial	None
gene-F5B20DRAFT_347320	rna-gnl|WGS:JAJKKE|F5B20DRAFT_mRNA347320	PF27522.2	Partial	None
gene-F5B20DRAFT_594392	rna-gnl|WGS:JAJKKE|F5B20DRAFT_mRNA594392		None	None
gene-F5B20DRAFT_525166	rna-gnl|WGS:JAJKKE|F5B20DRAFT_mRNA525166	PF01399.34,PF18055.9,PF18503.8	Complete	None
gene-F5B20DRAFT_525168	rna-gnl|WGS:JAJKKE|F5B20DRAFT_mRNA525168		None	None
gene-F5B20DRAFT_576648	rna-gnl|WGS:JAJKKE|F5B20DRAFT_mRNA576648	PF00106.32,PF08659.17,PF13561.13	Partial	None
gene-F5B20DRAFT_525172	rna-gnl|WGS:JAJKKE|F5B20DRAFT_mRNA525172	PF00400.39,PF00400.39,PF00400.39,PF00400.39,PF00400.39,PF04158.20	Complete	None
gene-F5B20DRAFT_525176	rna-gnl|WGS:JAJKKE|F5B20DRAFT_mRNA525176	PF03198.21	Partial	None
gene-F5B20DRAFT_594396	rna-gnl|WGS:JAJKKE|F5B20DRAFT_mRNA594396		None	None
gene-F5B20DRAFT_525179	rna-gnl|WGS:JAJKKE|F5B20DRAFT_mRNA525179		None	None
gene-F5B20DRAFT_347591	rna-gnl|WGS:JAJKKE|F5B20DRAFT_mRNA347591	PF00083.31,PF06609.19,PF07690.22	Partial	None
gene-F5B20DRAFT_347593	rna-gnl|WGS:JAJKKE|F5B20DRAFT_mRNA347593		None	None
gene-F5B20DRAFT_347650	rna-gnl|WGS:JAJKKE|F5B20DRAFT_mRNA347650	PF00083.31,PF07690.22	Partial	None
gene-F5B20DRAFT_576654	rna-gnl|WGS:JAJKKE|F5B20DRAFT_mRNA576654	PF04828.23	Partial	None
gene-F5B20DRAFT_525189	rna-gnl|WGS:JAJKKE|F5B20DRAFT_mRNA525189	PF00425.26,PF30495.1	Partial	None
gene-F5B20DRAFT_576656	rna-gnl|WGS:JAJKKE|F5B20DRAFT_mRNA576656	PF23151.2	Partial	None
gene-F5B20DRAFT_576657	rna-gnl|WGS:JAJKKE|F5B20DRAFT_mRNA576657	PF00297.29	Partial	None
gene-F5B20DRAFT_525194	rna-gnl|WGS:JAJKKE|F5B20DRAFT_mRNA525194	PF00515.35,PF00515.35,PF07719.24,PF07719.24,PF07719.24,PF12895.14,PF13174.13,PF13174.13,PF13176.13,PF13181.13,PF13181.13,PF13181.13,PF13181.13,PF13181.13,PF13432.13,PF13432.13,PF13432.13,PF14559.13	Complete	None
gene-F5B20DRAFT_525200	rna-gnl|WGS:JAJKKE|F5B20DRAFT_mRNA525200		None	None
gene-F5B20DRAFT_347853	rna-gnl|WGS:JAJKKE|F5B20DRAFT_mRNA347853	PF08551.17	Partial	None
gene-F5B20DRAFT_525206	rna-gnl|WGS:JAJKKE|F5B20DRAFT_mRNA525206	PF00400.39,PF08513.18	Complete	None
gene-F5B20DRAFT_347950	rna-gnl|WGS:JAJKKE|F5B20DRAFT_mRNA347950	PF06964.19,PF22848.3	Complete	None
gene-F5B20DRAFT_347992	rna-gnl|WGS:JAJKKE|F5B20DRAFT_mRNA347992		None	None
gene-F5B20DRAFT_347940	rna-gnl|WGS:JAJKKE|F5B20DRAFT_mRNA347940	PF00200.29,PF13574.13,PF13582.13,PF13583.12,PF13688.13	Complete	None
gene-F5B20DRAFT_525211	rna-gnl|WGS:JAJKKE|F5B20DRAFT_mRNA525211	PF00501.35,PF13193.13,PF16177.12	Complete	None
gene-F5B20DRAFT_348407	rna-gnl|WGS:JAJKKE|F5B20DRAFT_mRNA348407	PF00004.36,PF13177.13,PF21960.3,PF22534.3	Complete	None
gene-F5B20DRAFT_348053	rna-gnl|WGS:JAJKKE|F5B20DRAFT_mRNA348053	PF00155.28	Partial	None
gene-F5B20DRAFT_348450	rna-gnl|WGS:JAJKKE|F5B20DRAFT_mRNA348450	PF00076.29	Partial	None
gene-F5B20DRAFT_576669	rna-gnl|WGS:JAJKKE|F5B20DRAFT_mRNA576669		None	None
gene-F5B20DRAFT_348498	rna-gnl|WGS:JAJKKE|F5B20DRAFT_mRNA348498	PF00642.31,PF16543.11	Complete	None
gene-F5B20DRAFT_348504	rna-gnl|WGS:JAJKKE|F5B20DRAFT_mRNA348504	PF00106.32,PF13561.13	Partial	None
gene-F5B20DRAFT_525270	rna-gnl|WGS:JAJKKE|F5B20DRAFT_mRNA525270		None	None
gene-F5B20DRAFT_568423	rna-gnl|WGS:JAJKKE|F5B20DRAFT_mRNA568423	PF00069.32,PF07714.24,PF07714.24	Partial	None
gene-F5B20DRAFT_576674	rna-gnl|WGS:JAJKKE|F5B20DRAFT_mRNA576674	PF20150.5	Partial	None
gene-F5B20DRAFT_525273	rna-gnl|WGS:JAJKKE|F5B20DRAFT_mRNA525273		None	None
gene-F5B20DRAFT_525278	rna-gnl|WGS:JAJKKE|F5B20DRAFT_mRNA525278	PF00333.27,PF03719.22	Complete	None
gene-F5B20DRAFT_525281	rna-gnl|WGS:JAJKKE|F5B20DRAFT_mRNA525281		None	None
gene-F5B20DRAFT_594407	rna-gnl|WGS:JAJKKE|F5B20DRAFT_mRNA594407		None	None
gene-F5B20DRAFT_525282	rna-gnl|WGS:JAJKKE|F5B20DRAFT_mRNA525282	PF02311.26,PF07883.18	Partial	None
gene-F5B20DRAFT_348636	rna-gnl|WGS:JAJKKE|F5B20DRAFT_mRNA348636	PF03915.19,PF23153.2	Partial	None
gene-F5B20DRAFT_348642	rna-gnl|WGS:JAJKKE|F5B20DRAFT_mRNA348642	PF01494.26	Partial	None
gene-F5B20DRAFT_568426	rna-gnl|WGS:JAJKKE|F5B20DRAFT_mRNA568426	PF06741.19	Partial	None
gene-F5B20DRAFT_348680	rna-gnl|WGS:JAJKKE|F5B20DRAFT_mRNA348680	PF30553.1	Complete	None
gene-F5B20DRAFT_525306	rna-gnl|WGS:JAJKKE|F5B20DRAFT_mRNA525306		None	None
gene-F5B20DRAFT_348796	rna-gnl|WGS:JAJKKE|F5B20DRAFT_mRNA348796	PF09159.17	Partial	None
gene-F5B20DRAFT_594410	rna-gnl|WGS:JAJKKE|F5B20DRAFT_mRNA594410	PF00067.28	Partial	None
gene-F5B20DRAFT_568428	rna-gnl|WGS:JAJKKE|F5B20DRAFT_mRNA568428		None	None
gene-F5B20DRAFT_568429	rna-gnl|WGS:JAJKKE|F5B20DRAFT_mRNA568429	PF00070.34,PF02852.29,PF07992.21,PF13738.13	Complete	None
gene-F5B20DRAFT_525334	rna-gnl|WGS:JAJKKE|F5B20DRAFT_mRNA525334	PF10428.15,PF10428.15,PF12799.14,PF13855.13,PF13855.13,PF23598.2	Complete	None
gene-F5B20DRAFT_349008	rna-gnl|WGS:JAJKKE|F5B20DRAFT_mRNA349008	PF00270.36,PF00271.38,PF16124.11	Complete	None
gene-F5B20DRAFT_348982	rna-gnl|WGS:JAJKKE|F5B20DRAFT_mRNA348982	PF06320.19	Partial	None
gene-F5B20DRAFT_525338	rna-gnl|WGS:JAJKKE|F5B20DRAFT_mRNA525338	PF02544.22	Partial	None
gene-F5B20DRAFT_525344	rna-gnl|WGS:JAJKKE|F5B20DRAFT_mRNA525344		None	None
gene-F5B20DRAFT_349088	rna-gnl|WGS:JAJKKE|F5B20DRAFT_mRNA349088	PF00439.31	Complete	None
gene-F5B20DRAFT_349111	rna-gnl|WGS:JAJKKE|F5B20DRAFT_mRNA349111		None	None
gene-F5B20DRAFT_576697	rna-gnl|WGS:JAJKKE|F5B20DRAFT_mRNA576697	PF00026.29	Partial	None
gene-F5B20DRAFT_525354	rna-gnl|WGS:JAJKKE|F5B20DRAFT_mRNA525354	PF00012.27,PF00012.27,PF27508.1	Complete	None
gene-F5B20DRAFT_525356	rna-gnl|WGS:JAJKKE|F5B20DRAFT_mRNA525356	PF00106.32,PF08659.17,PF13561.13	Partial	None
gene-F5B20DRAFT_349207	rna-gnl|WGS:JAJKKE|F5B20DRAFT_mRNA349207		None	None
gene-F5B20DRAFT_576701	rna-gnl|WGS:JAJKKE|F5B20DRAFT_mRNA576701	PF00177.28	Partial	None
gene-F5B20DRAFT_576702	rna-gnl|WGS:JAJKKE|F5B20DRAFT_mRNA576702	PF00107.33,PF08240.18,PF13602.13	Partial	None
gene-F5B20DRAFT_349685	rna-gnl|WGS:JAJKKE|F5B20DRAFT_mRNA349685	PF00173.34	Partial	None
gene-F5B20DRAFT_349773	rna-gnl|WGS:JAJKKE|F5B20DRAFT_mRNA349773		None	None
gene-F5B20DRAFT_349464	rna-gnl|WGS:JAJKKE|F5B20DRAFT_mRNA349464	PF09415.17	Partial	None
gene-F5B20DRAFT_349658	rna-gnl|WGS:JAJKKE|F5B20DRAFT_mRNA349658	PF00153.33,PF00153.33,PF00153.33	Complete	None
gene-F5B20DRAFT_576707	rna-gnl|WGS:JAJKKE|F5B20DRAFT_mRNA576707		None	None
gene-F5B20DRAFT_594412	rna-gnl|WGS:JAJKKE|F5B20DRAFT_mRNA594412		None	None
gene-F5B20DRAFT_525386	rna-gnl|WGS:JAJKKE|F5B20DRAFT_mRNA525386	PF30967.1	Partial	None
gene-F5B20DRAFT_349949	rna-gnl|WGS:JAJKKE|F5B20DRAFT_mRNA349949		None	None
gene-F5B20DRAFT_525398	rna-gnl|WGS:JAJKKE|F5B20DRAFT_mRNA525398		None	None
gene-F5B20DRAFT_350053	rna-gnl|WGS:JAJKKE|F5B20DRAFT_mRNA350053	PF00467.36,PF16906.12	Partial	None
gene-F5B20DRAFT_350078	rna-gnl|WGS:JAJKKE|F5B20DRAFT_mRNA350078	PF08695.17	Partial	None
gene-F5B20DRAFT_576716	rna-gnl|WGS:JAJKKE|F5B20DRAFT_mRNA576716	PF00297.29	Partial	None
gene-F5B20DRAFT_576717	rna-gnl|WGS:JAJKKE|F5B20DRAFT_mRNA576717	PF05670.19	Partial	None
gene-F5B20DRAFT_350107	rna-gnl|WGS:JAJKKE|F5B20DRAFT_mRNA350107	PF06201.20	Partial	None
gene-F5B20DRAFT_350088	rna-gnl|WGS:JAJKKE|F5B20DRAFT_mRNA350088	PF10214.16,PF20639.3,PF20640.4	Complete	None
gene-F5B20DRAFT_350204	rna-gnl|WGS:JAJKKE|F5B20DRAFT_mRNA350204	PF08234.18	Complete	None
gene-F5B20DRAFT_576721	rna-gnl|WGS:JAJKKE|F5B20DRAFT_mRNA576721		None	None
gene-F5B20DRAFT_350210	rna-gnl|WGS:JAJKKE|F5B20DRAFT_mRNA350210	PF05495.18,PF13639.13,PF14599.12	Complete	None
gene-F5B20DRAFT_350234	rna-gnl|WGS:JAJKKE|F5B20DRAFT_mRNA350234		None	None
gene-F5B20DRAFT_350274	rna-gnl|WGS:JAJKKE|F5B20DRAFT_mRNA350274	PF00153.33,PF00153.33,PF00153.33	Complete	None
gene-F5B20DRAFT_568441	rna-gnl|WGS:JAJKKE|F5B20DRAFT_mRNA568441	PF03637.23	Partial	None
gene-F5B20DRAFT_525429	rna-gnl|WGS:JAJKKE|F5B20DRAFT_mRNA525429		None	None
gene-F5B20DRAFT_568443	rna-gnl|WGS:JAJKKE|F5B20DRAFT_mRNA568443	PF12708.13,PF12708.13	Complete	None
gene-F5B20DRAFT_576728	rna-gnl|WGS:JAJKKE|F5B20DRAFT_mRNA576728	PF01423.29	Partial	None
gene-F5B20DRAFT_350402	rna-gnl|WGS:JAJKKE|F5B20DRAFT_mRNA350402		None	None
gene-F5B20DRAFT_350451	rna-gnl|WGS:JAJKKE|F5B20DRAFT_mRNA350451	PF00293.35	Partial	None
gene-F5B20DRAFT_525447	rna-gnl|WGS:JAJKKE|F5B20DRAFT_mRNA525447	PF04376.20,PF04377.22	Partial	None
gene-F5B20DRAFT_350580	rna-gnl|WGS:JAJKKE|F5B20DRAFT_mRNA350580		None	None
gene-F5B20DRAFT_350572	rna-gnl|WGS:JAJKKE|F5B20DRAFT_mRNA350572		None	None
gene-F5B20DRAFT_525461	rna-gnl|WGS:JAJKKE|F5B20DRAFT_mRNA525461	PF00034.27,PF13442.12	Partial	None
gene-F5B20DRAFT_568445	rna-gnl|WGS:JAJKKE|F5B20DRAFT_mRNA568445	PF00004.36,PF00004.36,PF17862.8	Complete	None
gene-F5B20DRAFT_525466	rna-gnl|WGS:JAJKKE|F5B20DRAFT_mRNA525466	PF03357.27	Partial	None
gene-F5B20DRAFT_525469	rna-gnl|WGS:JAJKKE|F5B20DRAFT_mRNA525469	PF10056.15	Complete	None
gene-F5B20DRAFT_525471	rna-gnl|WGS:JAJKKE|F5B20DRAFT_mRNA525471	PF00213.24	Partial	None
gene-F5B20DRAFT_525473	rna-gnl|WGS:JAJKKE|F5B20DRAFT_mRNA525473	PF03200.23,PF22422.3	Complete	None
gene-F5B20DRAFT_350746	rna-gnl|WGS:JAJKKE|F5B20DRAFT_mRNA350746	PF00071.29,PF00617.25,PF00618.26	Complete	None
gene-F5B20DRAFT_568449	rna-gnl|WGS:JAJKKE|F5B20DRAFT_mRNA568449	PF05277.19	Partial	None
gene-F5B20DRAFT_350841	rna-gnl|WGS:JAJKKE|F5B20DRAFT_mRNA350841	PF20978.3	Complete	None
gene-F5B20DRAFT_525485	rna-gnl|WGS:JAJKKE|F5B20DRAFT_mRNA525485	PF14938.13	Partial	None
gene-F5B20DRAFT_350811	rna-gnl|WGS:JAJKKE|F5B20DRAFT_mRNA350811	PF08161.19,PF25772.1	Partial	None
gene-F5B20DRAFT_525490	rna-gnl|WGS:JAJKKE|F5B20DRAFT_mRNA525490	PF05008.22,PF12352.14	Complete	None
gene-F5B20DRAFT_576746	rna-gnl|WGS:JAJKKE|F5B20DRAFT_mRNA576746	PF01593.31,PF13450.13	Partial	None
gene-F5B20DRAFT_525496	rna-gnl|WGS:JAJKKE|F5B20DRAFT_mRNA525496	PF04442.20	Partial	None
gene-F5B20DRAFT_576748	rna-gnl|WGS:JAJKKE|F5B20DRAFT_mRNA576748	PF00544.26	Partial	None
gene-F5B20DRAFT_351163	rna-gnl|WGS:JAJKKE|F5B20DRAFT_mRNA351163		None	None
gene-F5B20DRAFT_576750	rna-gnl|WGS:JAJKKE|F5B20DRAFT_mRNA576750	PF00023.37,PF00023.37,PF00023.37,PF00023.37,PF03105.25,PF12796.14,PF12796.14,PF12796.14,PF13606.13,PF13606.13,PF13637.13,PF13637.13,PF13637.13,PF25329.2	Complete	None
gene-F5B20DRAFT_576751	rna-gnl|WGS:JAJKKE|F5B20DRAFT_mRNA576751	PF20684.4	Partial	None
gene-F5B20DRAFT_576752	rna-gnl|WGS:JAJKKE|F5B20DRAFT_mRNA576752	PF00067.28	Partial	None
gene-F5B20DRAFT_576753	rna-gnl|WGS:JAJKKE|F5B20DRAFT_mRNA576753	PF02845.23	Complete	None
gene-F5B20DRAFT_525509	rna-gnl|WGS:JAJKKE|F5B20DRAFT_mRNA525509	PF00271.38,PF04408.30,PF07717.23,PF21010.3	Complete	None
gene-F5B20DRAFT_351354	rna-gnl|WGS:JAJKKE|F5B20DRAFT_mRNA351354		None	None
gene-F5B20DRAFT_525527	rna-gnl|WGS:JAJKKE|F5B20DRAFT_mRNA525527		None	None
gene-F5B20DRAFT_351380	rna-gnl|WGS:JAJKKE|F5B20DRAFT_mRNA351380	PF30871.1	Partial	None
gene-F5B20DRAFT_351459	rna-gnl|WGS:JAJKKE|F5B20DRAFT_mRNA351459	PF05841.17	Partial	None
gene-F5B20DRAFT_568455	rna-gnl|WGS:JAJKKE|F5B20DRAFT_mRNA568455	PF00070.34,PF00310.27,PF01493.26,PF01593.31,PF01645.24,PF04898.21,PF07992.21,PF13450.13,PF14691.12	Complete	None
gene-F5B20DRAFT_525542	rna-gnl|WGS:JAJKKE|F5B20DRAFT_mRNA525542	PF02656.21,PF03105.25,PF09359.16	Complete	None
gene-F5B20DRAFT_525546	rna-gnl|WGS:JAJKKE|F5B20DRAFT_mRNA525546		None	None
gene-F5B20DRAFT_525558	rna-gnl|WGS:JAJKKE|F5B20DRAFT_mRNA525558	PF00370.28,PF02782.23	Partial	None
gene-F5B20DRAFT_525563	rna-gnl|WGS:JAJKKE|F5B20DRAFT_mRNA525563	PF04097.21	Partial	None
gene-F5B20DRAFT_525565	rna-gnl|WGS:JAJKKE|F5B20DRAFT_mRNA525565	PF11905.14	Complete	None
gene-F5B20DRAFT_525569	rna-gnl|WGS:JAJKKE|F5B20DRAFT_mRNA525569		None	None
gene-F5B20DRAFT_525570	rna-gnl|WGS:JAJKKE|F5B20DRAFT_mRNA525570	PF00122.26,PF00690.32,PF00702.33	Complete	None
gene-F5B20DRAFT_525580	rna-gnl|WGS:JAJKKE|F5B20DRAFT_mRNA525580	PF00153.33,PF00153.33,PF00153.33	Complete	None
gene-F5B20DRAFT_525584	rna-gnl|WGS:JAJKKE|F5B20DRAFT_mRNA525584	PF00285.27	Partial	None
gene-F5B20DRAFT_525586	rna-gnl|WGS:JAJKKE|F5B20DRAFT_mRNA525586	PF00076.29,PF04818.20,PF21380.3	Complete	None
gene-F5B20DRAFT_352284	rna-gnl|WGS:JAJKKE|F5B20DRAFT_mRNA352284	PF00400.39	Complete	None
gene-F5B20DRAFT_525593	rna-gnl|WGS:JAJKKE|F5B20DRAFT_mRNA525593	PF00501.35	Partial	None
gene-F5B20DRAFT_576772	rna-gnl|WGS:JAJKKE|F5B20DRAFT_mRNA576772	PF01284.29	Partial	None
gene-F5B20DRAFT_568464	rna-gnl|WGS:JAJKKE|F5B20DRAFT_mRNA568464	PF00155.28,PF00266.26,PF01041.24,PF01053.27,PF09430.17	Complete	None
gene-F5B20DRAFT_352366	rna-gnl|WGS:JAJKKE|F5B20DRAFT_mRNA352366	PF00397.33	Partial	None
gene-F5B20DRAFT_352363	rna-gnl|WGS:JAJKKE|F5B20DRAFT_mRNA352363		None	None
gene-F5B20DRAFT_352362	rna-gnl|WGS:JAJKKE|F5B20DRAFT_mRNA352362	PF04515.19	Partial	None
gene-F5B20DRAFT_525614	rna-gnl|WGS:JAJKKE|F5B20DRAFT_mRNA525614	PF00009.34,PF00025.28,PF00071.29,PF08477.20,PF08477.20	Partial	None
gene-F5B20DRAFT_352706	rna-gnl|WGS:JAJKKE|F5B20DRAFT_mRNA352706	PF02366.25,PF02815.26,PF16192.11	Complete	None
gene-F5B20DRAFT_352752	rna-gnl|WGS:JAJKKE|F5B20DRAFT_mRNA352752		None	None
gene-F5B20DRAFT_594443	rna-gnl|WGS:JAJKKE|F5B20DRAFT_mRNA594443	PF00083.31,PF07690.22,PF13347.13	Partial	None
gene-F5B20DRAFT_576781	rna-gnl|WGS:JAJKKE|F5B20DRAFT_mRNA576781	PF12271.15	Partial	None
gene-F5B20DRAFT_352867	rna-gnl|WGS:JAJKKE|F5B20DRAFT_mRNA352867	PF04056.21,PF07975.19,PF13519.13	Complete	None
gene-F5B20DRAFT_352844	rna-gnl|WGS:JAJKKE|F5B20DRAFT_mRNA352844	PF00903.32,PF00903.32	Complete	None
gene-F5B20DRAFT_352845	rna-gnl|WGS:JAJKKE|F5B20DRAFT_mRNA352845		None	None
gene-F5B20DRAFT_352838	rna-gnl|WGS:JAJKKE|F5B20DRAFT_mRNA352838		None	None
gene-F5B20DRAFT_525639	rna-gnl|WGS:JAJKKE|F5B20DRAFT_mRNA525639	PF01777.26	Partial	None
gene-F5B20DRAFT_525641	rna-gnl|WGS:JAJKKE|F5B20DRAFT_mRNA525641	PF03151.23	Partial	None
gene-F5B20DRAFT_525645	rna-gnl|WGS:JAJKKE|F5B20DRAFT_mRNA525645	PF01593.31,PF13450.13	Partial	None
gene-F5B20DRAFT_576788	rna-gnl|WGS:JAJKKE|F5B20DRAFT_mRNA576788	PF00072.31,PF00512.32,PF01590.33,PF02518.32,PF13185.13,PF13191.13	Complete	None
gene-F5B20DRAFT_576790	rna-gnl|WGS:JAJKKE|F5B20DRAFT_mRNA576790		None	None
gene-F5B20DRAFT_525672	rna-gnl|WGS:JAJKKE|F5B20DRAFT_mRNA525672	PF00296.27	Partial	None
gene-F5B20DRAFT_576792	rna-gnl|WGS:JAJKKE|F5B20DRAFT_mRNA576792	PF00296.27	Partial	None
gene-F5B20DRAFT_353437	rna-gnl|WGS:JAJKKE|F5B20DRAFT_mRNA353437	PF07690.22	Partial	None
gene-F5B20DRAFT_353431	rna-gnl|WGS:JAJKKE|F5B20DRAFT_mRNA353431	PF00743.26,PF07992.21,PF13450.13	Partial	None
gene-F5B20DRAFT_525678	rna-gnl|WGS:JAJKKE|F5B20DRAFT_mRNA525678		None	None
gene-F5B20DRAFT_594452	rna-gnl|WGS:JAJKKE|F5B20DRAFT_mRNA594452	PF00566.26,PF23436.2	Complete	None
gene-F5B20DRAFT_568476	rna-gnl|WGS:JAJKKE|F5B20DRAFT_mRNA568476	PF00023.37,PF00023.37,PF01843.26,PF03561.23,PF03561.23,PF12796.14,PF13637.13	Complete	None
gene-F5B20DRAFT_353647	rna-gnl|WGS:JAJKKE|F5B20DRAFT_mRNA353647	PF03188.22	Partial	None
gene-F5B20DRAFT_353684	rna-gnl|WGS:JAJKKE|F5B20DRAFT_mRNA353684	PF01431.28,PF05649.19	Complete	None
gene-F5B20DRAFT_525706	rna-gnl|WGS:JAJKKE|F5B20DRAFT_mRNA525706	PF00172.24,PF04082.24	Partial	None
gene-F5B20DRAFT_353768	rna-gnl|WGS:JAJKKE|F5B20DRAFT_mRNA353768	PF07286.18	Partial	None
gene-F5B20DRAFT_353808	rna-gnl|WGS:JAJKKE|F5B20DRAFT_mRNA353808	PF00072.31,PF00512.32,PF02518.32,PF08447.19,PF08448.17,PF13426.14	Complete	None
gene-F5B20DRAFT_353797	rna-gnl|WGS:JAJKKE|F5B20DRAFT_mRNA353797	PF06658.18	Partial	None
gene-F5B20DRAFT_525711	rna-gnl|WGS:JAJKKE|F5B20DRAFT_mRNA525711	PF00300.28	Partial	None
gene-F5B20DRAFT_594454	rna-gnl|WGS:JAJKKE|F5B20DRAFT_mRNA594454		None	None
gene-F5B20DRAFT_354014	rna-gnl|WGS:JAJKKE|F5B20DRAFT_mRNA354014	PF00118.30	Partial	None
gene-F5B20DRAFT_576809	rna-gnl|WGS:JAJKKE|F5B20DRAFT_mRNA576809	PF00596.28,PF00596.28	Partial	None
gene-F5B20DRAFT_525737	rna-gnl|WGS:JAJKKE|F5B20DRAFT_mRNA525737	PF12855.13	Partial	None
gene-F5B20DRAFT_576813	rna-gnl|WGS:JAJKKE|F5B20DRAFT_mRNA576813		None	None
gene-F5B20DRAFT_525841	rna-gnl|WGS:JAJKKE|F5B20DRAFT_mRNA525841	PF06985.18	Partial	None
gene-F5B20DRAFT_576814	rna-gnl|WGS:JAJKKE|F5B20DRAFT_mRNA576814	PF03810.26,PF08389.19,PF08767.18,PF18777.8,PF18784.7,PF18787.8	Complete	None
gene-F5B20DRAFT_355623	rna-gnl|WGS:JAJKKE|F5B20DRAFT_mRNA355623	PF00266.26	Partial	None
gene-F5B20DRAFT_355541	rna-gnl|WGS:JAJKKE|F5B20DRAFT_mRNA355541	PF12850.13	Partial	None
gene-F5B20DRAFT_355492	rna-gnl|WGS:JAJKKE|F5B20DRAFT_mRNA355492	PF07557.17,PF07558.17	Complete	None
gene-F5B20DRAFT_525855	rna-gnl|WGS:JAJKKE|F5B20DRAFT_mRNA525855	PF08654.16	Partial	None
gene-F5B20DRAFT_525858	rna-gnl|WGS:JAJKKE|F5B20DRAFT_mRNA525858		None	None
gene-F5B20DRAFT_594466	rna-gnl|WGS:JAJKKE|F5B20DRAFT_mRNA594466	PF01979.27,PF07969.18	Partial	None
gene-F5B20DRAFT_356042	rna-gnl|WGS:JAJKKE|F5B20DRAFT_mRNA356042	PF00135.35,PF20434.6	Partial	None
gene-F5B20DRAFT_525869	rna-gnl|WGS:JAJKKE|F5B20DRAFT_mRNA525869		None	None
gene-F5B20DRAFT_576823	rna-gnl|WGS:JAJKKE|F5B20DRAFT_mRNA576823		None	None
gene-F5B20DRAFT_525872	rna-gnl|WGS:JAJKKE|F5B20DRAFT_mRNA525872	PF08613.17	Partial	None
gene-F5B20DRAFT_576825	rna-gnl|WGS:JAJKKE|F5B20DRAFT_mRNA576825	PF30130.1	Complete	None
gene-F5B20DRAFT_356181	rna-gnl|WGS:JAJKKE|F5B20DRAFT_mRNA356181		None	None
gene-F5B20DRAFT_525934	rna-gnl|WGS:JAJKKE|F5B20DRAFT_mRNA525934	PF11754.15	Partial	None
gene-F5B20DRAFT_525935	rna-gnl|WGS:JAJKKE|F5B20DRAFT_mRNA525935		None	None
gene-F5B20DRAFT_357122	rna-gnl|WGS:JAJKKE|F5B20DRAFT_mRNA357122	PF00023.37,PF00023.37,PF01833.31,PF12796.14,PF13606.13,PF13637.13,PF13857.13,PF25603.2	Complete	None
gene-F5B20DRAFT_568485	rna-gnl|WGS:JAJKKE|F5B20DRAFT_mRNA568485	PF00999.27	Partial	None
gene-F5B20DRAFT_525943	rna-gnl|WGS:JAJKKE|F5B20DRAFT_mRNA525943	PF00383.30	Complete	None
gene-F5B20DRAFT_357181	rna-gnl|WGS:JAJKKE|F5B20DRAFT_mRNA357181	PF00300.28,PF01591.25,PF01591.25	Complete	None
gene-F5B20DRAFT_525952	rna-gnl|WGS:JAJKKE|F5B20DRAFT_mRNA525952	PF00172.24	Complete	None
gene-F5B20DRAFT_357250	rna-gnl|WGS:JAJKKE|F5B20DRAFT_mRNA357250		None	None
gene-F5B20DRAFT_525954	rna-gnl|WGS:JAJKKE|F5B20DRAFT_mRNA525954	PF11790.15	Partial	None
gene-F5B20DRAFT_594476	rna-gnl|WGS:JAJKKE|F5B20DRAFT_mRNA594476		None	None
gene-F5B20DRAFT_357301	rna-gnl|WGS:JAJKKE|F5B20DRAFT_mRNA357301	PF00097.32,PF13639.13,PF17123.12	Complete	None
gene-F5B20DRAFT_357354	rna-gnl|WGS:JAJKKE|F5B20DRAFT_mRNA357354	PF01302.32,PF14560.13	Complete	None
gene-F5B20DRAFT_576842	rna-gnl|WGS:JAJKKE|F5B20DRAFT_mRNA576842	PF08241.19,PF13649.13	Partial	None
gene-F5B20DRAFT_357488	rna-gnl|WGS:JAJKKE|F5B20DRAFT_mRNA357488	PF00248.28	Partial	None
gene-F5B20DRAFT_594482	rna-gnl|WGS:JAJKKE|F5B20DRAFT_mRNA594482	PF01408.29,PF03447.23,PF22725.2	Partial	None
gene-F5B20DRAFT_357651	rna-gnl|WGS:JAJKKE|F5B20DRAFT_mRNA357651		None	None
gene-F5B20DRAFT_357654	rna-gnl|WGS:JAJKKE|F5B20DRAFT_mRNA357654		None	None
gene-F5B20DRAFT_357664	rna-gnl|WGS:JAJKKE|F5B20DRAFT_mRNA357664	PF27939.1	Complete	None
gene-F5B20DRAFT_357687	rna-gnl|WGS:JAJKKE|F5B20DRAFT_mRNA357687	PF04818.20,PF11526.14,PF21936.3	Complete	None
gene-F5B20DRAFT_357765	rna-gnl|WGS:JAJKKE|F5B20DRAFT_mRNA357765	PF24535.2	Partial	None
gene-F5B20DRAFT_357834	rna-gnl|WGS:JAJKKE|F5B20DRAFT_mRNA357834		None	None
gene-F5B20DRAFT_357762	rna-gnl|WGS:JAJKKE|F5B20DRAFT_mRNA357762	PF00150.25	Partial	None
gene-F5B20DRAFT_357954	rna-gnl|WGS:JAJKKE|F5B20DRAFT_mRNA357954		None	None
gene-F5B20DRAFT_357874	rna-gnl|WGS:JAJKKE|F5B20DRAFT_mRNA357874	PF20635.2,PF20636.3	Partial	None
gene-F5B20DRAFT_357887	rna-gnl|WGS:JAJKKE|F5B20DRAFT_mRNA357887	PF00076.29	Complete	None
gene-F5B20DRAFT_526020	rna-gnl|WGS:JAJKKE|F5B20DRAFT_mRNA526020	PF10375.15	Complete	None
gene-F5B20DRAFT_594488	rna-gnl|WGS:JAJKKE|F5B20DRAFT_mRNA594488	PF31054.1	Partial	None
gene-F5B20DRAFT_358051	rna-gnl|WGS:JAJKKE|F5B20DRAFT_mRNA358051	PF04420.20	Partial	None
gene-F5B20DRAFT_576859	rna-gnl|WGS:JAJKKE|F5B20DRAFT_mRNA576859	PF01239.29,PF01239.29,PF29177.1	Complete	None
gene-F5B20DRAFT_358067	rna-gnl|WGS:JAJKKE|F5B20DRAFT_mRNA358067	PF00026.29,PF14543.12	Partial	None
gene-F5B20DRAFT_358078	rna-gnl|WGS:JAJKKE|F5B20DRAFT_mRNA358078	PF01490.25	Partial	None
gene-F5B20DRAFT_526030	rna-gnl|WGS:JAJKKE|F5B20DRAFT_mRNA526030	PF00025.28,PF00071.29,PF08477.20	Partial	None
gene-F5B20DRAFT_358996	rna-gnl|WGS:JAJKKE|F5B20DRAFT_mRNA358996	PF00467.36,PF22682.3	Complete	None
gene-F5B20DRAFT_594490	rna-gnl|WGS:JAJKKE|F5B20DRAFT_mRNA594490	PF04762.19,PF23797.2,PF23878.2,PF23925.2,PF23936.2	Complete	None
gene-F5B20DRAFT_358907	rna-gnl|WGS:JAJKKE|F5B20DRAFT_mRNA358907	PF13136.12	Partial	None
gene-F5B20DRAFT_359140	rna-gnl|WGS:JAJKKE|F5B20DRAFT_mRNA359140	PF01627.29	Partial	None
gene-F5B20DRAFT_358771	rna-gnl|WGS:JAJKKE|F5B20DRAFT_mRNA358771	PF10469.16	Partial	None
gene-F5B20DRAFT_358540	rna-gnl|WGS:JAJKKE|F5B20DRAFT_mRNA358540		None	None
gene-F5B20DRAFT_359193	rna-gnl|WGS:JAJKKE|F5B20DRAFT_mRNA359193		None	None
gene-F5B20DRAFT_594492	rna-gnl|WGS:JAJKKE|F5B20DRAFT_mRNA594492	PF00012.27	Partial	None
gene-F5B20DRAFT_568492	rna-gnl|WGS:JAJKKE|F5B20DRAFT_mRNA568492	PF00069.32,PF07714.24	Partial	None
gene-F5B20DRAFT_594494	rna-gnl|WGS:JAJKKE|F5B20DRAFT_mRNA594494	PF12898.14	Partial	None
gene-F5B20DRAFT_594496	rna-gnl|WGS:JAJKKE|F5B20DRAFT_mRNA594496	PF24355.2	Partial	None
gene-F5B20DRAFT_359587	rna-gnl|WGS:JAJKKE|F5B20DRAFT_mRNA359587	PF00083.31,PF07690.22	Partial	None
gene-F5B20DRAFT_359417	rna-gnl|WGS:JAJKKE|F5B20DRAFT_mRNA359417		None	None
gene-F5B20DRAFT_526098	rna-gnl|WGS:JAJKKE|F5B20DRAFT_mRNA526098	PF02518.32,PF10436.15	Complete	None
gene-F5B20DRAFT_526100	rna-gnl|WGS:JAJKKE|F5B20DRAFT_mRNA526100	PF00282.26	Partial	None
gene-F5B20DRAFT_526102	rna-gnl|WGS:JAJKKE|F5B20DRAFT_mRNA526102	PF05637.19	Partial	None
gene-F5B20DRAFT_526103	rna-gnl|WGS:JAJKKE|F5B20DRAFT_mRNA526103	PF12906.14	Partial	None
gene-F5B20DRAFT_359687	rna-gnl|WGS:JAJKKE|F5B20DRAFT_mRNA359687	PF00227.32,PF00227.32,PF10584.15	Partial	None
gene-F5B20DRAFT_576881	rna-gnl|WGS:JAJKKE|F5B20DRAFT_mRNA576881	PF00415.25,PF13540.13	Complete	None
gene-F5B20DRAFT_526111	rna-gnl|WGS:JAJKKE|F5B20DRAFT_mRNA526111	PF00270.36,PF00271.38,PF00636.32,PF00636.32,PF03368.20,PF04851.22,PF14622.12,PF26980.1	Complete	None
gene-F5B20DRAFT_576883	rna-gnl|WGS:JAJKKE|F5B20DRAFT_mRNA576883	PF25534.1	Partial	None
gene-F5B20DRAFT_t18	gene-F5B20DRAFT_t18		None	None
gene-F5B20DRAFT_526116	rna-gnl|WGS:JAJKKE|F5B20DRAFT_mRNA526116	PF08737.16	Partial	None
gene-F5B20DRAFT_526118	rna-gnl|WGS:JAJKKE|F5B20DRAFT_mRNA526118	PF00400.39,PF00400.39	Complete	None
gene-F5B20DRAFT_359949	rna-gnl|WGS:JAJKKE|F5B20DRAFT_mRNA359949	PF06413.18	Partial	None
gene-F5B20DRAFT_594504	rna-gnl|WGS:JAJKKE|F5B20DRAFT_mRNA594504	PF09995.16	Partial	None
gene-F5B20DRAFT_526128	rna-gnl|WGS:JAJKKE|F5B20DRAFT_mRNA526128	PF04847.19	Partial	None
gene-F5B20DRAFT_360032	rna-gnl|WGS:JAJKKE|F5B20DRAFT_mRNA360032	PF01409.26,PF01409.26,PF03147.20	Complete	None
gene-F5B20DRAFT_360003	rna-gnl|WGS:JAJKKE|F5B20DRAFT_mRNA360003	PF00153.33,PF00153.33,PF00153.33	Complete	None
gene-F5B20DRAFT_526138	rna-gnl|WGS:JAJKKE|F5B20DRAFT_mRNA526138	PF01000.32,PF01193.30	Partial	None
gene-F5B20DRAFT_526139	rna-gnl|WGS:JAJKKE|F5B20DRAFT_mRNA526139	PF01025.25	Partial	None
gene-F5B20DRAFT_360106	rna-gnl|WGS:JAJKKE|F5B20DRAFT_mRNA360106		None	None
gene-F5B20DRAFT_594508	rna-gnl|WGS:JAJKKE|F5B20DRAFT_mRNA594508		None	None
gene-F5B20DRAFT_526141	rna-gnl|WGS:JAJKKE|F5B20DRAFT_mRNA526141	PF00004.36,PF00533.34,PF03215.22,PF08519.18,PF25361.2	Complete	None
gene-F5B20DRAFT_526142	rna-gnl|WGS:JAJKKE|F5B20DRAFT_mRNA526142	PF00252.25	Partial	None
gene-F5B20DRAFT_360199	rna-gnl|WGS:JAJKKE|F5B20DRAFT_mRNA360199	PF00285.27	Partial	None
gene-F5B20DRAFT_360513	rna-gnl|WGS:JAJKKE|F5B20DRAFT_mRNA360513	PF01885.23	Partial	None
gene-F5B20DRAFT_360208	rna-gnl|WGS:JAJKKE|F5B20DRAFT_mRNA360208	PF00397.33	Partial	None
gene-F5B20DRAFT_360231	rna-gnl|WGS:JAJKKE|F5B20DRAFT_mRNA360231	PF10333.15	Partial	None
gene-F5B20DRAFT_526172	rna-gnl|WGS:JAJKKE|F5B20DRAFT_mRNA526172	PF00091.32,PF03953.23	Complete	None
gene-F5B20DRAFT_360627	rna-gnl|WGS:JAJKKE|F5B20DRAFT_mRNA360627		None	None
gene-F5B20DRAFT_594516	rna-gnl|WGS:JAJKKE|F5B20DRAFT_mRNA594516		None	None
gene-F5B20DRAFT_526186	rna-gnl|WGS:JAJKKE|F5B20DRAFT_mRNA526186	PF01201.28	Partial	None
gene-F5B20DRAFT_576906	rna-gnl|WGS:JAJKKE|F5B20DRAFT_mRNA576906	PF00566.26,PF23436.2	Complete	None
gene-F5B20DRAFT_576907	rna-gnl|WGS:JAJKKE|F5B20DRAFT_mRNA576907		None	None
gene-F5B20DRAFT_360833	rna-gnl|WGS:JAJKKE|F5B20DRAFT_mRNA360833		None	None
gene-F5B20DRAFT_526194	rna-gnl|WGS:JAJKKE|F5B20DRAFT_mRNA526194	PF00082.28	Complete	None
gene-F5B20DRAFT_594522	rna-gnl|WGS:JAJKKE|F5B20DRAFT_mRNA594522		None	None
gene-F5B20DRAFT_594523	rna-gnl|WGS:JAJKKE|F5B20DRAFT_mRNA594523	PF00144.30	Partial	None
gene-F5B20DRAFT_t19	gene-F5B20DRAFT_t19		None	None
gene-F5B20DRAFT_361105	rna-gnl|WGS:JAJKKE|F5B20DRAFT_mRNA361105	PF00632.31,PF06012.18,PF06025.18,PF14377.12,PF14377.12,PF14377.12	Complete	None
gene-F5B20DRAFT_360930	rna-gnl|WGS:JAJKKE|F5B20DRAFT_mRNA360930	PF00150.25	Partial	None
gene-F5B20DRAFT_361155	rna-gnl|WGS:JAJKKE|F5B20DRAFT_mRNA361155		None	None
gene-F5B20DRAFT_361173	rna-gnl|WGS:JAJKKE|F5B20DRAFT_mRNA361173	PF03540.20	Partial	None
gene-F5B20DRAFT_576916	rna-gnl|WGS:JAJKKE|F5B20DRAFT_mRNA576916	PF09696.16	Partial	None
gene-F5B20DRAFT_526213	rna-gnl|WGS:JAJKKE|F5B20DRAFT_mRNA526213	PF01092.25	Partial	None
gene-F5B20DRAFT_568514	rna-gnl|WGS:JAJKKE|F5B20DRAFT_mRNA568514	PF00156.34,PF13793.13,PF14572.13	Partial	None
gene-F5B20DRAFT_361321	rna-gnl|WGS:JAJKKE|F5B20DRAFT_mRNA361321		None	None
gene-F5B20DRAFT_526227	rna-gnl|WGS:JAJKKE|F5B20DRAFT_mRNA526227	PF00810.24	Partial	None
gene-F5B20DRAFT_361361	rna-gnl|WGS:JAJKKE|F5B20DRAFT_mRNA361361	PF08325.17	Partial	None
gene-F5B20DRAFT_594529	rna-gnl|WGS:JAJKKE|F5B20DRAFT_mRNA594529	PF04991.21	Partial	None
gene-F5B20DRAFT_526231	rna-gnl|WGS:JAJKKE|F5B20DRAFT_mRNA526231	PF00149.34,PF04152.20	Partial	None
gene-F5B20DRAFT_526232	rna-gnl|WGS:JAJKKE|F5B20DRAFT_mRNA526232	PF05794.19	Partial	None
gene-F5B20DRAFT_594531	rna-gnl|WGS:JAJKKE|F5B20DRAFT_mRNA594531	PF00069.32,PF07714.24	Partial	None
gene-F5B20DRAFT_361426	rna-gnl|WGS:JAJKKE|F5B20DRAFT_mRNA361426	PF03770.23	Complete	None
gene-F5B20DRAFT_526238	rna-gnl|WGS:JAJKKE|F5B20DRAFT_mRNA526238	PF00534.27,PF13439.13,PF13579.13,PF13692.13,PF20706.4	Partial	None
gene-F5B20DRAFT_526239	rna-gnl|WGS:JAJKKE|F5B20DRAFT_mRNA526239		None	None
gene-F5B20DRAFT_576928	rna-gnl|WGS:JAJKKE|F5B20DRAFT_mRNA576928	PF00249.38	Complete	None
gene-F5B20DRAFT_526244	rna-gnl|WGS:JAJKKE|F5B20DRAFT_mRNA526244		None	None
gene-F5B20DRAFT_526250	rna-gnl|WGS:JAJKKE|F5B20DRAFT_mRNA526250	PF01916.24	Partial	None
gene-F5B20DRAFT_526251	rna-gnl|WGS:JAJKKE|F5B20DRAFT_mRNA526251	PF00160.27	Partial	None
gene-F5B20DRAFT_361529	rna-gnl|WGS:JAJKKE|F5B20DRAFT_mRNA361529	PF00447.24	Partial	None
gene-F5B20DRAFT_526257	rna-gnl|WGS:JAJKKE|F5B20DRAFT_mRNA526257		None	None
gene-F5B20DRAFT_568527	rna-gnl|WGS:JAJKKE|F5B20DRAFT_mRNA568527	PF00144.30	Partial	None
gene-F5B20DRAFT_526261	rna-gnl|WGS:JAJKKE|F5B20DRAFT_mRNA526261	PF02668.23	Partial	None
gene-F5B20DRAFT_526262	rna-gnl|WGS:JAJKKE|F5B20DRAFT_mRNA526262	PF20684.4	Partial	None
gene-F5B20DRAFT_526263	rna-gnl|WGS:JAJKKE|F5B20DRAFT_mRNA526263	PF06046.20	Partial	None
gene-F5B20DRAFT_568530	rna-gnl|WGS:JAJKKE|F5B20DRAFT_mRNA568530	PF08631.17,PF24990.1	Complete	None
gene-F5B20DRAFT_576942	rna-gnl|WGS:JAJKKE|F5B20DRAFT_mRNA576942	PF11338.14	Partial	None
gene-F5B20DRAFT_361862	rna-gnl|WGS:JAJKKE|F5B20DRAFT_mRNA361862	PF05368.20,PF13460.13	Partial	None
gene-F5B20DRAFT_361842	rna-gnl|WGS:JAJKKE|F5B20DRAFT_mRNA361842	PF00111.33,PF00941.28,PF01315.28,PF01799.26,PF02738.24,PF03450.23,PF20256.4	Complete	None
gene-F5B20DRAFT_568532	rna-gnl|WGS:JAJKKE|F5B20DRAFT_mRNA568532	PF00171.28	Partial	None
gene-F5B20DRAFT_526312	rna-gnl|WGS:JAJKKE|F5B20DRAFT_mRNA526312	PF04299.19	Partial	None
gene-F5B20DRAFT_576947	rna-gnl|WGS:JAJKKE|F5B20DRAFT_mRNA576947	PF00155.28	Partial	None
gene-F5B20DRAFT_594552	rna-gnl|WGS:JAJKKE|F5B20DRAFT_mRNA594552	PF10302.16,PF13373.12	Partial	None
gene-F5B20DRAFT_576949	rna-gnl|WGS:JAJKKE|F5B20DRAFT_mRNA576949	PF00270.36,PF00271.38,PF04851.22,PF08148.18,PF13234.13,PF21408.3,PF22527.3	Complete	None
gene-F5B20DRAFT_526319	rna-gnl|WGS:JAJKKE|F5B20DRAFT_mRNA526319		None	None
gene-F5B20DRAFT_526322	rna-gnl|WGS:JAJKKE|F5B20DRAFT_mRNA526322	PF01535.27,PF01535.27	Complete	None
gene-F5B20DRAFT_362038	rna-gnl|WGS:JAJKKE|F5B20DRAFT_mRNA362038	PF13741.13,PF13741.13	Partial	None
gene-F5B20DRAFT_576953	rna-gnl|WGS:JAJKKE|F5B20DRAFT_mRNA576953		None	None
gene-F5B20DRAFT_526327	rna-gnl|WGS:JAJKKE|F5B20DRAFT_mRNA526327	PF00561.27,PF07819.20,PF22939.3,PF24883.3	Complete	None
gene-F5B20DRAFT_526333	rna-gnl|WGS:JAJKKE|F5B20DRAFT_mRNA526333	PF03881.21	Partial	None
gene-F5B20DRAFT_526341	rna-gnl|WGS:JAJKKE|F5B20DRAFT_mRNA526341	PF00083.31,PF06609.19,PF07690.22	Partial	None
gene-F5B20DRAFT_362275	rna-gnl|WGS:JAJKKE|F5B20DRAFT_mRNA362275	PF08660.18	Partial	None
gene-F5B20DRAFT_526351	rna-gnl|WGS:JAJKKE|F5B20DRAFT_mRNA526351	PF09779.15	Partial	None
gene-F5B20DRAFT_526354	rna-gnl|WGS:JAJKKE|F5B20DRAFT_mRNA526354	PF00173.34,PF04116.20	Partial	None
gene-F5B20DRAFT_576960	rna-gnl|WGS:JAJKKE|F5B20DRAFT_mRNA576960	PF00076.29,PF00076.29,PF15519.12	Complete	None
gene-F5B20DRAFT_576961	rna-gnl|WGS:JAJKKE|F5B20DRAFT_mRNA576961		None	None
gene-F5B20DRAFT_526365	rna-gnl|WGS:JAJKKE|F5B20DRAFT_mRNA526365		None	None
gene-F5B20DRAFT_526367	rna-gnl|WGS:JAJKKE|F5B20DRAFT_mRNA526367	PF00753.34,PF07521.18,PF10996.15,PF11718.14,PF16661.12,PF23023.2	Complete	None
gene-F5B20DRAFT_526370	rna-gnl|WGS:JAJKKE|F5B20DRAFT_mRNA526370	PF05236.21	Partial	None
gene-F5B20DRAFT_362638	rna-gnl|WGS:JAJKKE|F5B20DRAFT_mRNA362638	PF00795.28	Partial	None
gene-F5B20DRAFT_576966	rna-gnl|WGS:JAJKKE|F5B20DRAFT_mRNA576966	PF09532.16,PF12701.14,PF14438.13	Complete	None
gene-F5B20DRAFT_526378	rna-gnl|WGS:JAJKKE|F5B20DRAFT_mRNA526378	PF04438.23,PF25790.2	Partial	None
gene-F5B20DRAFT_362693	rna-gnl|WGS:JAJKKE|F5B20DRAFT_mRNA362693	PF00646.39	Partial	None
gene-F5B20DRAFT_526384	rna-gnl|WGS:JAJKKE|F5B20DRAFT_mRNA526384	PF01168.27	Partial	None
gene-F5B20DRAFT_362701	rna-gnl|WGS:JAJKKE|F5B20DRAFT_mRNA362701	PF01501.27	Partial	None
gene-F5B20DRAFT_576970	rna-gnl|WGS:JAJKKE|F5B20DRAFT_mRNA576970		None	None
gene-F5B20DRAFT_362801	rna-gnl|WGS:JAJKKE|F5B20DRAFT_mRNA362801	PF01602.27,PF02296.23,PF02883.27	Complete	None
gene-F5B20DRAFT_526390	rna-gnl|WGS:JAJKKE|F5B20DRAFT_mRNA526390	PF08241.19,PF08242.19,PF13489.13,PF13649.13	Partial	None
gene-F5B20DRAFT_362858	rna-gnl|WGS:JAJKKE|F5B20DRAFT_mRNA362858	PF00096.33	Complete	None
gene-F5B20DRAFT_362856	rna-gnl|WGS:JAJKKE|F5B20DRAFT_mRNA362856	PF04699.20	Partial	None
gene-F5B20DRAFT_526441	rna-gnl|WGS:JAJKKE|F5B20DRAFT_mRNA526441	PF30387.1	Partial	None
gene-F5B20DRAFT_526458	rna-gnl|WGS:JAJKKE|F5B20DRAFT_mRNA526458	PF00153.33,PF00153.33,PF00153.33	Complete	None
gene-F5B20DRAFT_363244	rna-gnl|WGS:JAJKKE|F5B20DRAFT_mRNA363244	PF04910.21	Partial	None
gene-F5B20DRAFT_363267	rna-gnl|WGS:JAJKKE|F5B20DRAFT_mRNA363267		None	None
gene-F5B20DRAFT_363269	rna-gnl|WGS:JAJKKE|F5B20DRAFT_mRNA363269	PF03443.21	Partial	None
gene-F5B20DRAFT_568553	rna-gnl|WGS:JAJKKE|F5B20DRAFT_mRNA568553	PF00172.24,PF04082.24	Partial	None
gene-F5B20DRAFT_526491	rna-gnl|WGS:JAJKKE|F5B20DRAFT_mRNA526491	PF00108.30,PF02803.25,PF22691.3	Complete	None
gene-F5B20DRAFT_576982	rna-gnl|WGS:JAJKKE|F5B20DRAFT_mRNA576982	PF20684.4	Partial	None
gene-F5B20DRAFT_363520	rna-gnl|WGS:JAJKKE|F5B20DRAFT_mRNA363520	PF20150.5	Partial	None
gene-F5B20DRAFT_363530	rna-gnl|WGS:JAJKKE|F5B20DRAFT_mRNA363530	PF06094.18	Partial	None
gene-F5B20DRAFT_363546	rna-gnl|WGS:JAJKKE|F5B20DRAFT_mRNA363546	PF12224.14	Partial	None
gene-F5B20DRAFT_576986	rna-gnl|WGS:JAJKKE|F5B20DRAFT_mRNA576986	PF03575.24	Partial	None
gene-F5B20DRAFT_363577	rna-gnl|WGS:JAJKKE|F5B20DRAFT_mRNA363577	PF20150.5	Partial	None
gene-F5B20DRAFT_568555	rna-gnl|WGS:JAJKKE|F5B20DRAFT_mRNA568555	PF00083.31,PF07690.22	Partial	None
gene-F5B20DRAFT_576989	rna-gnl|WGS:JAJKKE|F5B20DRAFT_mRNA576989		None	None
gene-F5B20DRAFT_526502	rna-gnl|WGS:JAJKKE|F5B20DRAFT_mRNA526502		None	None
gene-F5B20DRAFT_526513	rna-gnl|WGS:JAJKKE|F5B20DRAFT_mRNA526513		None	None
gene-F5B20DRAFT_526521	rna-gnl|WGS:JAJKKE|F5B20DRAFT_mRNA526521	PF00135.35,PF20434.6	Partial	None
gene-F5B20DRAFT_526527	rna-gnl|WGS:JAJKKE|F5B20DRAFT_mRNA526527	PF00646.39,PF12937.13	Partial	None
gene-F5B20DRAFT_526529	rna-gnl|WGS:JAJKKE|F5B20DRAFT_mRNA526529	PF07690.22	Partial	None
gene-F5B20DRAFT_363816	rna-gnl|WGS:JAJKKE|F5B20DRAFT_mRNA363816	PF27986.1	Partial	None
gene-F5B20DRAFT_576995	rna-gnl|WGS:JAJKKE|F5B20DRAFT_mRNA576995	PF00291.32,PF14821.12,PF24857.2	Complete	None
gene-F5B20DRAFT_363931	rna-gnl|WGS:JAJKKE|F5B20DRAFT_mRNA363931	PF01124.24	Partial	None
gene-F5B20DRAFT_568560	rna-gnl|WGS:JAJKKE|F5B20DRAFT_mRNA568560	PF00172.24,PF04082.24	Partial	None
gene-F5B20DRAFT_526540	rna-gnl|WGS:JAJKKE|F5B20DRAFT_mRNA526540	PF04185.20	Partial	None
gene-F5B20DRAFT_364446	rna-gnl|WGS:JAJKKE|F5B20DRAFT_mRNA364446	PF00172.24,PF04082.24	Partial	None
gene-F5B20DRAFT_364550	rna-gnl|WGS:JAJKKE|F5B20DRAFT_mRNA364550		None	None
gene-F5B20DRAFT_577002	rna-gnl|WGS:JAJKKE|F5B20DRAFT_mRNA577002	PF00734.24,PF03443.21	Complete	None
gene-F5B20DRAFT_364631	rna-gnl|WGS:JAJKKE|F5B20DRAFT_mRNA364631	PF01636.30	Partial	None
gene-F5B20DRAFT_577004	rna-gnl|WGS:JAJKKE|F5B20DRAFT_mRNA577004	PF10615.15	Partial	None
gene-F5B20DRAFT_526598	rna-gnl|WGS:JAJKKE|F5B20DRAFT_mRNA526598	PF00335.27	Partial	None
gene-F5B20DRAFT_526603	rna-gnl|WGS:JAJKKE|F5B20DRAFT_mRNA526603		None	None
gene-F5B20DRAFT_364732	rna-gnl|WGS:JAJKKE|F5B20DRAFT_mRNA364732	PF04389.23	Partial	None
gene-F5B20DRAFT_577009	rna-gnl|WGS:JAJKKE|F5B20DRAFT_mRNA577009	PF24106.1	Partial	None
gene-F5B20DRAFT_526626	rna-gnl|WGS:JAJKKE|F5B20DRAFT_mRNA526626	PF06726.18	Partial	None
gene-F5B20DRAFT_526628	rna-gnl|WGS:JAJKKE|F5B20DRAFT_mRNA526628		None	None
gene-F5B20DRAFT_364848	rna-gnl|WGS:JAJKKE|F5B20DRAFT_mRNA364848	PF00481.27	Partial	None
gene-F5B20DRAFT_364856	rna-gnl|WGS:JAJKKE|F5B20DRAFT_mRNA364856	PF17733.8,PF25871.1	Complete	None
gene-F5B20DRAFT_364865	rna-gnl|WGS:JAJKKE|F5B20DRAFT_mRNA364865		None	None
gene-F5B20DRAFT_577015	rna-gnl|WGS:JAJKKE|F5B20DRAFT_mRNA577015	PF04828.23	Partial	None
gene-F5B20DRAFT_364892	rna-gnl|WGS:JAJKKE|F5B20DRAFT_mRNA364892	PF00887.25	Partial	None
gene-F5B20DRAFT_526638	rna-gnl|WGS:JAJKKE|F5B20DRAFT_mRNA526638	PF00636.32,PF14622.12	Partial	None
gene-F5B20DRAFT_526639	rna-gnl|WGS:JAJKKE|F5B20DRAFT_mRNA526639	PF08293.17	Partial	None
gene-F5B20DRAFT_594590	rna-gnl|WGS:JAJKKE|F5B20DRAFT_mRNA594590	PF00806.26,PF00806.26,PF00806.26,PF00806.26,PF00806.26,PF00806.26,PF00806.26,PF00806.26	Complete	None
gene-F5B20DRAFT_526647	rna-gnl|WGS:JAJKKE|F5B20DRAFT_mRNA526647	PF00111.33,PF00384.28,PF09326.17,PF10588.15,PF13510.12,PF22117.3,PF22151.3	Complete	None
gene-F5B20DRAFT_577021	rna-gnl|WGS:JAJKKE|F5B20DRAFT_mRNA577021		None	None
gene-F5B20DRAFT_364981	rna-gnl|WGS:JAJKKE|F5B20DRAFT_mRNA364981		None	None
gene-F5B20DRAFT_577024	rna-gnl|WGS:JAJKKE|F5B20DRAFT_mRNA577024		None	None
gene-F5B20DRAFT_568572	rna-gnl|WGS:JAJKKE|F5B20DRAFT_mRNA568572	PF30667.1	Partial	None
gene-F5B20DRAFT_365070	rna-gnl|WGS:JAJKKE|F5B20DRAFT_mRNA365070	PF21924.2	Complete	None
gene-F5B20DRAFT_568573	rna-gnl|WGS:JAJKKE|F5B20DRAFT_mRNA568573	PF00248.28	Partial	None
gene-F5B20DRAFT_577028	rna-gnl|WGS:JAJKKE|F5B20DRAFT_mRNA577028		None	None
gene-F5B20DRAFT_526668	rna-gnl|WGS:JAJKKE|F5B20DRAFT_mRNA526668	PF02696.20	Partial	None
gene-F5B20DRAFT_577030	rna-gnl|WGS:JAJKKE|F5B20DRAFT_mRNA577030		None	None
gene-F5B20DRAFT_526672	rna-gnl|WGS:JAJKKE|F5B20DRAFT_mRNA526672		None	None
gene-F5B20DRAFT_594604	rna-gnl|WGS:JAJKKE|F5B20DRAFT_mRNA594604	PF01569.28	Partial	None
gene-F5B20DRAFT_526673	rna-gnl|WGS:JAJKKE|F5B20DRAFT_mRNA526673	PF01756.25,PF02770.25,PF14749.12,PF22924.2	Complete	None
gene-F5B20DRAFT_526674	rna-gnl|WGS:JAJKKE|F5B20DRAFT_mRNA526674	PF01239.29,PF01239.29,PF01239.29,PF01239.29,PF01239.29	Complete	None
gene-F5B20DRAFT_365513	rna-gnl|WGS:JAJKKE|F5B20DRAFT_mRNA365513	PF05729.19,PF24883.3,PF25053.1	Complete	None
gene-F5B20DRAFT_365567	rna-gnl|WGS:JAJKKE|F5B20DRAFT_mRNA365567	PF01189.24	Complete	None
gene-F5B20DRAFT_577037	rna-gnl|WGS:JAJKKE|F5B20DRAFT_mRNA577037	PF12754.14,PF17183.10	Complete	None
gene-F5B20DRAFT_594608	rna-gnl|WGS:JAJKKE|F5B20DRAFT_mRNA594608	PF00241.26	Partial	None
gene-F5B20DRAFT_526684	rna-gnl|WGS:JAJKKE|F5B20DRAFT_mRNA526684	PF00118.30	Partial	None
gene-F5B20DRAFT_526687	rna-gnl|WGS:JAJKKE|F5B20DRAFT_mRNA526687	PF00106.32	Partial	None
gene-F5B20DRAFT_365706	rna-gnl|WGS:JAJKKE|F5B20DRAFT_mRNA365706	PF01975.24	Partial	None
gene-F5B20DRAFT_594620	rna-gnl|WGS:JAJKKE|F5B20DRAFT_mRNA594620		None	None
gene-F5B20DRAFT_526698	rna-gnl|WGS:JAJKKE|F5B20DRAFT_mRNA526698	PF06041.18	Partial	None
gene-F5B20DRAFT_526705	rna-gnl|WGS:JAJKKE|F5B20DRAFT_mRNA526705	PF04564.22	Complete	None
gene-F5B20DRAFT_526713	rna-gnl|WGS:JAJKKE|F5B20DRAFT_mRNA526713	PF00550.32	Complete	None
gene-F5B20DRAFT_526715	rna-gnl|WGS:JAJKKE|F5B20DRAFT_mRNA526715	PF24476.2	Partial	None
gene-F5B20DRAFT_577058	rna-gnl|WGS:JAJKKE|F5B20DRAFT_mRNA577058		None	None
gene-F5B20DRAFT_402669	rna-gnl|WGS:JAJKKE|F5B20DRAFT_mRNA402669	PF05686.19	Partial	None
gene-F5B20DRAFT_402631	rna-gnl|WGS:JAJKKE|F5B20DRAFT_mRNA402631	PF00615.25,PF13426.14	Complete	None
gene-F5B20DRAFT_526728	rna-gnl|WGS:JAJKKE|F5B20DRAFT_mRNA526728	PF09810.16	Partial	None
gene-F5B20DRAFT_526731	rna-gnl|WGS:JAJKKE|F5B20DRAFT_mRNA526731		None	None
gene-F5B20DRAFT_526734	rna-gnl|WGS:JAJKKE|F5B20DRAFT_mRNA526734	PF05368.20,PF13460.13	Partial	None
gene-F5B20DRAFT_526740	rna-gnl|WGS:JAJKKE|F5B20DRAFT_mRNA526740	PF09284.17,PF14683.13,PF14686.13	Complete	None
gene-F5B20DRAFT_577064	rna-gnl|WGS:JAJKKE|F5B20DRAFT_mRNA577064	PF05241.18	Partial	None
gene-F5B20DRAFT_402917	rna-gnl|WGS:JAJKKE|F5B20DRAFT_mRNA402917	PF30975.1	Partial	None
gene-F5B20DRAFT_577066	rna-gnl|WGS:JAJKKE|F5B20DRAFT_mRNA577066		None	None
gene-F5B20DRAFT_403126	rna-gnl|WGS:JAJKKE|F5B20DRAFT_mRNA403126	PF07690.22	Partial	None
gene-F5B20DRAFT_403108	rna-gnl|WGS:JAJKKE|F5B20DRAFT_mRNA403108	PF27810.1	Complete	None
gene-F5B20DRAFT_526760	rna-gnl|WGS:JAJKKE|F5B20DRAFT_mRNA526760		None	None
gene-F5B20DRAFT_526777	rna-gnl|WGS:JAJKKE|F5B20DRAFT_mRNA526777		None	None
gene-F5B20DRAFT_568590	rna-gnl|WGS:JAJKKE|F5B20DRAFT_mRNA568590	PF00005.34,PF00005.34,PF00664.29,PF00664.29	Complete	None
gene-F5B20DRAFT_595408	rna-gnl|WGS:JAJKKE|F5B20DRAFT_mRNA595408	PF07714.24	Partial	None
gene-F5B20DRAFT_t20	gene-F5B20DRAFT_t20		None	None
gene-F5B20DRAFT_526788	rna-gnl|WGS:JAJKKE|F5B20DRAFT_mRNA526788	PF26112.1,PF26191.1,PF26200.2	Complete	None
gene-F5B20DRAFT_526791	rna-gnl|WGS:JAJKKE|F5B20DRAFT_mRNA526791	PF00106.32,PF00106.32,PF01575.26,PF08659.17,PF08659.17,PF13561.13,PF13561.13,PF22622.3	Complete	None
gene-F5B20DRAFT_577075	rna-gnl|WGS:JAJKKE|F5B20DRAFT_mRNA577075	PF00448.29	Partial	None
gene-F5B20DRAFT_526810	rna-gnl|WGS:JAJKKE|F5B20DRAFT_mRNA526810	PF15463.12	Complete	None
gene-F5B20DRAFT_403858	rna-gnl|WGS:JAJKKE|F5B20DRAFT_mRNA403858		None	None
gene-F5B20DRAFT_526829	rna-gnl|WGS:JAJKKE|F5B20DRAFT_mRNA526829	PF00400.39,PF00400.39,PF04192.18,PF12894.14,PF25168.2,PF25171.2	Complete	None
gene-F5B20DRAFT_404024	rna-gnl|WGS:JAJKKE|F5B20DRAFT_mRNA404024	PF00328.28,PF08443.17,PF18086.8	Complete	None
gene-F5B20DRAFT_404054	rna-gnl|WGS:JAJKKE|F5B20DRAFT_mRNA404054	PF03473.24,PF03473.24,PF03476.22	Complete	None
gene-F5B20DRAFT_404072	rna-gnl|WGS:JAJKKE|F5B20DRAFT_mRNA404072	PF06985.18	Partial	None
gene-F5B20DRAFT_404186	rna-gnl|WGS:JAJKKE|F5B20DRAFT_mRNA404186	PF14683.13,PF14686.13,PF28395.1	Complete	None
gene-F5B20DRAFT_568598	rna-gnl|WGS:JAJKKE|F5B20DRAFT_mRNA568598	PF03663.21	Partial	None
gene-F5B20DRAFT_404236	rna-gnl|WGS:JAJKKE|F5B20DRAFT_mRNA404236	PF00270.36,PF00575.30,PF13401.13	Complete	None
gene-F5B20DRAFT_526859	rna-gnl|WGS:JAJKKE|F5B20DRAFT_mRNA526859	PF01679.23	Partial	None
gene-F5B20DRAFT_595417	rna-gnl|WGS:JAJKKE|F5B20DRAFT_mRNA595417		None	None
gene-F5B20DRAFT_526862	rna-gnl|WGS:JAJKKE|F5B20DRAFT_mRNA526862	PF00271.38,PF12513.16,PF18147.7,PF22527.3	Complete	None
gene-F5B20DRAFT_568601	rna-gnl|WGS:JAJKKE|F5B20DRAFT_mRNA568601		None	None
gene-F5B20DRAFT_404342	rna-gnl|WGS:JAJKKE|F5B20DRAFT_mRNA404342		None	None
gene-F5B20DRAFT_577090	rna-gnl|WGS:JAJKKE|F5B20DRAFT_mRNA577090	PF00957.28,PF13774.14	Complete	None
gene-F5B20DRAFT_404388	rna-gnl|WGS:JAJKKE|F5B20DRAFT_mRNA404388		None	None
gene-F5B20DRAFT_404353	rna-gnl|WGS:JAJKKE|F5B20DRAFT_mRNA404353	PF00106.32,PF01370.28,PF08659.17	Partial	None
gene-F5B20DRAFT_526872	rna-gnl|WGS:JAJKKE|F5B20DRAFT_mRNA526872	PF01585.29	Complete	None
gene-F5B20DRAFT_568603	rna-gnl|WGS:JAJKKE|F5B20DRAFT_mRNA568603	PF00995.29	Partial	None
gene-F5B20DRAFT_404430	rna-gnl|WGS:JAJKKE|F5B20DRAFT_mRNA404430	PF20566.4	Partial	None
gene-F5B20DRAFT_526888	rna-gnl|WGS:JAJKKE|F5B20DRAFT_mRNA526888	PF11707.14,PF16201.11,PF26140.1	Complete	None
gene-F5B20DRAFT_568606	rna-gnl|WGS:JAJKKE|F5B20DRAFT_mRNA568606	PF02966.23	Partial	None
gene-F5B20DRAFT_595429	rna-gnl|WGS:JAJKKE|F5B20DRAFT_mRNA595429	PF14222.12,PF14225.12,PF14228.11,PF14228.11,PF14228.11	Complete	None
gene-F5B20DRAFT_568608	rna-gnl|WGS:JAJKKE|F5B20DRAFT_mRNA568608	PF00175.27,PF00258.31,PF00667.27	Complete	None
gene-F5B20DRAFT_526941	rna-gnl|WGS:JAJKKE|F5B20DRAFT_mRNA526941		None	None
gene-F5B20DRAFT_595436	rna-gnl|WGS:JAJKKE|F5B20DRAFT_mRNA595436	PF00076.29,PF00076.29	Complete	None
gene-F5B20DRAFT_526944	rna-gnl|WGS:JAJKKE|F5B20DRAFT_mRNA526944	PF01163.29,PF01163.29,PF09202.18	Partial	None
gene-F5B20DRAFT_404777	rna-gnl|WGS:JAJKKE|F5B20DRAFT_mRNA404777	PF01851.29,PF17781.8,PF18051.7	Complete	None
gene-F5B20DRAFT_568611	rna-gnl|WGS:JAJKKE|F5B20DRAFT_mRNA568611	PF00270.36,PF00271.38,PF04851.22,PF08147.18	Complete	None
gene-F5B20DRAFT_404790	rna-gnl|WGS:JAJKKE|F5B20DRAFT_mRNA404790	PF00226.37	Partial	None
gene-F5B20DRAFT_404804	rna-gnl|WGS:JAJKKE|F5B20DRAFT_mRNA404804	PF25567.2	Partial	None
gene-F5B20DRAFT_526954	rna-gnl|WGS:JAJKKE|F5B20DRAFT_mRNA526954		None	None
gene-F5B20DRAFT_577106	rna-gnl|WGS:JAJKKE|F5B20DRAFT_mRNA577106	PF03659.22,PF15474.12	Complete	None
gene-F5B20DRAFT_526963	rna-gnl|WGS:JAJKKE|F5B20DRAFT_mRNA526963		None	None
gene-F5B20DRAFT_568613	rna-gnl|WGS:JAJKKE|F5B20DRAFT_mRNA568613	PF28142.1	Partial	None
gene-F5B20DRAFT_595450	rna-gnl|WGS:JAJKKE|F5B20DRAFT_mRNA595450	PF02656.21	Partial	None
gene-F5B20DRAFT_577109	rna-gnl|WGS:JAJKKE|F5B20DRAFT_mRNA577109	PF01554.24,PF01554.24	Complete	None
gene-F5B20DRAFT_568615	rna-gnl|WGS:JAJKKE|F5B20DRAFT_mRNA568615	PF00293.35	Partial	None
gene-F5B20DRAFT_526979	rna-gnl|WGS:JAJKKE|F5B20DRAFT_mRNA526979	PF00583.32,PF13508.14	Complete	None
gene-F5B20DRAFT_526994	rna-gnl|WGS:JAJKKE|F5B20DRAFT_mRNA526994	PF08784.18	Partial	None
gene-F5B20DRAFT_404956	rna-gnl|WGS:JAJKKE|F5B20DRAFT_mRNA404956	PF00004.36,PF02190.23,PF05362.20,PF07728.21,PF13541.13,PF22667.3	Complete	None
gene-F5B20DRAFT_405757	rna-gnl|WGS:JAJKKE|F5B20DRAFT_mRNA405757		None	None
gene-F5B20DRAFT_405988	rna-gnl|WGS:JAJKKE|F5B20DRAFT_mRNA405988	PF00172.24	Complete	None
gene-F5B20DRAFT_406069	rna-gnl|WGS:JAJKKE|F5B20DRAFT_mRNA406069		None	None
gene-F5B20DRAFT_527018	rna-gnl|WGS:JAJKKE|F5B20DRAFT_mRNA527018	PF01119.26,PF02518.32,PF13589.13,PF16413.11	Complete	None
gene-F5B20DRAFT_577119	rna-gnl|WGS:JAJKKE|F5B20DRAFT_mRNA577119		None	None
gene-F5B20DRAFT_527021	rna-gnl|WGS:JAJKKE|F5B20DRAFT_mRNA527021	PF00089.33,PF00595.30,PF12812.14,PF12812.14,PF13365.13,PF17820.8	Complete	None
gene-F5B20DRAFT_406131	rna-gnl|WGS:JAJKKE|F5B20DRAFT_mRNA406131	PF28404.1	Partial	None
gene-F5B20DRAFT_406203	rna-gnl|WGS:JAJKKE|F5B20DRAFT_mRNA406203		None	None
gene-F5B20DRAFT_406301	rna-gnl|WGS:JAJKKE|F5B20DRAFT_mRNA406301	PF00083.31,PF07690.22	Partial	None
gene-F5B20DRAFT_406234	rna-gnl|WGS:JAJKKE|F5B20DRAFT_mRNA406234	PF00172.24,PF04082.24	Partial	None
gene-F5B20DRAFT_527089	rna-gnl|WGS:JAJKKE|F5B20DRAFT_mRNA527089	PF00137.27,PF00137.27	Complete	None
gene-F5B20DRAFT_406495	rna-gnl|WGS:JAJKKE|F5B20DRAFT_mRNA406495	PF01588.27,PF21972.2	Complete	None
gene-F5B20DRAFT_406610	rna-gnl|WGS:JAJKKE|F5B20DRAFT_mRNA406610		None	None
gene-F5B20DRAFT_406503	rna-gnl|WGS:JAJKKE|F5B20DRAFT_mRNA406503	PF00940.25,PF14700.12,PF26713.1	Partial	None
gene-F5B20DRAFT_527106	rna-gnl|WGS:JAJKKE|F5B20DRAFT_mRNA527106	PF26719.2	Partial	None
gene-F5B20DRAFT_406660	rna-gnl|WGS:JAJKKE|F5B20DRAFT_mRNA406660	PF02265.23	Partial	None
gene-F5B20DRAFT_577132	rna-gnl|WGS:JAJKKE|F5B20DRAFT_mRNA577132	PF01368.28,PF02833.20	Complete	None
gene-F5B20DRAFT_527119	rna-gnl|WGS:JAJKKE|F5B20DRAFT_mRNA527119	PF06985.18,PF26640.1	Complete	None
gene-F5B20DRAFT_577135	rna-gnl|WGS:JAJKKE|F5B20DRAFT_mRNA577135		None	None
gene-F5B20DRAFT_527128	rna-gnl|WGS:JAJKKE|F5B20DRAFT_mRNA527128	PF21959.3	Partial	None
gene-F5B20DRAFT_406761	rna-gnl|WGS:JAJKKE|F5B20DRAFT_mRNA406761	PF00069.32,PF00400.39,PF22956.3	Complete	None
gene-F5B20DRAFT_406791	rna-gnl|WGS:JAJKKE|F5B20DRAFT_mRNA406791		None	None
gene-F5B20DRAFT_406823	rna-gnl|WGS:JAJKKE|F5B20DRAFT_mRNA406823		None	None
gene-F5B20DRAFT_406881	rna-gnl|WGS:JAJKKE|F5B20DRAFT_mRNA406881	PF01370.28,PF05368.20,PF13460.13	Partial	None
gene-F5B20DRAFT_577140	rna-gnl|WGS:JAJKKE|F5B20DRAFT_mRNA577140		None	None
gene-F5B20DRAFT_406891	rna-gnl|WGS:JAJKKE|F5B20DRAFT_mRNA406891	PF22892.3	Complete	None
gene-F5B20DRAFT_406909	rna-gnl|WGS:JAJKKE|F5B20DRAFT_mRNA406909	PF01735.24	Partial	None
gene-F5B20DRAFT_595472	rna-gnl|WGS:JAJKKE|F5B20DRAFT_mRNA595472		None	None
gene-F5B20DRAFT_527160	rna-gnl|WGS:JAJKKE|F5B20DRAFT_mRNA527160	PF00753.34	Partial	None
gene-F5B20DRAFT_527161	rna-gnl|WGS:JAJKKE|F5B20DRAFT_mRNA527161		None	None
gene-F5B20DRAFT_577145	rna-gnl|WGS:JAJKKE|F5B20DRAFT_mRNA577145	PF06884.17	Partial	None
gene-F5B20DRAFT_595476	rna-gnl|WGS:JAJKKE|F5B20DRAFT_mRNA595476		None	None
gene-F5B20DRAFT_568632	rna-gnl|WGS:JAJKKE|F5B20DRAFT_mRNA568632	PF00172.24	Partial	None
gene-F5B20DRAFT_568633	rna-gnl|WGS:JAJKKE|F5B20DRAFT_mRNA568633	PF06609.19,PF07690.22	Partial	None
gene-F5B20DRAFT_527178	rna-gnl|WGS:JAJKKE|F5B20DRAFT_mRNA527178	PF00106.32,PF00107.33,PF00109.33,PF00550.32,PF00698.27,PF02801.29,PF08240.18,PF08659.17,PF13602.13,PF14765.13,PF16197.12,PF21089.4,PF22621.3,PF23114.1	Complete	None
gene-F5B20DRAFT_527182	rna-gnl|WGS:JAJKKE|F5B20DRAFT_mRNA527182	PF00326.28,PF00561.27,PF02129.25,PF05448.19,PF06500.18,PF08840.18,PF12146.16,PF12697.14	Partial	None
gene-F5B20DRAFT_568635	rna-gnl|WGS:JAJKKE|F5B20DRAFT_mRNA568635	PF01565.29,PF08031.18	Complete	None
gene-F5B20DRAFT_595486	rna-gnl|WGS:JAJKKE|F5B20DRAFT_mRNA595486	PF00023.37,PF00023.37,PF12796.14,PF12796.14,PF13606.13,PF13606.13,PF13637.13,PF13857.13	Complete	None
gene-F5B20DRAFT_527190	rna-gnl|WGS:JAJKKE|F5B20DRAFT_mRNA527190	PF00106.32,PF13561.13	Partial	None
gene-F5B20DRAFT_527193	rna-gnl|WGS:JAJKKE|F5B20DRAFT_mRNA527193	PF00067.28	Partial	None
gene-F5B20DRAFT_407250	rna-gnl|WGS:JAJKKE|F5B20DRAFT_mRNA407250	PF04082.24	Partial	None
gene-F5B20DRAFT_568637	rna-gnl|WGS:JAJKKE|F5B20DRAFT_mRNA568637	PF00724.27,PF01207.24	Partial	None
gene-F5B20DRAFT_527199	rna-gnl|WGS:JAJKKE|F5B20DRAFT_mRNA527199		None	None
gene-F5B20DRAFT_527201	rna-gnl|WGS:JAJKKE|F5B20DRAFT_mRNA527201	PF00445.24	Partial	None
gene-F5B20DRAFT_577156	rna-gnl|WGS:JAJKKE|F5B20DRAFT_mRNA577156	PF03839.22	Partial	None
gene-F5B20DRAFT_407460	rna-gnl|WGS:JAJKKE|F5B20DRAFT_mRNA407460		None	None
gene-F5B20DRAFT_527212	rna-gnl|WGS:JAJKKE|F5B20DRAFT_mRNA527212	PF00328.28	Partial	None
gene-F5B20DRAFT_407519	rna-gnl|WGS:JAJKKE|F5B20DRAFT_mRNA407519		None	None
gene-F5B20DRAFT_577160	rna-gnl|WGS:JAJKKE|F5B20DRAFT_mRNA577160	PF06985.18	Partial	None
gene-F5B20DRAFT_527219	rna-gnl|WGS:JAJKKE|F5B20DRAFT_mRNA527219	PF06985.18	Partial	None
gene-F5B20DRAFT_527221	rna-gnl|WGS:JAJKKE|F5B20DRAFT_mRNA527221	PF06244.19,PF22048.2	Partial	None
gene-F5B20DRAFT_527224	rna-gnl|WGS:JAJKKE|F5B20DRAFT_mRNA527224	PF00153.33,PF00153.33,PF00153.33,PF00153.33	Complete	None
gene-F5B20DRAFT_577164	rna-gnl|WGS:JAJKKE|F5B20DRAFT_mRNA577164	PF03061.29	Complete	None
gene-F5B20DRAFT_527228	rna-gnl|WGS:JAJKKE|F5B20DRAFT_mRNA527228	PF02990.22	Partial	None
gene-F5B20DRAFT_407637	rna-gnl|WGS:JAJKKE|F5B20DRAFT_mRNA407637	PF02714.21,PF12621.14,PF13967.12,PF14703.13,PF14703.13	Complete	None
gene-F5B20DRAFT_407661	rna-gnl|WGS:JAJKKE|F5B20DRAFT_mRNA407661	PF05063.21	Partial	None
gene-F5B20DRAFT_407668	rna-gnl|WGS:JAJKKE|F5B20DRAFT_mRNA407668	PF00276.26	Partial	None
gene-F5B20DRAFT_527237	rna-gnl|WGS:JAJKKE|F5B20DRAFT_mRNA527237	PF01965.31	Partial	None
gene-F5B20DRAFT_527241	rna-gnl|WGS:JAJKKE|F5B20DRAFT_mRNA527241	PF04388.19	Partial	None
gene-F5B20DRAFT_407754	rna-gnl|WGS:JAJKKE|F5B20DRAFT_mRNA407754	PF00332.25,PF29664.1	Partial	None
gene-F5B20DRAFT_595496	rna-gnl|WGS:JAJKKE|F5B20DRAFT_mRNA595496	PF00083.31,PF07690.22	Partial	None
gene-F5B20DRAFT_407842	rna-gnl|WGS:JAJKKE|F5B20DRAFT_mRNA407842	PF00415.25,PF00415.25,PF00415.25,PF00415.25,PF00415.25,PF13540.13,PF13540.13,PF13540.13,PF25390.2	Complete	None
gene-F5B20DRAFT_595500	rna-gnl|WGS:JAJKKE|F5B20DRAFT_mRNA595500		None	None
gene-F5B20DRAFT_527255	rna-gnl|WGS:JAJKKE|F5B20DRAFT_mRNA527255	PF00459.31	Partial	None
gene-F5B20DRAFT_527257	rna-gnl|WGS:JAJKKE|F5B20DRAFT_mRNA527257	PF00294.30	Partial	None
gene-F5B20DRAFT_407936	rna-gnl|WGS:JAJKKE|F5B20DRAFT_mRNA407936		None	None
gene-F5B20DRAFT_407945	rna-gnl|WGS:JAJKKE|F5B20DRAFT_mRNA407945	PF00179.32	Partial	None
gene-F5B20DRAFT_407997	rna-gnl|WGS:JAJKKE|F5B20DRAFT_mRNA407997	PF01494.26,PF13450.13	Partial	None
gene-F5B20DRAFT_408175	rna-gnl|WGS:JAJKKE|F5B20DRAFT_mRNA408175		None	None
gene-F5B20DRAFT_408319	rna-gnl|WGS:JAJKKE|F5B20DRAFT_mRNA408319	PF01872.23	Partial	None
gene-F5B20DRAFT_408436	rna-gnl|WGS:JAJKKE|F5B20DRAFT_mRNA408436		None	None
gene-F5B20DRAFT_408396	rna-gnl|WGS:JAJKKE|F5B20DRAFT_mRNA408396	PF00083.31,PF07690.22	Partial	None
gene-F5B20DRAFT_527298	rna-gnl|WGS:JAJKKE|F5B20DRAFT_mRNA527298		None	None
gene-F5B20DRAFT_408544	rna-gnl|WGS:JAJKKE|F5B20DRAFT_mRNA408544	PF00172.24,PF04082.24	Partial	None
gene-F5B20DRAFT_577186	rna-gnl|WGS:JAJKKE|F5B20DRAFT_mRNA577186		None	None
gene-F5B20DRAFT_595504	rna-gnl|WGS:JAJKKE|F5B20DRAFT_mRNA595504	PF24840.2	Partial	None
gene-F5B20DRAFT_408736	rna-gnl|WGS:JAJKKE|F5B20DRAFT_mRNA408736		None	None
gene-F5B20DRAFT_577189	rna-gnl|WGS:JAJKKE|F5B20DRAFT_mRNA577189		None	None
gene-F5B20DRAFT_408617	rna-gnl|WGS:JAJKKE|F5B20DRAFT_mRNA408617	PF04828.23,PF04828.23	Partial	None
gene-F5B20DRAFT_577191	rna-gnl|WGS:JAJKKE|F5B20DRAFT_mRNA577191	PF06839.18,PF13532.13	Complete	None
gene-F5B20DRAFT_527324	rna-gnl|WGS:JAJKKE|F5B20DRAFT_mRNA527324	PF00400.39,PF00400.39	Complete	None
gene-F5B20DRAFT_595506	rna-gnl|WGS:JAJKKE|F5B20DRAFT_mRNA595506	PF00270.36,PF00271.38	Complete	None
gene-F5B20DRAFT_408876	rna-gnl|WGS:JAJKKE|F5B20DRAFT_mRNA408876		None	None
gene-F5B20DRAFT_408857	rna-gnl|WGS:JAJKKE|F5B20DRAFT_mRNA408857	PF02845.23	Partial	None
gene-F5B20DRAFT_577198	rna-gnl|WGS:JAJKKE|F5B20DRAFT_mRNA577198	PF03473.24,PF03476.22	Complete	None
gene-F5B20DRAFT_577199	rna-gnl|WGS:JAJKKE|F5B20DRAFT_mRNA577199	PF00172.24,PF11951.14	Complete	None
gene-F5B20DRAFT_409136	rna-gnl|WGS:JAJKKE|F5B20DRAFT_mRNA409136	PF03637.23	Partial	None
gene-F5B20DRAFT_527359	rna-gnl|WGS:JAJKKE|F5B20DRAFT_mRNA527359	PF02492.26	Partial	None
gene-F5B20DRAFT_527362	rna-gnl|WGS:JAJKKE|F5B20DRAFT_mRNA527362	PF04153.25	Complete	None
gene-F5B20DRAFT_409338	rna-gnl|WGS:JAJKKE|F5B20DRAFT_mRNA409338		None	None
gene-F5B20DRAFT_577205	rna-gnl|WGS:JAJKKE|F5B20DRAFT_mRNA577205		None	None
gene-F5B20DRAFT_527372	rna-gnl|WGS:JAJKKE|F5B20DRAFT_mRNA527372	PF03941.21	Complete	None
gene-F5B20DRAFT_568658	rna-gnl|WGS:JAJKKE|F5B20DRAFT_mRNA568658	PF00226.37	Partial	None
gene-F5B20DRAFT_409439	rna-gnl|WGS:JAJKKE|F5B20DRAFT_mRNA409439		None	None
gene-F5B20DRAFT_595518	rna-gnl|WGS:JAJKKE|F5B20DRAFT_mRNA595518		None	None
gene-F5B20DRAFT_595521	rna-gnl|WGS:JAJKKE|F5B20DRAFT_mRNA595521		None	None
gene-F5B20DRAFT_577212	rna-gnl|WGS:JAJKKE|F5B20DRAFT_mRNA577212		None	None
gene-F5B20DRAFT_409456	rna-gnl|WGS:JAJKKE|F5B20DRAFT_mRNA409456	PF10332.15	Partial	None
gene-F5B20DRAFT_527387	rna-gnl|WGS:JAJKKE|F5B20DRAFT_mRNA527387	PF01990.23	Partial	None
gene-F5B20DRAFT_527389	rna-gnl|WGS:JAJKKE|F5B20DRAFT_mRNA527389	PF02221.21	Partial	None
gene-F5B20DRAFT_527396	rna-gnl|WGS:JAJKKE|F5B20DRAFT_mRNA527396	PF02714.21,PF12621.14,PF13967.12,PF14703.13	Complete	None
gene-F5B20DRAFT_568661	rna-gnl|WGS:JAJKKE|F5B20DRAFT_mRNA568661		None	None
gene-F5B20DRAFT_527400	rna-gnl|WGS:JAJKKE|F5B20DRAFT_mRNA527400		None	None
gene-F5B20DRAFT_527410	rna-gnl|WGS:JAJKKE|F5B20DRAFT_mRNA527410		None	None
gene-F5B20DRAFT_409683	rna-gnl|WGS:JAJKKE|F5B20DRAFT_mRNA409683	PF01822.25	Partial	None
gene-F5B20DRAFT_527428	rna-gnl|WGS:JAJKKE|F5B20DRAFT_mRNA527428	PF03619.23	Partial	None
gene-F5B20DRAFT_409882	rna-gnl|WGS:JAJKKE|F5B20DRAFT_mRNA409882	PF11262.14,PF11732.14,PF16134.11	Complete	None
gene-F5B20DRAFT_527433	rna-gnl|WGS:JAJKKE|F5B20DRAFT_mRNA527433	PF00561.27	Partial	None
gene-F5B20DRAFT_409927	rna-gnl|WGS:JAJKKE|F5B20DRAFT_mRNA409927	PF00083.31,PF07690.22	Partial	None
gene-F5B20DRAFT_595523	rna-gnl|WGS:JAJKKE|F5B20DRAFT_mRNA595523		None	None
gene-F5B20DRAFT_409982	rna-gnl|WGS:JAJKKE|F5B20DRAFT_mRNA409982		None	None
gene-F5B20DRAFT_595528	rna-gnl|WGS:JAJKKE|F5B20DRAFT_mRNA595528		None	None
gene-F5B20DRAFT_527451	rna-gnl|WGS:JAJKKE|F5B20DRAFT_mRNA527451		None	None
gene-F5B20DRAFT_410075	rna-gnl|WGS:JAJKKE|F5B20DRAFT_mRNA410075	PF01398.27,PF13012.12	Complete	None
gene-F5B20DRAFT_410171	rna-gnl|WGS:JAJKKE|F5B20DRAFT_mRNA410171	PF00107.33,PF08240.18	Complete	None
gene-F5B20DRAFT_577230	rna-gnl|WGS:JAJKKE|F5B20DRAFT_mRNA577230	PF00787.30,PF09325.16	Complete	None
gene-F5B20DRAFT_527477	rna-gnl|WGS:JAJKKE|F5B20DRAFT_mRNA527477	PF00009.34,PF14492.13,PF22042.3	Complete	None
gene-F5B20DRAFT_577232	rna-gnl|WGS:JAJKKE|F5B20DRAFT_mRNA577232	PF00350.30,PF01031.26,PF02212.24	Complete	None
gene-F5B20DRAFT_568672	rna-gnl|WGS:JAJKKE|F5B20DRAFT_mRNA568672	PF00596.28,PF01189.24,PF25376.2,PF25378.2	Complete	None
gene-F5B20DRAFT_595536	rna-gnl|WGS:JAJKKE|F5B20DRAFT_mRNA595536	PF01018.29,PF01018.29,PF01926.30,PF02421.25	Complete	None
gene-F5B20DRAFT_410589	rna-gnl|WGS:JAJKKE|F5B20DRAFT_mRNA410589		None	None
gene-F5B20DRAFT_527491	rna-gnl|WGS:JAJKKE|F5B20DRAFT_mRNA527491		None	None
gene-F5B20DRAFT_527519	rna-gnl|WGS:JAJKKE|F5B20DRAFT_mRNA527519	PF30554.1	Partial	None
gene-F5B20DRAFT_527523	rna-gnl|WGS:JAJKKE|F5B20DRAFT_mRNA527523	PF01191.25,PF03871.21	Complete	None
gene-F5B20DRAFT_410710	rna-gnl|WGS:JAJKKE|F5B20DRAFT_mRNA410710	PF20684.4	Partial	None
gene-F5B20DRAFT_410773	rna-gnl|WGS:JAJKKE|F5B20DRAFT_mRNA410773	PF12612.14,PF23579.2,PF25767.2,PF25767.2	Complete	None
gene-F5B20DRAFT_410772	rna-gnl|WGS:JAJKKE|F5B20DRAFT_mRNA410772		None	None
gene-F5B20DRAFT_527545	rna-gnl|WGS:JAJKKE|F5B20DRAFT_mRNA527545	PF08007.19,PF13621.13	Complete	None
gene-F5B20DRAFT_527546	rna-gnl|WGS:JAJKKE|F5B20DRAFT_mRNA527546	PF08241.19,PF13489.13,PF13649.13	Partial	None
gene-F5B20DRAFT_527553	rna-gnl|WGS:JAJKKE|F5B20DRAFT_mRNA527553	PF02724.20,PF02724.20	Partial	None
gene-F5B20DRAFT_527558	rna-gnl|WGS:JAJKKE|F5B20DRAFT_mRNA527558	PF01814.29	Partial	None
gene-F5B20DRAFT_568682	rna-gnl|WGS:JAJKKE|F5B20DRAFT_mRNA568682	PF00036.39,PF00036.39,PF00036.39,PF13202.13,PF13202.13,PF13202.13,PF13405.13,PF13405.13,PF13405.13,PF13499.13,PF13499.13,PF13833.13,PF13833.13,PF13833.13	Complete	None
gene-F5B20DRAFT_527567	rna-gnl|WGS:JAJKKE|F5B20DRAFT_mRNA527567	PF00501.35	Partial	None
gene-F5B20DRAFT_411145	rna-gnl|WGS:JAJKKE|F5B20DRAFT_mRNA411145	PF10294.16	Partial	None
gene-F5B20DRAFT_411166	rna-gnl|WGS:JAJKKE|F5B20DRAFT_mRNA411166	PF00172.24,PF04082.24	Partial	None
gene-F5B20DRAFT_568685	rna-gnl|WGS:JAJKKE|F5B20DRAFT_mRNA568685	PF06911.19	Partial	None
gene-F5B20DRAFT_527586	rna-gnl|WGS:JAJKKE|F5B20DRAFT_mRNA527586	PF04130.19,PF17681.7	Partial	None
gene-F5B20DRAFT_595542	rna-gnl|WGS:JAJKKE|F5B20DRAFT_mRNA595542		None	None
gene-F5B20DRAFT_411326	rna-gnl|WGS:JAJKKE|F5B20DRAFT_mRNA411326		None	None
gene-F5B20DRAFT_411262	rna-gnl|WGS:JAJKKE|F5B20DRAFT_mRNA411262	PF00018.35,PF07653.24,PF14604.13,PF25459.2	Complete	None
gene-F5B20DRAFT_577254	rna-gnl|WGS:JAJKKE|F5B20DRAFT_mRNA577254	PF04181.19	Partial	None
gene-F5B20DRAFT_577255	rna-gnl|WGS:JAJKKE|F5B20DRAFT_mRNA577255	PF00833.24	Partial	None
gene-F5B20DRAFT_527601	rna-gnl|WGS:JAJKKE|F5B20DRAFT_mRNA527601	PF11709.14	Partial	None
gene-F5B20DRAFT_411490	rna-gnl|WGS:JAJKKE|F5B20DRAFT_mRNA411490	PF07933.21	Partial	None
gene-F5B20DRAFT_411659	rna-gnl|WGS:JAJKKE|F5B20DRAFT_mRNA411659		None	None
gene-F5B20DRAFT_411666	rna-gnl|WGS:JAJKKE|F5B20DRAFT_mRNA411666	PF04055.28	Partial	None
gene-F5B20DRAFT_527611	rna-gnl|WGS:JAJKKE|F5B20DRAFT_mRNA527611	PF01488.27,PF03446.22,PF03807.24,PF14833.12	Partial	None
gene-F5B20DRAFT_527613	rna-gnl|WGS:JAJKKE|F5B20DRAFT_mRNA527613		None	None
gene-F5B20DRAFT_568688	rna-gnl|WGS:JAJKKE|F5B20DRAFT_mRNA568688	PF04161.19	Complete	None
gene-F5B20DRAFT_595547	rna-gnl|WGS:JAJKKE|F5B20DRAFT_mRNA595547	PF04082.24	Partial	None
gene-F5B20DRAFT_527629	rna-gnl|WGS:JAJKKE|F5B20DRAFT_mRNA527629	PF00884.29,PF01663.28,PF04987.20	Partial	None
gene-F5B20DRAFT_527631	rna-gnl|WGS:JAJKKE|F5B20DRAFT_mRNA527631	PF12539.14	Complete	None
gene-F5B20DRAFT_527633	rna-gnl|WGS:JAJKKE|F5B20DRAFT_mRNA527633	PF00004.36,PF17862.8	Complete	None
gene-F5B20DRAFT_411877	rna-gnl|WGS:JAJKKE|F5B20DRAFT_mRNA411877	PF00155.28,PF01053.27,PF06838.18	Partial	None
gene-F5B20DRAFT_527639	rna-gnl|WGS:JAJKKE|F5B20DRAFT_mRNA527639	PF03348.22	Partial	None
gene-F5B20DRAFT_527640	rna-gnl|WGS:JAJKKE|F5B20DRAFT_mRNA527640	PF06813.20,PF07690.22	Partial	None
gene-F5B20DRAFT_411977	rna-gnl|WGS:JAJKKE|F5B20DRAFT_mRNA411977	PF07819.20,PF25140.2,PF25141.2	Complete	None
gene-F5B20DRAFT_t21	gene-F5B20DRAFT_t21		None	None
gene-F5B20DRAFT_412031	rna-gnl|WGS:JAJKKE|F5B20DRAFT_mRNA412031	PF00388.26	Partial	None
gene-F5B20DRAFT_527651	rna-gnl|WGS:JAJKKE|F5B20DRAFT_mRNA527651	PF03982.19	Partial	None
gene-F5B20DRAFT_527674	rna-gnl|WGS:JAJKKE|F5B20DRAFT_mRNA527674	PF00656.28	Partial	None
gene-F5B20DRAFT_527675	rna-gnl|WGS:JAJKKE|F5B20DRAFT_mRNA527675	PF20237.4	Partial	None
gene-F5B20DRAFT_412403	rna-gnl|WGS:JAJKKE|F5B20DRAFT_mRNA412403	PF03151.23	Partial	None
gene-F5B20DRAFT_412226	rna-gnl|WGS:JAJKKE|F5B20DRAFT_mRNA412226	PF00076.29	Complete	None
gene-F5B20DRAFT_527693	rna-gnl|WGS:JAJKKE|F5B20DRAFT_mRNA527693	PF00393.25,PF03446.22	Partial	None
gene-F5B20DRAFT_577280	rna-gnl|WGS:JAJKKE|F5B20DRAFT_mRNA577280	PF08549.16,PF20497.4	Partial	None
gene-F5B20DRAFT_412542	rna-gnl|WGS:JAJKKE|F5B20DRAFT_mRNA412542		None	None
gene-F5B20DRAFT_577282	rna-gnl|WGS:JAJKKE|F5B20DRAFT_mRNA577282	PF00814.32,PF00814.32	Complete	None
gene-F5B20DRAFT_412603	rna-gnl|WGS:JAJKKE|F5B20DRAFT_mRNA412603	PF00227.32	Partial	None
gene-F5B20DRAFT_568705	rna-gnl|WGS:JAJKKE|F5B20DRAFT_mRNA568705	PF06985.18	Partial	None
gene-F5B20DRAFT_577285	rna-gnl|WGS:JAJKKE|F5B20DRAFT_mRNA577285		None	None
gene-F5B20DRAFT_412656	rna-gnl|WGS:JAJKKE|F5B20DRAFT_mRNA412656	PF06011.18,PF14558.12	Partial	None
gene-F5B20DRAFT_412701	rna-gnl|WGS:JAJKKE|F5B20DRAFT_mRNA412701	PF26082.1	Complete	None
gene-F5B20DRAFT_577288	rna-gnl|WGS:JAJKKE|F5B20DRAFT_mRNA577288		None	None
gene-F5B20DRAFT_577289	rna-gnl|WGS:JAJKKE|F5B20DRAFT_mRNA577289	PF00172.24	Complete	None
gene-F5B20DRAFT_413161	rna-gnl|WGS:JAJKKE|F5B20DRAFT_mRNA413161	PF00266.26	Partial	None
gene-F5B20DRAFT_577291	rna-gnl|WGS:JAJKKE|F5B20DRAFT_mRNA577291	PF00092.35,PF00179.32,PF04564.22,PF13519.13	Complete	None
gene-F5B20DRAFT_577292	rna-gnl|WGS:JAJKKE|F5B20DRAFT_mRNA577292	PF04828.23	Partial	None
gene-F5B20DRAFT_413193	rna-gnl|WGS:JAJKKE|F5B20DRAFT_mRNA413193	PF00561.27,PF06441.19	Partial	None
gene-F5B20DRAFT_413293	rna-gnl|WGS:JAJKKE|F5B20DRAFT_mRNA413293		None	None
gene-F5B20DRAFT_413311	rna-gnl|WGS:JAJKKE|F5B20DRAFT_mRNA413311	PF00732.26,PF00890.31,PF05199.20,PF13450.13	Complete	None
gene-F5B20DRAFT_413324	rna-gnl|WGS:JAJKKE|F5B20DRAFT_mRNA413324	PF04117.18	Complete	None
gene-F5B20DRAFT_527764	rna-gnl|WGS:JAJKKE|F5B20DRAFT_mRNA527764		None	None
gene-F5B20DRAFT_413348	rna-gnl|WGS:JAJKKE|F5B20DRAFT_mRNA413348	PF00009.34,PF01926.30,PF11987.14,PF14578.13	Complete	None
gene-F5B20DRAFT_568711	rna-gnl|WGS:JAJKKE|F5B20DRAFT_mRNA568711	PF10433.16,PF23726.2	Partial	None
gene-F5B20DRAFT_527777	rna-gnl|WGS:JAJKKE|F5B20DRAFT_mRNA527777	PF00566.26	Partial	None
gene-F5B20DRAFT_527778	rna-gnl|WGS:JAJKKE|F5B20DRAFT_mRNA527778	PF04129.19,PF20655.4	Partial	None
gene-F5B20DRAFT_527779	rna-gnl|WGS:JAJKKE|F5B20DRAFT_mRNA527779	PF01287.27,PF21485.4	Partial	None
gene-F5B20DRAFT_595573	rna-gnl|WGS:JAJKKE|F5B20DRAFT_mRNA595573	PF00240.30,PF01020.24,PF11976.15,PF20644.3,PF20645.3	Complete	None
gene-F5B20DRAFT_413519	rna-gnl|WGS:JAJKKE|F5B20DRAFT_mRNA413519	PF04893.23	Partial	None
gene-F5B20DRAFT_577305	rna-gnl|WGS:JAJKKE|F5B20DRAFT_mRNA577305	PF00581.26	Partial	None
gene-F5B20DRAFT_413590	rna-gnl|WGS:JAJKKE|F5B20DRAFT_mRNA413590	PF00067.28	Partial	None
gene-F5B20DRAFT_527818	rna-gnl|WGS:JAJKKE|F5B20DRAFT_mRNA527818		None	None
gene-F5B20DRAFT_577308	rna-gnl|WGS:JAJKKE|F5B20DRAFT_mRNA577308		None	None
gene-F5B20DRAFT_413741	rna-gnl|WGS:JAJKKE|F5B20DRAFT_mRNA413741	PF08655.16	Partial	None
gene-F5B20DRAFT_527824	rna-gnl|WGS:JAJKKE|F5B20DRAFT_mRNA527824	PF04130.19,PF17681.7	Complete	None
gene-F5B20DRAFT_527825	rna-gnl|WGS:JAJKKE|F5B20DRAFT_mRNA527825	PF07904.19	Partial	None
gene-F5B20DRAFT_527826	rna-gnl|WGS:JAJKKE|F5B20DRAFT_mRNA527826		None	None
gene-F5B20DRAFT_577313	rna-gnl|WGS:JAJKKE|F5B20DRAFT_mRNA577313	PF30910.1	Complete	None
gene-F5B20DRAFT_577314	rna-gnl|WGS:JAJKKE|F5B20DRAFT_mRNA577314		None	None
gene-F5B20DRAFT_527841	rna-gnl|WGS:JAJKKE|F5B20DRAFT_mRNA527841	PF00899.28,PF00899.28,PF09358.16,PF10585.15,PF16190.12,PF16191.11	Complete	None
gene-F5B20DRAFT_527843	rna-gnl|WGS:JAJKKE|F5B20DRAFT_mRNA527843	PF00043.31,PF13409.13,PF13410.12	Complete	None
gene-F5B20DRAFT_577318	rna-gnl|WGS:JAJKKE|F5B20DRAFT_mRNA577318	PF00067.28	Partial	None
gene-F5B20DRAFT_527847	rna-gnl|WGS:JAJKKE|F5B20DRAFT_mRNA527847	PF00248.28	Partial	None
gene-F5B20DRAFT_414497	rna-gnl|WGS:JAJKKE|F5B20DRAFT_mRNA414497		None	None
gene-F5B20DRAFT_568721	rna-gnl|WGS:JAJKKE|F5B20DRAFT_mRNA568721	PF01494.26,PF01494.26,PF30690.1	Partial	None
gene-F5B20DRAFT_568722	rna-gnl|WGS:JAJKKE|F5B20DRAFT_mRNA568722	PF00106.32,PF02719.22,PF08659.17,PF13561.13	Partial	None
gene-F5B20DRAFT_527857	rna-gnl|WGS:JAJKKE|F5B20DRAFT_mRNA527857	PF00067.28	Partial	None
gene-F5B20DRAFT_527865	rna-gnl|WGS:JAJKKE|F5B20DRAFT_mRNA527865	PF00172.24	Partial	None
gene-F5B20DRAFT_527867	rna-gnl|WGS:JAJKKE|F5B20DRAFT_mRNA527867	PF00106.32,PF13561.13	Partial	None
gene-F5B20DRAFT_527870	rna-gnl|WGS:JAJKKE|F5B20DRAFT_mRNA527870	PF00106.32,PF00107.33,PF00109.33,PF00698.27,PF02801.29,PF08240.18,PF08659.17,PF13602.13,PF14765.13,PF16197.12,PF21089.4	Complete	None
gene-F5B20DRAFT_527872	rna-gnl|WGS:JAJKKE|F5B20DRAFT_mRNA527872	PF00561.27,PF12146.16,PF12697.14	Partial	None
gene-F5B20DRAFT_568727	rna-gnl|WGS:JAJKKE|F5B20DRAFT_mRNA568727	PF01565.29,PF08031.18	Complete	None
gene-F5B20DRAFT_527890	rna-gnl|WGS:JAJKKE|F5B20DRAFT_mRNA527890	PF11991.14	Partial	None
gene-F5B20DRAFT_414781	rna-gnl|WGS:JAJKKE|F5B20DRAFT_mRNA414781	PF00063.28,PF01644.24,PF03142.22,PF08766.17,PF13632.13	Complete	None
gene-F5B20DRAFT_414816	rna-gnl|WGS:JAJKKE|F5B20DRAFT_mRNA414816	PF00173.34,PF01644.24,PF03142.22,PF08766.17,PF13632.13,PF13641.13	Complete	None
gene-F5B20DRAFT_568730	rna-gnl|WGS:JAJKKE|F5B20DRAFT_mRNA568730	PF02518.32,PF05922.22,PF10436.15	Complete	None
gene-F5B20DRAFT_595587	rna-gnl|WGS:JAJKKE|F5B20DRAFT_mRNA595587	PF04950.19,PF08142.19	Complete	None
gene-F5B20DRAFT_577334	rna-gnl|WGS:JAJKKE|F5B20DRAFT_mRNA577334		None	None
gene-F5B20DRAFT_527908	rna-gnl|WGS:JAJKKE|F5B20DRAFT_mRNA527908	PF00487.31	Partial	None
gene-F5B20DRAFT_527909	rna-gnl|WGS:JAJKKE|F5B20DRAFT_mRNA527909	PF00994.30,PF24102.2	Complete	None
gene-F5B20DRAFT_577337	rna-gnl|WGS:JAJKKE|F5B20DRAFT_mRNA577337	PF00025.28,PF00071.29,PF08477.20	Partial	None
gene-F5B20DRAFT_595593	rna-gnl|WGS:JAJKKE|F5B20DRAFT_mRNA595593	PF28513.1	Complete	None
gene-F5B20DRAFT_415033	rna-gnl|WGS:JAJKKE|F5B20DRAFT_mRNA415033	PF00089.33,PF13365.13	Partial	None
gene-F5B20DRAFT_577340	rna-gnl|WGS:JAJKKE|F5B20DRAFT_mRNA577340	PF00324.28,PF13520.13	Partial	None
gene-F5B20DRAFT_595595	rna-gnl|WGS:JAJKKE|F5B20DRAFT_mRNA595595		None	None
gene-F5B20DRAFT_527932	rna-gnl|WGS:JAJKKE|F5B20DRAFT_mRNA527932		None	None
gene-F5B20DRAFT_527934	rna-gnl|WGS:JAJKKE|F5B20DRAFT_mRNA527934	PF00172.24	Partial	None
gene-F5B20DRAFT_595601	rna-gnl|WGS:JAJKKE|F5B20DRAFT_mRNA595601	PF13622.13,PF20789.4	Partial	None
gene-F5B20DRAFT_568736	rna-gnl|WGS:JAJKKE|F5B20DRAFT_mRNA568736	PF00004.36,PF07724.21,PF07728.21	Complete	None
gene-F5B20DRAFT_415095	rna-gnl|WGS:JAJKKE|F5B20DRAFT_mRNA415095	PF00743.26,PF07992.21,PF13434.13,PF13450.13,PF13738.13	Partial	None
gene-F5B20DRAFT_527940	rna-gnl|WGS:JAJKKE|F5B20DRAFT_mRNA527940	PF04000.21	Partial	None
gene-F5B20DRAFT_415688	rna-gnl|WGS:JAJKKE|F5B20DRAFT_mRNA415688	PF02990.22	Partial	None
gene-F5B20DRAFT_415690	rna-gnl|WGS:JAJKKE|F5B20DRAFT_mRNA415690		None	None
gene-F5B20DRAFT_415782	rna-gnl|WGS:JAJKKE|F5B20DRAFT_mRNA415782	PF00931.29	Partial	None
gene-F5B20DRAFT_415933	rna-gnl|WGS:JAJKKE|F5B20DRAFT_mRNA415933		None	None
gene-F5B20DRAFT_415377	rna-gnl|WGS:JAJKKE|F5B20DRAFT_mRNA415377	PF27522.2	Partial	None
gene-F5B20DRAFT_528035	rna-gnl|WGS:JAJKKE|F5B20DRAFT_mRNA528035	PF01425.27,PF26053.2	Partial	None
gene-F5B20DRAFT_528043	rna-gnl|WGS:JAJKKE|F5B20DRAFT_mRNA528043		None	None
gene-F5B20DRAFT_528045	rna-gnl|WGS:JAJKKE|F5B20DRAFT_mRNA528045	PF00067.28	Partial	None
gene-F5B20DRAFT_568759	rna-gnl|WGS:JAJKKE|F5B20DRAFT_mRNA568759	PF00890.31,PF01134.29,PF01266.31,PF01593.31,PF12831.14,PF13450.13	Partial	None
gene-F5B20DRAFT_416273	rna-gnl|WGS:JAJKKE|F5B20DRAFT_mRNA416273	PF00172.24	Partial	None
gene-F5B20DRAFT_577358	rna-gnl|WGS:JAJKKE|F5B20DRAFT_mRNA577358	PF11951.14	Partial	None
gene-F5B20DRAFT_416371	rna-gnl|WGS:JAJKKE|F5B20DRAFT_mRNA416371	PF05368.20,PF13460.13	Partial	None
gene-F5B20DRAFT_528097	rna-gnl|WGS:JAJKKE|F5B20DRAFT_mRNA528097	PF07876.19	Partial	None
gene-F5B20DRAFT_528099	rna-gnl|WGS:JAJKKE|F5B20DRAFT_mRNA528099	PF01557.24,PF09298.17	Partial	None
gene-F5B20DRAFT_416541	rna-gnl|WGS:JAJKKE|F5B20DRAFT_mRNA416541	PF04209.20,PF20510.5	Complete	None
gene-F5B20DRAFT_416532	rna-gnl|WGS:JAJKKE|F5B20DRAFT_mRNA416532	PF00324.28,PF13520.13	Partial	None
gene-F5B20DRAFT_528104	rna-gnl|WGS:JAJKKE|F5B20DRAFT_mRNA528104	PF00890.31,PF01494.26	Partial	None
gene-F5B20DRAFT_528107	rna-gnl|WGS:JAJKKE|F5B20DRAFT_mRNA528107	PF06249.19	Partial	None
gene-F5B20DRAFT_577366	rna-gnl|WGS:JAJKKE|F5B20DRAFT_mRNA577366	PF00171.28	Partial	None
gene-F5B20DRAFT_568750	rna-gnl|WGS:JAJKKE|F5B20DRAFT_mRNA568750	PF20237.4	Partial	None
gene-F5B20DRAFT_577369	rna-gnl|WGS:JAJKKE|F5B20DRAFT_mRNA577369	PF00083.31,PF07690.22	Partial	None
gene-F5B20DRAFT_416714	rna-gnl|WGS:JAJKKE|F5B20DRAFT_mRNA416714	PF20150.5	Partial	None
gene-F5B20DRAFT_416717	rna-gnl|WGS:JAJKKE|F5B20DRAFT_mRNA416717	PF10018.15	Partial	None
gene-F5B20DRAFT_528125	rna-gnl|WGS:JAJKKE|F5B20DRAFT_mRNA528125		None	None
gene-F5B20DRAFT_416800	rna-gnl|WGS:JAJKKE|F5B20DRAFT_mRNA416800	PF01180.28,PF01180.28	Partial	None
gene-F5B20DRAFT_528135	rna-gnl|WGS:JAJKKE|F5B20DRAFT_mRNA528135	PF04922.19	Partial	None
gene-F5B20DRAFT_528137	rna-gnl|WGS:JAJKKE|F5B20DRAFT_mRNA528137		None	None
gene-F5B20DRAFT_416794	rna-gnl|WGS:JAJKKE|F5B20DRAFT_mRNA416794		None	None
gene-F5B20DRAFT_528139	rna-gnl|WGS:JAJKKE|F5B20DRAFT_mRNA528139	PF00463.28,PF13714.13	Partial	None
gene-F5B20DRAFT_528141	rna-gnl|WGS:JAJKKE|F5B20DRAFT_mRNA528141	PF00330.26,PF00694.26	Complete	None
gene-F5B20DRAFT_577378	rna-gnl|WGS:JAJKKE|F5B20DRAFT_mRNA577378	PF00668.26	Partial	None
gene-F5B20DRAFT_528147	rna-gnl|WGS:JAJKKE|F5B20DRAFT_mRNA528147	PF00172.24,PF04082.24	Partial	None
gene-F5B20DRAFT_528149	rna-gnl|WGS:JAJKKE|F5B20DRAFT_mRNA528149		None	None
gene-F5B20DRAFT_528150	rna-gnl|WGS:JAJKKE|F5B20DRAFT_mRNA528150	PF16062.11,PF16062.11	Partial	None
gene-F5B20DRAFT_528151	rna-gnl|WGS:JAJKKE|F5B20DRAFT_mRNA528151	PF02133.22	Partial	None
gene-F5B20DRAFT_528153	rna-gnl|WGS:JAJKKE|F5B20DRAFT_mRNA528153	PF00324.28,PF13520.13	Partial	None
gene-F5B20DRAFT_577387	rna-gnl|WGS:JAJKKE|F5B20DRAFT_mRNA577387		None	None
gene-F5B20DRAFT_442083	rna-gnl|WGS:JAJKKE|F5B20DRAFT_mRNA442083		None	None
gene-F5B20DRAFT_577388	rna-gnl|WGS:JAJKKE|F5B20DRAFT_mRNA577388	PF00107.33,PF08240.18,PF13602.13	Partial	None
gene-F5B20DRAFT_t23	gene-F5B20DRAFT_t23		None	None
gene-F5B20DRAFT_442138	rna-gnl|WGS:JAJKKE|F5B20DRAFT_mRNA442138	PF10250.16	Partial	None
gene-F5B20DRAFT_577390	rna-gnl|WGS:JAJKKE|F5B20DRAFT_mRNA577390	PF02714.21,PF13967.12,PF14703.13	Partial	None
gene-F5B20DRAFT_568770	rna-gnl|WGS:JAJKKE|F5B20DRAFT_mRNA568770	PF00082.28,PF05922.22	Partial	None
gene-F5B20DRAFT_442150	rna-gnl|WGS:JAJKKE|F5B20DRAFT_mRNA442150	PF00488.28,PF01624.26,PF05188.24,PF05192.24	Complete	None
gene-F5B20DRAFT_596212	rna-gnl|WGS:JAJKKE|F5B20DRAFT_mRNA596212		None	None
gene-F5B20DRAFT_528178	rna-gnl|WGS:JAJKKE|F5B20DRAFT_mRNA528178	PF01209.25,PF08241.19,PF08242.19,PF13489.13,PF13649.13,PF13847.13	Partial	None
gene-F5B20DRAFT_528181	rna-gnl|WGS:JAJKKE|F5B20DRAFT_mRNA528181	PF00173.34	Partial	None
gene-F5B20DRAFT_442351	rna-gnl|WGS:JAJKKE|F5B20DRAFT_mRNA442351	PF01793.24	Partial	None
gene-F5B20DRAFT_442375	rna-gnl|WGS:JAJKKE|F5B20DRAFT_mRNA442375	PF03124.21	Partial	None
gene-F5B20DRAFT_596222	rna-gnl|WGS:JAJKKE|F5B20DRAFT_mRNA596222	PF00097.32,PF04757.20,PF13445.13,PF13639.13,PF13920.13,PF13923.13,PF14634.13	Complete	None
gene-F5B20DRAFT_442392	rna-gnl|WGS:JAJKKE|F5B20DRAFT_mRNA442392	PF08790.18	Partial	None
gene-F5B20DRAFT_577400	rna-gnl|WGS:JAJKKE|F5B20DRAFT_mRNA577400	PF00561.27,PF05677.19,PF12146.16	Partial	None
gene-F5B20DRAFT_528212	rna-gnl|WGS:JAJKKE|F5B20DRAFT_mRNA528212		None	None
gene-F5B20DRAFT_577402	rna-gnl|WGS:JAJKKE|F5B20DRAFT_mRNA577402	PF00004.36,PF22942.2,PF23232.2	Complete	None
gene-F5B20DRAFT_442821	rna-gnl|WGS:JAJKKE|F5B20DRAFT_mRNA442821		None	None
gene-F5B20DRAFT_528243	rna-gnl|WGS:JAJKKE|F5B20DRAFT_mRNA528243	PF00085.27,PF00085.27,PF01216.24,PF13848.13,PF13848.13	Complete	None
gene-F5B20DRAFT_528254	rna-gnl|WGS:JAJKKE|F5B20DRAFT_mRNA528254		None	None
gene-F5B20DRAFT_577406	rna-gnl|WGS:JAJKKE|F5B20DRAFT_mRNA577406		None	None
gene-F5B20DRAFT_442979	rna-gnl|WGS:JAJKKE|F5B20DRAFT_mRNA442979	PF19036.7,PF19037.7,PF19038.7	Complete	None
gene-F5B20DRAFT_528259	rna-gnl|WGS:JAJKKE|F5B20DRAFT_mRNA528259	PF04118.21,PF24597.2,PF24598.2,PF26706.1	Complete	None
gene-F5B20DRAFT_528262	rna-gnl|WGS:JAJKKE|F5B20DRAFT_mRNA528262		None	None
gene-F5B20DRAFT_596234	rna-gnl|WGS:JAJKKE|F5B20DRAFT_mRNA596234	PF00082.28	Complete	None
gene-F5B20DRAFT_528269	rna-gnl|WGS:JAJKKE|F5B20DRAFT_mRNA528269	PF00023.37,PF00023.37,PF00023.37,PF00023.37,PF00023.37,PF12796.14,PF12796.14,PF12796.14,PF12796.14,PF13637.13,PF13637.13,PF13637.13,PF13637.13	Complete	None
gene-F5B20DRAFT_528273	rna-gnl|WGS:JAJKKE|F5B20DRAFT_mRNA528273		None	None
gene-F5B20DRAFT_443082	rna-gnl|WGS:JAJKKE|F5B20DRAFT_mRNA443082	PF05327.18	Partial	None
gene-F5B20DRAFT_528279	rna-gnl|WGS:JAJKKE|F5B20DRAFT_mRNA528279	PF00125.31,PF00808.30	Partial	None
gene-F5B20DRAFT_577415	rna-gnl|WGS:JAJKKE|F5B20DRAFT_mRNA577415		None	None
gene-F5B20DRAFT_528303	rna-gnl|WGS:JAJKKE|F5B20DRAFT_mRNA528303	PF03647.19	Partial	None
gene-F5B20DRAFT_443384	rna-gnl|WGS:JAJKKE|F5B20DRAFT_mRNA443384	PF02109.22	Partial	None
gene-F5B20DRAFT_443445	rna-gnl|WGS:JAJKKE|F5B20DRAFT_mRNA443445	PF04495.21	Partial	None
gene-F5B20DRAFT_443451	rna-gnl|WGS:JAJKKE|F5B20DRAFT_mRNA443451	PF09445.17	Partial	None
gene-F5B20DRAFT_443550	rna-gnl|WGS:JAJKKE|F5B20DRAFT_mRNA443550	PF04479.19	Partial	None
gene-F5B20DRAFT_528312	rna-gnl|WGS:JAJKKE|F5B20DRAFT_mRNA528312		None	None
gene-F5B20DRAFT_443395	rna-gnl|WGS:JAJKKE|F5B20DRAFT_mRNA443395	PF01822.25,PF01822.25,PF01822.25,PF07250.18,PF09118.18	Complete	None
gene-F5B20DRAFT_443826	rna-gnl|WGS:JAJKKE|F5B20DRAFT_mRNA443826	PF01422.23,PF01422.23,PF01422.23,PF01422.23,PF01424.29	Complete	None
gene-F5B20DRAFT_528320	rna-gnl|WGS:JAJKKE|F5B20DRAFT_mRNA528320	PF04438.23	Complete	None
gene-F5B20DRAFT_443852	rna-gnl|WGS:JAJKKE|F5B20DRAFT_mRNA443852		None	None
gene-F5B20DRAFT_528325	rna-gnl|WGS:JAJKKE|F5B20DRAFT_mRNA528325	PF01863.24,PF08325.17	Partial	None
gene-F5B20DRAFT_528328	rna-gnl|WGS:JAJKKE|F5B20DRAFT_mRNA528328	PF13422.12,PF24681.2,PF24981.2	Complete	None
gene-F5B20DRAFT_443884	rna-gnl|WGS:JAJKKE|F5B20DRAFT_mRNA443884	PF00153.33,PF00153.33,PF00153.33	Complete	None
gene-F5B20DRAFT_528331	rna-gnl|WGS:JAJKKE|F5B20DRAFT_mRNA528331		None	None
gene-F5B20DRAFT_444037	rna-gnl|WGS:JAJKKE|F5B20DRAFT_mRNA444037	PF03073.21	Partial	None
gene-F5B20DRAFT_528342	rna-gnl|WGS:JAJKKE|F5B20DRAFT_mRNA528342	PF01063.25	Partial	None
gene-F5B20DRAFT_444064	rna-gnl|WGS:JAJKKE|F5B20DRAFT_mRNA444064	PF02705.23,PF22776.1	Complete	None
gene-F5B20DRAFT_596258	rna-gnl|WGS:JAJKKE|F5B20DRAFT_mRNA596258	PF00226.37	Partial	None
gene-F5B20DRAFT_444154	rna-gnl|WGS:JAJKKE|F5B20DRAFT_mRNA444154	PF00083.31,PF07690.22	Partial	None
gene-F5B20DRAFT_568800	rna-gnl|WGS:JAJKKE|F5B20DRAFT_mRNA568800	PF04909.21	Partial	None
gene-F5B20DRAFT_596260	rna-gnl|WGS:JAJKKE|F5B20DRAFT_mRNA596260	PF01596.24,PF13578.13	Partial	None
gene-F5B20DRAFT_596262	rna-gnl|WGS:JAJKKE|F5B20DRAFT_mRNA596262	PF01761.27,PF24621.3	Partial	None
gene-F5B20DRAFT_577434	rna-gnl|WGS:JAJKKE|F5B20DRAFT_mRNA577434	PF00501.35,PF00550.32,PF01370.28,PF07993.19,PF23562.3	Complete	None
gene-F5B20DRAFT_528357	rna-gnl|WGS:JAJKKE|F5B20DRAFT_mRNA528357		None	None
gene-F5B20DRAFT_596272	rna-gnl|WGS:JAJKKE|F5B20DRAFT_mRNA596272		None	None
gene-F5B20DRAFT_568806	rna-gnl|WGS:JAJKKE|F5B20DRAFT_mRNA568806		None	None
gene-F5B20DRAFT_444275	rna-gnl|WGS:JAJKKE|F5B20DRAFT_mRNA444275		None	None
gene-F5B20DRAFT_444235	rna-gnl|WGS:JAJKKE|F5B20DRAFT_mRNA444235	PF00083.31,PF07690.22	Partial	None
gene-F5B20DRAFT_528379	rna-gnl|WGS:JAJKKE|F5B20DRAFT_mRNA528379		None	None
gene-F5B20DRAFT_528381	rna-gnl|WGS:JAJKKE|F5B20DRAFT_mRNA528381	PF00067.28,PF00067.28	Partial	None
gene-F5B20DRAFT_596278	rna-gnl|WGS:JAJKKE|F5B20DRAFT_mRNA596278		None	None
gene-F5B20DRAFT_528393	rna-gnl|WGS:JAJKKE|F5B20DRAFT_mRNA528393	PF00583.32,PF13527.14,PF22998.3	Partial	None
gene-F5B20DRAFT_528395	rna-gnl|WGS:JAJKKE|F5B20DRAFT_mRNA528395	PF02230.23	Partial	None
gene-F5B20DRAFT_444648	rna-gnl|WGS:JAJKKE|F5B20DRAFT_mRNA444648	PF01073.26,PF01370.28,PF07993.19	Partial	None
gene-F5B20DRAFT_444591	rna-gnl|WGS:JAJKKE|F5B20DRAFT_mRNA444591	PF12224.14	Partial	None
gene-F5B20DRAFT_528404	rna-gnl|WGS:JAJKKE|F5B20DRAFT_mRNA528404	PF24808.2	Partial	None
gene-F5B20DRAFT_528406	rna-gnl|WGS:JAJKKE|F5B20DRAFT_mRNA528406		None	None
gene-F5B20DRAFT_444711	rna-gnl|WGS:JAJKKE|F5B20DRAFT_mRNA444711	PF07745.20	Partial	None
gene-F5B20DRAFT_444712	rna-gnl|WGS:JAJKKE|F5B20DRAFT_mRNA444712		None	None
gene-F5B20DRAFT_568814	rna-gnl|WGS:JAJKKE|F5B20DRAFT_mRNA568814		None	None
gene-F5B20DRAFT_444758	rna-gnl|WGS:JAJKKE|F5B20DRAFT_mRNA444758		None	None
gene-F5B20DRAFT_528415	rna-gnl|WGS:JAJKKE|F5B20DRAFT_mRNA528415		None	None
gene-F5B20DRAFT_528419	rna-gnl|WGS:JAJKKE|F5B20DRAFT_mRNA528419	PF00011.28	Complete	None
gene-F5B20DRAFT_444865	rna-gnl|WGS:JAJKKE|F5B20DRAFT_mRNA444865	PF04146.22,PF25701.1	Complete	None
gene-F5B20DRAFT_528437	rna-gnl|WGS:JAJKKE|F5B20DRAFT_mRNA528437	PF00227.32	Partial	None
gene-F5B20DRAFT_444898	rna-gnl|WGS:JAJKKE|F5B20DRAFT_mRNA444898	PF00454.34,PF00613.27,PF19274.5,PF28151.1	Complete	None
gene-F5B20DRAFT_596282	rna-gnl|WGS:JAJKKE|F5B20DRAFT_mRNA596282		None	None
gene-F5B20DRAFT_577457	rna-gnl|WGS:JAJKKE|F5B20DRAFT_mRNA577457		None	None
gene-F5B20DRAFT_577458	rna-gnl|WGS:JAJKKE|F5B20DRAFT_mRNA577458	PF00023.37,PF12796.14	Complete	None
gene-F5B20DRAFT_444963	rna-gnl|WGS:JAJKKE|F5B20DRAFT_mRNA444963	PF01545.27	Partial	None
gene-F5B20DRAFT_528445	rna-gnl|WGS:JAJKKE|F5B20DRAFT_mRNA528445	PF08592.17	Partial	None
gene-F5B20DRAFT_445191	rna-gnl|WGS:JAJKKE|F5B20DRAFT_mRNA445191		None	None
gene-F5B20DRAFT_445125	rna-gnl|WGS:JAJKKE|F5B20DRAFT_mRNA445125	PF00885.25,PF00885.25	Partial	None
gene-F5B20DRAFT_596288	rna-gnl|WGS:JAJKKE|F5B20DRAFT_mRNA596288	PF01119.26,PF02518.32,PF13589.13	Complete	None
gene-F5B20DRAFT_577465	rna-gnl|WGS:JAJKKE|F5B20DRAFT_mRNA577465		None	None
gene-F5B20DRAFT_568820	rna-gnl|WGS:JAJKKE|F5B20DRAFT_mRNA568820	PF06011.18,PF14558.12	Partial	None
gene-F5B20DRAFT_577467	rna-gnl|WGS:JAJKKE|F5B20DRAFT_mRNA577467	PF01053.27	Partial	None
gene-F5B20DRAFT_528491	rna-gnl|WGS:JAJKKE|F5B20DRAFT_mRNA528491	PF01522.27	Partial	None
gene-F5B20DRAFT_445411	rna-gnl|WGS:JAJKKE|F5B20DRAFT_mRNA445411		None	None
gene-F5B20DRAFT_445378	rna-gnl|WGS:JAJKKE|F5B20DRAFT_mRNA445378	PF00400.39,PF00400.39,PF00400.39	Complete	None
gene-F5B20DRAFT_528505	rna-gnl|WGS:JAJKKE|F5B20DRAFT_mRNA528505	PF00270.36,PF00271.38,PF04408.30,PF07717.23,PF21010.3	Complete	None
gene-F5B20DRAFT_577472	rna-gnl|WGS:JAJKKE|F5B20DRAFT_mRNA577472		None	None
gene-F5B20DRAFT_445464	rna-gnl|WGS:JAJKKE|F5B20DRAFT_mRNA445464	PF07052.17	Partial	None
gene-F5B20DRAFT_528510	rna-gnl|WGS:JAJKKE|F5B20DRAFT_mRNA528510		None	None
gene-F5B20DRAFT_445505	rna-gnl|WGS:JAJKKE|F5B20DRAFT_mRNA445505	PF25080.2	Complete	None
gene-F5B20DRAFT_528520	rna-gnl|WGS:JAJKKE|F5B20DRAFT_mRNA528520		None	None
gene-F5B20DRAFT_528521	rna-gnl|WGS:JAJKKE|F5B20DRAFT_mRNA528521	PF00036.39,PF13202.13,PF13202.13,PF13202.13,PF13202.13,PF13405.13,PF13499.13,PF13499.13,PF13833.13,PF13833.13	Complete	None
gene-F5B20DRAFT_577478	rna-gnl|WGS:JAJKKE|F5B20DRAFT_mRNA577478	PF04752.18	Partial	None
gene-F5B20DRAFT_577479	rna-gnl|WGS:JAJKKE|F5B20DRAFT_mRNA577479	PF00076.29	Partial	None
gene-F5B20DRAFT_577480	rna-gnl|WGS:JAJKKE|F5B20DRAFT_mRNA577480		None	None
gene-F5B20DRAFT_577481	rna-gnl|WGS:JAJKKE|F5B20DRAFT_mRNA577481	PF03328.21	Partial	None
gene-F5B20DRAFT_445848	rna-gnl|WGS:JAJKKE|F5B20DRAFT_mRNA445848		None	None
gene-F5B20DRAFT_445921	rna-gnl|WGS:JAJKKE|F5B20DRAFT_mRNA445921	PF00069.32,PF07714.24	Partial	None
gene-F5B20DRAFT_577485	rna-gnl|WGS:JAJKKE|F5B20DRAFT_mRNA577485	PF00069.32,PF07714.24	Complete	None
gene-F5B20DRAFT_577486	rna-gnl|WGS:JAJKKE|F5B20DRAFT_mRNA577486		None	None
gene-F5B20DRAFT_447081	rna-gnl|WGS:JAJKKE|F5B20DRAFT_mRNA447081	PF03006.27	Partial	None
gene-F5B20DRAFT_577488	rna-gnl|WGS:JAJKKE|F5B20DRAFT_mRNA577488		None	None
gene-F5B20DRAFT_568827	rna-gnl|WGS:JAJKKE|F5B20DRAFT_mRNA568827	PF01070.25,PF01070.25	Partial	None
gene-F5B20DRAFT_528649	rna-gnl|WGS:JAJKKE|F5B20DRAFT_mRNA528649	PF07690.22	Partial	None
gene-F5B20DRAFT_528653	rna-gnl|WGS:JAJKKE|F5B20DRAFT_mRNA528653	PF02826.26	Partial	None
gene-F5B20DRAFT_577490	rna-gnl|WGS:JAJKKE|F5B20DRAFT_mRNA577490	PF00389.37,PF02826.26	Partial	None
gene-F5B20DRAFT_447198	rna-gnl|WGS:JAJKKE|F5B20DRAFT_mRNA447198	PF00173.34,PF01070.25,PF01645.24	Partial	None
gene-F5B20DRAFT_577492	rna-gnl|WGS:JAJKKE|F5B20DRAFT_mRNA577492	PF13088.13	Partial	None
gene-F5B20DRAFT_447202	rna-gnl|WGS:JAJKKE|F5B20DRAFT_mRNA447202	PF00083.31,PF07690.22	Partial	None
gene-F5B20DRAFT_577494	rna-gnl|WGS:JAJKKE|F5B20DRAFT_mRNA577494	PF30880.1	Partial	None
gene-F5B20DRAFT_447324	rna-gnl|WGS:JAJKKE|F5B20DRAFT_mRNA447324	PF01073.26,PF01370.28,PF16363.12	Partial	None
gene-F5B20DRAFT_568833	rna-gnl|WGS:JAJKKE|F5B20DRAFT_mRNA568833	PF00248.28	Partial	None
gene-F5B20DRAFT_447337	rna-gnl|WGS:JAJKKE|F5B20DRAFT_mRNA447337	PF00701.29	Partial	None
gene-F5B20DRAFT_447351	rna-gnl|WGS:JAJKKE|F5B20DRAFT_mRNA447351	PF00205.29,PF02775.27,PF02776.24	Complete	None
gene-F5B20DRAFT_577499	rna-gnl|WGS:JAJKKE|F5B20DRAFT_mRNA577499	PF20150.5	Partial	None
gene-F5B20DRAFT_447389	rna-gnl|WGS:JAJKKE|F5B20DRAFT_mRNA447389	PF03169.21	Partial	None
gene-F5B20DRAFT_528674	rna-gnl|WGS:JAJKKE|F5B20DRAFT_mRNA528674	PF00083.31,PF06609.19,PF07690.22	Partial	None
gene-F5B20DRAFT_447413	rna-gnl|WGS:JAJKKE|F5B20DRAFT_mRNA447413	PF00288.33,PF08544.19,PF10509.16	Complete	None
gene-F5B20DRAFT_528678	rna-gnl|WGS:JAJKKE|F5B20DRAFT_mRNA528678	PF11913.14	Partial	None
gene-F5B20DRAFT_577504	rna-gnl|WGS:JAJKKE|F5B20DRAFT_mRNA577504		None	None
gene-F5B20DRAFT_447427	rna-gnl|WGS:JAJKKE|F5B20DRAFT_mRNA447427	PF07716.21	Complete	None
gene-F5B20DRAFT_447429	rna-gnl|WGS:JAJKKE|F5B20DRAFT_mRNA447429	PF06985.18	Partial	None
gene-F5B20DRAFT_528682	rna-gnl|WGS:JAJKKE|F5B20DRAFT_mRNA528682		None	None
gene-F5B20DRAFT_528684	rna-gnl|WGS:JAJKKE|F5B20DRAFT_mRNA528684		None	None
gene-F5B20DRAFT_528685	rna-gnl|WGS:JAJKKE|F5B20DRAFT_mRNA528685		None	None
gene-F5B20DRAFT_447452	rna-gnl|WGS:JAJKKE|F5B20DRAFT_mRNA447452	PF01822.25	Partial	None
gene-F5B20DRAFT_577511	rna-gnl|WGS:JAJKKE|F5B20DRAFT_mRNA577511	PF00545.26	Partial	None
gene-F5B20DRAFT_528689	rna-gnl|WGS:JAJKKE|F5B20DRAFT_mRNA528689	PF07690.22	Partial	None
gene-F5B20DRAFT_447521	rna-gnl|WGS:JAJKKE|F5B20DRAFT_mRNA447521		None	None
gene-F5B20DRAFT_528694	rna-gnl|WGS:JAJKKE|F5B20DRAFT_mRNA528694		None	None
gene-F5B20DRAFT_447470	rna-gnl|WGS:JAJKKE|F5B20DRAFT_mRNA447470	PF00172.24,PF11951.14	Partial	None
gene-F5B20DRAFT_528697	rna-gnl|WGS:JAJKKE|F5B20DRAFT_mRNA528697	PF04820.21,PF07992.21	Partial	None
gene-F5B20DRAFT_528701	rna-gnl|WGS:JAJKKE|F5B20DRAFT_mRNA528701	PF20238.5	Partial	None
gene-F5B20DRAFT_528709	rna-gnl|WGS:JAJKKE|F5B20DRAFT_mRNA528709		None	None
gene-F5B20DRAFT_528711	rna-gnl|WGS:JAJKKE|F5B20DRAFT_mRNA528711		None	None
gene-F5B20DRAFT_447720	rna-gnl|WGS:JAJKKE|F5B20DRAFT_mRNA447720	PF00191.26,PF00191.26,PF00191.26,PF00191.26	Complete	None
gene-F5B20DRAFT_528713	rna-gnl|WGS:JAJKKE|F5B20DRAFT_mRNA528713	PF00005.34,PF00005.34,PF00664.29,PF00664.29	Complete	None
gene-F5B20DRAFT_447734	rna-gnl|WGS:JAJKKE|F5B20DRAFT_mRNA447734		None	None
gene-F5B20DRAFT_528717	rna-gnl|WGS:JAJKKE|F5B20DRAFT_mRNA528717	PF12706.14,PF13483.13	Partial	None
gene-F5B20DRAFT_528719	rna-gnl|WGS:JAJKKE|F5B20DRAFT_mRNA528719		None	None
gene-F5B20DRAFT_447884	rna-gnl|WGS:JAJKKE|F5B20DRAFT_mRNA447884	PF28656.1	Complete	None
gene-F5B20DRAFT_568846	rna-gnl|WGS:JAJKKE|F5B20DRAFT_mRNA568846	PF01399.34,PF18005.7	Complete	None
gene-F5B20DRAFT_448063	rna-gnl|WGS:JAJKKE|F5B20DRAFT_mRNA448063	PF00406.30,PF00406.30,PF13207.13	Partial	None
gene-F5B20DRAFT_577527	rna-gnl|WGS:JAJKKE|F5B20DRAFT_mRNA577527		None	None
gene-F5B20DRAFT_596307	rna-gnl|WGS:JAJKKE|F5B20DRAFT_mRNA596307	PF30929.1	Partial	None
gene-F5B20DRAFT_577529	rna-gnl|WGS:JAJKKE|F5B20DRAFT_mRNA577529	PF00009.34,PF03144.32,PF09173.18	Complete	None
gene-F5B20DRAFT_528755	rna-gnl|WGS:JAJKKE|F5B20DRAFT_mRNA528755	PF17104.11	Partial	None
gene-F5B20DRAFT_577531	rna-gnl|WGS:JAJKKE|F5B20DRAFT_mRNA577531	PF05064.19	Complete	None
gene-F5B20DRAFT_577532	rna-gnl|WGS:JAJKKE|F5B20DRAFT_mRNA577532	PF04568.18	Partial	None
gene-F5B20DRAFT_568849	rna-gnl|WGS:JAJKKE|F5B20DRAFT_mRNA568849	PF00244.27	Partial	None
gene-F5B20DRAFT_448324	rna-gnl|WGS:JAJKKE|F5B20DRAFT_mRNA448324	PF05207.19	Complete	None
gene-F5B20DRAFT_448323	rna-gnl|WGS:JAJKKE|F5B20DRAFT_mRNA448323	PF18126.7	Partial	None
gene-F5B20DRAFT_448341	rna-gnl|WGS:JAJKKE|F5B20DRAFT_mRNA448341	PF00270.36,PF00271.38,PF25430.2	Complete	None
gene-F5B20DRAFT_528774	rna-gnl|WGS:JAJKKE|F5B20DRAFT_mRNA528774	PF01433.27,PF11838.15,PF17900.7	Complete	None
gene-F5B20DRAFT_528780	rna-gnl|WGS:JAJKKE|F5B20DRAFT_mRNA528780	PF03070.22	Partial	None
gene-F5B20DRAFT_448436	rna-gnl|WGS:JAJKKE|F5B20DRAFT_mRNA448436	PF22893.3	Complete	None
gene-F5B20DRAFT_448668	rna-gnl|WGS:JAJKKE|F5B20DRAFT_mRNA448668	PF00113.29,PF03952.22	Partial	None
gene-F5B20DRAFT_448351	rna-gnl|WGS:JAJKKE|F5B20DRAFT_mRNA448351	PF00312.28,PF08069.18	Partial	None
gene-F5B20DRAFT_528814	rna-gnl|WGS:JAJKKE|F5B20DRAFT_mRNA528814	PF05186.19	Complete	None
gene-F5B20DRAFT_448701	rna-gnl|WGS:JAJKKE|F5B20DRAFT_mRNA448701	PF08774.18,PF21170.5,PF21315.4	Complete	None
gene-F5B20DRAFT_448806	rna-gnl|WGS:JAJKKE|F5B20DRAFT_mRNA448806		None	None
gene-F5B20DRAFT_448903	rna-gnl|WGS:JAJKKE|F5B20DRAFT_mRNA448903	PF02045.22	Partial	None
gene-F5B20DRAFT_448869	rna-gnl|WGS:JAJKKE|F5B20DRAFT_mRNA448869		None	None
gene-F5B20DRAFT_449000	rna-gnl|WGS:JAJKKE|F5B20DRAFT_mRNA449000	PF07522.20	Complete	None
gene-F5B20DRAFT_577549	rna-gnl|WGS:JAJKKE|F5B20DRAFT_mRNA577549	PF00083.31	Partial	None
gene-F5B20DRAFT_449224	rna-gnl|WGS:JAJKKE|F5B20DRAFT_mRNA449224	PF01261.31	Partial	None
gene-F5B20DRAFT_528854	rna-gnl|WGS:JAJKKE|F5B20DRAFT_mRNA528854	PF08171.17,PF08311.19	Complete	None
gene-F5B20DRAFT_528859	rna-gnl|WGS:JAJKKE|F5B20DRAFT_mRNA528859		None	None
gene-F5B20DRAFT_449256	rna-gnl|WGS:JAJKKE|F5B20DRAFT_mRNA449256	PF00076.29,PF00076.29,PF28977.1,PF29326.1	Complete	None
gene-F5B20DRAFT_528863	rna-gnl|WGS:JAJKKE|F5B20DRAFT_mRNA528863	PF00730.32,PF07934.19	Partial	None
gene-F5B20DRAFT_596321	rna-gnl|WGS:JAJKKE|F5B20DRAFT_mRNA596321	PF00096.33,PF00096.33,PF12874.14	Complete	None
gene-F5B20DRAFT_449437	rna-gnl|WGS:JAJKKE|F5B20DRAFT_mRNA449437	PF08920.16,PF13513.13,PF22646.3	Complete	None
gene-F5B20DRAFT_577558	rna-gnl|WGS:JAJKKE|F5B20DRAFT_mRNA577558	PF12768.14,PF20842.5,PF20843.5	Complete	None
gene-F5B20DRAFT_528899	rna-gnl|WGS:JAJKKE|F5B20DRAFT_mRNA528899	PF00565.24	Partial	None
gene-F5B20DRAFT_449594	rna-gnl|WGS:JAJKKE|F5B20DRAFT_mRNA449594	PF23190.2,PF23317.2	Partial	None
gene-F5B20DRAFT_577561	rna-gnl|WGS:JAJKKE|F5B20DRAFT_mRNA577561		None	None
gene-F5B20DRAFT_528908	rna-gnl|WGS:JAJKKE|F5B20DRAFT_mRNA528908	PF01423.29	Partial	None
gene-F5B20DRAFT_528910	rna-gnl|WGS:JAJKKE|F5B20DRAFT_mRNA528910	PF08636.16	Partial	None
gene-F5B20DRAFT_449741	rna-gnl|WGS:JAJKKE|F5B20DRAFT_mRNA449741		None	None
gene-F5B20DRAFT_449725	rna-gnl|WGS:JAJKKE|F5B20DRAFT_mRNA449725		None	None
gene-F5B20DRAFT_449817	rna-gnl|WGS:JAJKKE|F5B20DRAFT_mRNA449817	PF04366.18	Partial	None
gene-F5B20DRAFT_528928	rna-gnl|WGS:JAJKKE|F5B20DRAFT_mRNA528928	PF00022.27	Partial	None
gene-F5B20DRAFT_t22	gene-F5B20DRAFT_t22		None	None
gene-F5B20DRAFT_596337	rna-gnl|WGS:JAJKKE|F5B20DRAFT_mRNA596337		None	None
gene-F5B20DRAFT_528937	rna-gnl|WGS:JAJKKE|F5B20DRAFT_mRNA528937	PF00107.33,PF13602.13	Partial	None
gene-F5B20DRAFT_577570	rna-gnl|WGS:JAJKKE|F5B20DRAFT_mRNA577570	PF00118.30	Partial	None
gene-F5B20DRAFT_528941	rna-gnl|WGS:JAJKKE|F5B20DRAFT_mRNA528941	PF00004.36,PF17862.8,PF21236.4	Complete	None
gene-F5B20DRAFT_528953	rna-gnl|WGS:JAJKKE|F5B20DRAFT_mRNA528953		None	None
gene-F5B20DRAFT_528956	rna-gnl|WGS:JAJKKE|F5B20DRAFT_mRNA528956	PF00076.29	Partial	None
gene-F5B20DRAFT_449967	rna-gnl|WGS:JAJKKE|F5B20DRAFT_mRNA449967	PF12400.14	Partial	None
gene-F5B20DRAFT_449993	rna-gnl|WGS:JAJKKE|F5B20DRAFT_mRNA449993		None	None
gene-F5B20DRAFT_528983	rna-gnl|WGS:JAJKKE|F5B20DRAFT_mRNA528983	PF27934.1	Partial	None
gene-F5B20DRAFT_450108	rna-gnl|WGS:JAJKKE|F5B20DRAFT_mRNA450108	PF12273.14	Partial	None
gene-F5B20DRAFT_450141	rna-gnl|WGS:JAJKKE|F5B20DRAFT_mRNA450141	PF00025.28,PF00071.29,PF01926.30,PF04670.19,PF08477.20	Partial	None
gene-F5B20DRAFT_528991	rna-gnl|WGS:JAJKKE|F5B20DRAFT_mRNA528991	PF00562.34,PF04560.26,PF04561.20,PF04563.21,PF04565.22,PF06883.18	Complete	None
gene-F5B20DRAFT_568864	rna-gnl|WGS:JAJKKE|F5B20DRAFT_mRNA568864	PF00264.26,PF18132.7	Complete	None
gene-F5B20DRAFT_529003	rna-gnl|WGS:JAJKKE|F5B20DRAFT_mRNA529003	PF00909.27	Partial	None
gene-F5B20DRAFT_450512	rna-gnl|WGS:JAJKKE|F5B20DRAFT_mRNA450512	PF10391.16,PF14716.14,PF14791.12,PF14792.13	Complete	None
gene-F5B20DRAFT_450530	rna-gnl|WGS:JAJKKE|F5B20DRAFT_mRNA450530	PF09423.16,PF16655.13	Partial	None
gene-F5B20DRAFT_568866	rna-gnl|WGS:JAJKKE|F5B20DRAFT_mRNA568866	PF06325.20,PF08003.18,PF08241.19,PF13649.13,PF13847.13,PF22528.2	Partial	None
gene-F5B20DRAFT_568867	rna-gnl|WGS:JAJKKE|F5B20DRAFT_mRNA568867	PF02732.22,PF14716.14,PF21136.3	Complete	None
gene-F5B20DRAFT_529033	rna-gnl|WGS:JAJKKE|F5B20DRAFT_mRNA529033	PF00408.27,PF02878.23,PF02878.23,PF21404.4,PF21405.3	Complete	None
gene-F5B20DRAFT_450757	rna-gnl|WGS:JAJKKE|F5B20DRAFT_mRNA450757	PF26410.1	Partial	None
gene-F5B20DRAFT_529042	rna-gnl|WGS:JAJKKE|F5B20DRAFT_mRNA529042	PF04080.20	Partial	None
gene-F5B20DRAFT_577590	rna-gnl|WGS:JAJKKE|F5B20DRAFT_mRNA577590	PF28329.1,PF28347.1	Complete	None
gene-F5B20DRAFT_451191	rna-gnl|WGS:JAJKKE|F5B20DRAFT_mRNA451191		None	None
gene-F5B20DRAFT_529051	rna-gnl|WGS:JAJKKE|F5B20DRAFT_mRNA529051		None	None
gene-F5B20DRAFT_529054	rna-gnl|WGS:JAJKKE|F5B20DRAFT_mRNA529054	PF01042.27	Partial	None
gene-F5B20DRAFT_529055	rna-gnl|WGS:JAJKKE|F5B20DRAFT_mRNA529055	PF02366.25,PF02815.26,PF16192.11	Complete	None
gene-F5B20DRAFT_529057	rna-gnl|WGS:JAJKKE|F5B20DRAFT_mRNA529057	PF01593.31,PF07156.21,PF13450.13	Complete	None
gene-F5B20DRAFT_451215	rna-gnl|WGS:JAJKKE|F5B20DRAFT_mRNA451215	PF14856.12	Partial	None
gene-F5B20DRAFT_451362	rna-gnl|WGS:JAJKKE|F5B20DRAFT_mRNA451362	PF00704.35	Partial	None
gene-F5B20DRAFT_577598	rna-gnl|WGS:JAJKKE|F5B20DRAFT_mRNA577598	PF01557.24	Partial	None
gene-F5B20DRAFT_451390	rna-gnl|WGS:JAJKKE|F5B20DRAFT_mRNA451390		None	None
gene-F5B20DRAFT_529070	rna-gnl|WGS:JAJKKE|F5B20DRAFT_mRNA529070	PF00857.27	Partial	None
gene-F5B20DRAFT_529073	rna-gnl|WGS:JAJKKE|F5B20DRAFT_mRNA529073	PF01480.23	Partial	None
gene-F5B20DRAFT_529083	rna-gnl|WGS:JAJKKE|F5B20DRAFT_mRNA529083	PF09340.16	Partial	None
gene-F5B20DRAFT_529085	rna-gnl|WGS:JAJKKE|F5B20DRAFT_mRNA529085	PF00326.28	Complete	None
gene-F5B20DRAFT_577604	rna-gnl|WGS:JAJKKE|F5B20DRAFT_mRNA577604		None	None
gene-F5B20DRAFT_451550	rna-gnl|WGS:JAJKKE|F5B20DRAFT_mRNA451550	PF07690.22	Partial	None
gene-F5B20DRAFT_451562	rna-gnl|WGS:JAJKKE|F5B20DRAFT_mRNA451562	PF03856.19	Partial	None
gene-F5B20DRAFT_529089	rna-gnl|WGS:JAJKKE|F5B20DRAFT_mRNA529089	PF14498.13,PF21307.3,PF22124.3	Complete	None
gene-F5B20DRAFT_451656	rna-gnl|WGS:JAJKKE|F5B20DRAFT_mRNA451656	PF00096.33	Complete	None
gene-F5B20DRAFT_529106	rna-gnl|WGS:JAJKKE|F5B20DRAFT_mRNA529106	PF00203.27	Partial	None
gene-F5B20DRAFT_529108	rna-gnl|WGS:JAJKKE|F5B20DRAFT_mRNA529108	PF27975.1	Complete	None
gene-F5B20DRAFT_529110	rna-gnl|WGS:JAJKKE|F5B20DRAFT_mRNA529110	PF16782.12,PF29875.1	Complete	None
gene-F5B20DRAFT_451710	rna-gnl|WGS:JAJKKE|F5B20DRAFT_mRNA451710	PF14420.12	Partial	None
gene-F5B20DRAFT_451851	rna-gnl|WGS:JAJKKE|F5B20DRAFT_mRNA451851		None	None
gene-F5B20DRAFT_596365	rna-gnl|WGS:JAJKKE|F5B20DRAFT_mRNA596365		None	None
gene-F5B20DRAFT_451889	rna-gnl|WGS:JAJKKE|F5B20DRAFT_mRNA451889	PF06052.19	Partial	None
gene-F5B20DRAFT_529129	rna-gnl|WGS:JAJKKE|F5B20DRAFT_mRNA529129	PF04145.21	Partial	None
gene-F5B20DRAFT_529133	rna-gnl|WGS:JAJKKE|F5B20DRAFT_mRNA529133	PF00293.35	Partial	None
gene-F5B20DRAFT_452070	rna-gnl|WGS:JAJKKE|F5B20DRAFT_mRNA452070	PF06985.18,PF26640.1	Partial	None
gene-F5B20DRAFT_529167	rna-gnl|WGS:JAJKKE|F5B20DRAFT_mRNA529167	PF00144.30	Partial	None
gene-F5B20DRAFT_529169	rna-gnl|WGS:JAJKKE|F5B20DRAFT_mRNA529169	PF00172.24,PF11951.14	Partial	None
gene-F5B20DRAFT_529173	rna-gnl|WGS:JAJKKE|F5B20DRAFT_mRNA529173	PF00248.28	Partial	None
gene-F5B20DRAFT_452135	rna-gnl|WGS:JAJKKE|F5B20DRAFT_mRNA452135		None	None
gene-F5B20DRAFT_452201	rna-gnl|WGS:JAJKKE|F5B20DRAFT_mRNA452201		None	None
gene-F5B20DRAFT_452280	rna-gnl|WGS:JAJKKE|F5B20DRAFT_mRNA452280	PF00106.32,PF13561.13	Partial	None
gene-F5B20DRAFT_452204	rna-gnl|WGS:JAJKKE|F5B20DRAFT_mRNA452204	PF00326.28,PF00561.27,PF02129.25,PF12146.16,PF12697.14	Partial	None
gene-F5B20DRAFT_452160	rna-gnl|WGS:JAJKKE|F5B20DRAFT_mRNA452160	PF03435.25	Partial	None
gene-F5B20DRAFT_529211	rna-gnl|WGS:JAJKKE|F5B20DRAFT_mRNA529211	PF00069.32,PF00498.32,PF07714.24,PF14531.13,PF17667.8	Complete	None
gene-F5B20DRAFT_577626	rna-gnl|WGS:JAJKKE|F5B20DRAFT_mRNA577626	PF00275.26	Partial	None
gene-F5B20DRAFT_452514	rna-gnl|WGS:JAJKKE|F5B20DRAFT_mRNA452514	PF01565.29,PF02873.23	Complete	None
gene-F5B20DRAFT_529221	rna-gnl|WGS:JAJKKE|F5B20DRAFT_mRNA529221		None	None
gene-F5B20DRAFT_452553	rna-gnl|WGS:JAJKKE|F5B20DRAFT_mRNA452553	PF00169.36,PF01412.24,PF16746.11	Complete	None
gene-F5B20DRAFT_577630	rna-gnl|WGS:JAJKKE|F5B20DRAFT_mRNA577630	PF00168.37,PF06292.24,PF27826.1	Complete	None
gene-F5B20DRAFT_452637	rna-gnl|WGS:JAJKKE|F5B20DRAFT_mRNA452637		None	None
gene-F5B20DRAFT_568888	rna-gnl|WGS:JAJKKE|F5B20DRAFT_mRNA568888	PF00072.31,PF00512.32,PF00672.31,PF00672.31,PF00672.31,PF00672.31,PF00672.31,PF02518.32,PF18947.6,PF18947.6,PF18947.6,PF18947.6	Complete	None
gene-F5B20DRAFT_453289	rna-gnl|WGS:JAJKKE|F5B20DRAFT_mRNA453289	PF00505.26,PF00536.38,PF07647.25,PF09011.17	Partial	None
gene-F5B20DRAFT_529275	rna-gnl|WGS:JAJKKE|F5B20DRAFT_mRNA529275	PF05786.20	Partial	None
gene-F5B20DRAFT_529276	rna-gnl|WGS:JAJKKE|F5B20DRAFT_mRNA529276	PF01699.30,PF01699.30	Complete	None
gene-F5B20DRAFT_529280	rna-gnl|WGS:JAJKKE|F5B20DRAFT_mRNA529280	PF03332.20	Partial	None
gene-F5B20DRAFT_529281	rna-gnl|WGS:JAJKKE|F5B20DRAFT_mRNA529281	PF00397.33,PF19050.6	Complete	None
gene-F5B20DRAFT_453440	rna-gnl|WGS:JAJKKE|F5B20DRAFT_mRNA453440	PF00011.28	Complete	None
gene-F5B20DRAFT_577639	rna-gnl|WGS:JAJKKE|F5B20DRAFT_mRNA577639	PF09341.16	Partial	None
gene-F5B20DRAFT_529284	rna-gnl|WGS:JAJKKE|F5B20DRAFT_mRNA529284	PF00102.33,PF00782.26,PF14671.12,PF22741.2,PF22785.2	Complete	None
gene-F5B20DRAFT_453501	rna-gnl|WGS:JAJKKE|F5B20DRAFT_mRNA453501	PF00135.35,PF20434.6	Partial	None
gene-F5B20DRAFT_453483	rna-gnl|WGS:JAJKKE|F5B20DRAFT_mRNA453483	PF28410.1	Complete	None
gene-F5B20DRAFT_453594	rna-gnl|WGS:JAJKKE|F5B20DRAFT_mRNA453594	PF00096.33,PF00096.33,PF12874.14	Complete	None
gene-F5B20DRAFT_577645	rna-gnl|WGS:JAJKKE|F5B20DRAFT_mRNA577645	PF07876.19	Partial	None
gene-F5B20DRAFT_577646	rna-gnl|WGS:JAJKKE|F5B20DRAFT_mRNA577646	PF13424.13,PF25000.1	Complete	None
gene-F5B20DRAFT_453698	rna-gnl|WGS:JAJKKE|F5B20DRAFT_mRNA453698	PF02656.21	Complete	None
gene-F5B20DRAFT_454132	rna-gnl|WGS:JAJKKE|F5B20DRAFT_mRNA454132		None	None
gene-F5B20DRAFT_453950	rna-gnl|WGS:JAJKKE|F5B20DRAFT_mRNA453950	PF01546.34,PF04389.23	Partial	None
gene-F5B20DRAFT_453991	rna-gnl|WGS:JAJKKE|F5B20DRAFT_mRNA453991		None	None
gene-F5B20DRAFT_568897	rna-gnl|WGS:JAJKKE|F5B20DRAFT_mRNA568897	PF01532.27	Partial	None
gene-F5B20DRAFT_529346	rna-gnl|WGS:JAJKKE|F5B20DRAFT_mRNA529346	PF08229.17	Partial	None
gene-F5B20DRAFT_454221	rna-gnl|WGS:JAJKKE|F5B20DRAFT_mRNA454221		None	None
gene-F5B20DRAFT_454220	rna-gnl|WGS:JAJKKE|F5B20DRAFT_mRNA454220	PF00702.33,PF13419.13	Partial	None
gene-F5B20DRAFT_454309	rna-gnl|WGS:JAJKKE|F5B20DRAFT_mRNA454309	PF00172.24,PF11951.14	Partial	None
gene-F5B20DRAFT_454216	rna-gnl|WGS:JAJKKE|F5B20DRAFT_mRNA454216		None	None
gene-F5B20DRAFT_454341	rna-gnl|WGS:JAJKKE|F5B20DRAFT_mRNA454341	PF07647.25	Complete	None
gene-F5B20DRAFT_454327	rna-gnl|WGS:JAJKKE|F5B20DRAFT_mRNA454327	PF02777.24,PF02777.24	Complete	None
gene-F5B20DRAFT_529362	rna-gnl|WGS:JAJKKE|F5B20DRAFT_mRNA529362	PF00107.33,PF08240.18	Partial	None
gene-F5B20DRAFT_454461	rna-gnl|WGS:JAJKKE|F5B20DRAFT_mRNA454461		None	None
gene-F5B20DRAFT_454448	rna-gnl|WGS:JAJKKE|F5B20DRAFT_mRNA454448	PF00153.33,PF00153.33,PF00153.33	Complete	None
gene-F5B20DRAFT_577662	rna-gnl|WGS:JAJKKE|F5B20DRAFT_mRNA577662	PF09769.15	Partial	None
gene-F5B20DRAFT_454457	rna-gnl|WGS:JAJKKE|F5B20DRAFT_mRNA454457	PF01432.27	Partial	None
gene-F5B20DRAFT_577664	rna-gnl|WGS:JAJKKE|F5B20DRAFT_mRNA577664	PF01822.25	Partial	None
gene-F5B20DRAFT_454541	rna-gnl|WGS:JAJKKE|F5B20DRAFT_mRNA454541	PF00533.34,PF00817.26,PF11799.14,PF14377.12,PF14377.12,PF14377.12,PF16589.13,PF16727.11,PF21999.3	Complete	None
gene-F5B20DRAFT_529375	rna-gnl|WGS:JAJKKE|F5B20DRAFT_mRNA529375	PF07808.19	Partial	None
gene-F5B20DRAFT_596389	rna-gnl|WGS:JAJKKE|F5B20DRAFT_mRNA596389		None	None
gene-F5B20DRAFT_454566	rna-gnl|WGS:JAJKKE|F5B20DRAFT_mRNA454566	PF01156.25	Partial	None
gene-F5B20DRAFT_454555	rna-gnl|WGS:JAJKKE|F5B20DRAFT_mRNA454555		None	None
gene-F5B20DRAFT_454663	rna-gnl|WGS:JAJKKE|F5B20DRAFT_mRNA454663		None	None
gene-F5B20DRAFT_454645	rna-gnl|WGS:JAJKKE|F5B20DRAFT_mRNA454645		None	None
gene-F5B20DRAFT_529390	rna-gnl|WGS:JAJKKE|F5B20DRAFT_mRNA529390	PF09282.16	Partial	None
gene-F5B20DRAFT_529395	rna-gnl|WGS:JAJKKE|F5B20DRAFT_mRNA529395		None	None
gene-F5B20DRAFT_577673	rna-gnl|WGS:JAJKKE|F5B20DRAFT_mRNA577673	PF02207.26,PF18995.6,PF22960.3,PF30856.1,PF30856.1	Complete	None
gene-F5B20DRAFT_454788	rna-gnl|WGS:JAJKKE|F5B20DRAFT_mRNA454788	PF00400.39,PF00400.39,PF00400.39,PF00400.39,PF00400.39,PF00400.39,PF23381.2,PF25175.2	Complete	None
gene-F5B20DRAFT_454797	rna-gnl|WGS:JAJKKE|F5B20DRAFT_mRNA454797	PF03372.30	Partial	None
gene-F5B20DRAFT_596401	rna-gnl|WGS:JAJKKE|F5B20DRAFT_mRNA596401	PF00069.32,PF07714.24	Partial	None
gene-F5B20DRAFT_529406	rna-gnl|WGS:JAJKKE|F5B20DRAFT_mRNA529406	PF00254.35,PF17800.8	Complete	None
gene-F5B20DRAFT_529410	rna-gnl|WGS:JAJKKE|F5B20DRAFT_mRNA529410	PF01965.31	Partial	None
gene-F5B20DRAFT_454883	rna-gnl|WGS:JAJKKE|F5B20DRAFT_mRNA454883	PF13632.13	Partial	None
gene-F5B20DRAFT_529417	rna-gnl|WGS:JAJKKE|F5B20DRAFT_mRNA529417		None	None
gene-F5B20DRAFT_529426	rna-gnl|WGS:JAJKKE|F5B20DRAFT_mRNA529426	PF09766.15	Partial	None
gene-F5B20DRAFT_577681	rna-gnl|WGS:JAJKKE|F5B20DRAFT_mRNA577681	PF03006.27	Partial	None
gene-F5B20DRAFT_577682	rna-gnl|WGS:JAJKKE|F5B20DRAFT_mRNA577682	PF28404.1	Partial	None
gene-F5B20DRAFT_455095	rna-gnl|WGS:JAJKKE|F5B20DRAFT_mRNA455095	PF00566.26,PF23436.2	Partial	None
gene-F5B20DRAFT_529431	rna-gnl|WGS:JAJKKE|F5B20DRAFT_mRNA529431	PF00916.27,PF01740.27	Complete	None
gene-F5B20DRAFT_458401	rna-gnl|WGS:JAJKKE|F5B20DRAFT_mRNA458401	PF04434.23	Complete	None
gene-F5B20DRAFT_455129	rna-gnl|WGS:JAJKKE|F5B20DRAFT_mRNA455129		None	None
gene-F5B20DRAFT_456083	rna-gnl|WGS:JAJKKE|F5B20DRAFT_mRNA456083		None	None
gene-F5B20DRAFT_529439	rna-gnl|WGS:JAJKKE|F5B20DRAFT_mRNA529439		None	None
gene-F5B20DRAFT_455693	rna-gnl|WGS:JAJKKE|F5B20DRAFT_mRNA455693		None	None
gene-F5B20DRAFT_455474	rna-gnl|WGS:JAJKKE|F5B20DRAFT_mRNA455474	PF02668.23	Partial	None
gene-F5B20DRAFT_458489	rna-gnl|WGS:JAJKKE|F5B20DRAFT_mRNA458489	PF08728.16	Partial	None
gene-F5B20DRAFT_458558	rna-gnl|WGS:JAJKKE|F5B20DRAFT_mRNA458558	PF00909.27	Partial	None
gene-F5B20DRAFT_458549	rna-gnl|WGS:JAJKKE|F5B20DRAFT_mRNA458549	PF00133.29,PF08264.20,PF09334.18,PF13603.13	Complete	None
gene-F5B20DRAFT_596406	rna-gnl|WGS:JAJKKE|F5B20DRAFT_mRNA596406		None	None
gene-F5B20DRAFT_529511	rna-gnl|WGS:JAJKKE|F5B20DRAFT_mRNA529511	PF07632.17,PF21027.4	Complete	None
gene-F5B20DRAFT_458709	rna-gnl|WGS:JAJKKE|F5B20DRAFT_mRNA458709	PF11274.15	Partial	None
gene-F5B20DRAFT_577693	rna-gnl|WGS:JAJKKE|F5B20DRAFT_mRNA577693	PF00067.28	Partial	None
gene-F5B20DRAFT_458736	rna-gnl|WGS:JAJKKE|F5B20DRAFT_mRNA458736		None	None
gene-F5B20DRAFT_458823	rna-gnl|WGS:JAJKKE|F5B20DRAFT_mRNA458823	PF00225.30,PF16796.12	Partial	None
gene-F5B20DRAFT_458922	rna-gnl|WGS:JAJKKE|F5B20DRAFT_mRNA458922	PF10494.16	Partial	None
gene-F5B20DRAFT_529546	rna-gnl|WGS:JAJKKE|F5B20DRAFT_mRNA529546	PF00300.28	Partial	None
gene-F5B20DRAFT_459276	rna-gnl|WGS:JAJKKE|F5B20DRAFT_mRNA459276	PF07859.20,PF10340.16	Partial	None
gene-F5B20DRAFT_529551	rna-gnl|WGS:JAJKKE|F5B20DRAFT_mRNA529551		None	None
gene-F5B20DRAFT_459719	rna-gnl|WGS:JAJKKE|F5B20DRAFT_mRNA459719	PF10637.16,PF13640.13,PF13661.13	Partial	None
gene-F5B20DRAFT_577701	rna-gnl|WGS:JAJKKE|F5B20DRAFT_mRNA577701	PF00266.26	Partial	None
gene-F5B20DRAFT_529561	rna-gnl|WGS:JAJKKE|F5B20DRAFT_mRNA529561	PF00834.26	Partial	None
gene-F5B20DRAFT_529564	rna-gnl|WGS:JAJKKE|F5B20DRAFT_mRNA529564	PF05091.19	Partial	None
gene-F5B20DRAFT_577704	rna-gnl|WGS:JAJKKE|F5B20DRAFT_mRNA577704		None	None
gene-F5B20DRAFT_577705	rna-gnl|WGS:JAJKKE|F5B20DRAFT_mRNA577705		None	None
gene-F5B20DRAFT_459072	rna-gnl|WGS:JAJKKE|F5B20DRAFT_mRNA459072	PF01553.27,PF16076.11	Complete	None
gene-F5B20DRAFT_460446	rna-gnl|WGS:JAJKKE|F5B20DRAFT_mRNA460446	PF00069.32,PF00069.32,PF00072.31,PF03109.23,PF07714.24,PF07714.24	Complete	None
gene-F5B20DRAFT_460499	rna-gnl|WGS:JAJKKE|F5B20DRAFT_mRNA460499	PF06985.18	Partial	None
gene-F5B20DRAFT_460530	rna-gnl|WGS:JAJKKE|F5B20DRAFT_mRNA460530	PF00002.30	Partial	None
gene-F5B20DRAFT_529595	rna-gnl|WGS:JAJKKE|F5B20DRAFT_mRNA529595	PF00150.25	Partial	None
gene-F5B20DRAFT_568920	rna-gnl|WGS:JAJKKE|F5B20DRAFT_mRNA568920	PF00646.39,PF23749.2	Partial	None
gene-F5B20DRAFT_460611	rna-gnl|WGS:JAJKKE|F5B20DRAFT_mRNA460611	PF07524.20	Partial	None
gene-F5B20DRAFT_529598	rna-gnl|WGS:JAJKKE|F5B20DRAFT_mRNA529598	PF04658.19	Partial	None
gene-F5B20DRAFT_460630	rna-gnl|WGS:JAJKKE|F5B20DRAFT_mRNA460630	PF08561.16	Partial	None
gene-F5B20DRAFT_460628	rna-gnl|WGS:JAJKKE|F5B20DRAFT_mRNA460628		None	None
gene-F5B20DRAFT_577716	rna-gnl|WGS:JAJKKE|F5B20DRAFT_mRNA577716	PF00076.29,PF00076.29	Complete	None
gene-F5B20DRAFT_577717	rna-gnl|WGS:JAJKKE|F5B20DRAFT_mRNA577717		None	None
gene-F5B20DRAFT_529609	rna-gnl|WGS:JAJKKE|F5B20DRAFT_mRNA529609	PF00270.36,PF00271.38,PF04851.22	Complete	None
gene-F5B20DRAFT_460724	rna-gnl|WGS:JAJKKE|F5B20DRAFT_mRNA460724	PF03943.20,PF22602.3	Complete	None
gene-F5B20DRAFT_460899	rna-gnl|WGS:JAJKKE|F5B20DRAFT_mRNA460899		None	None
gene-F5B20DRAFT_460896	rna-gnl|WGS:JAJKKE|F5B20DRAFT_mRNA460896	PF09402.17,PF12949.14	Partial	None
gene-F5B20DRAFT_460804	rna-gnl|WGS:JAJKKE|F5B20DRAFT_mRNA460804	PF00010.32	Complete	None
gene-F5B20DRAFT_460818	rna-gnl|WGS:JAJKKE|F5B20DRAFT_mRNA460818	PF00581.26,PF00899.28	Complete	None
gene-F5B20DRAFT_460866	rna-gnl|WGS:JAJKKE|F5B20DRAFT_mRNA460866	PF08566.16	Partial	None
gene-F5B20DRAFT_577727	rna-gnl|WGS:JAJKKE|F5B20DRAFT_mRNA577727		None	None
gene-F5B20DRAFT_577728	rna-gnl|WGS:JAJKKE|F5B20DRAFT_mRNA577728		None	None
gene-F5B20DRAFT_529653	rna-gnl|WGS:JAJKKE|F5B20DRAFT_mRNA529653		None	None
gene-F5B20DRAFT_529655	rna-gnl|WGS:JAJKKE|F5B20DRAFT_mRNA529655	PF07690.22	Partial	None
gene-F5B20DRAFT_529658	rna-gnl|WGS:JAJKKE|F5B20DRAFT_mRNA529658	PF20150.5	Partial	None
gene-F5B20DRAFT_461150	rna-gnl|WGS:JAJKKE|F5B20DRAFT_mRNA461150	PF00703.28,PF17786.8,PF18368.8,PF22666.3	Complete	None
gene-F5B20DRAFT_461171	rna-gnl|WGS:JAJKKE|F5B20DRAFT_mRNA461171		None	None
gene-F5B20DRAFT_529672	rna-gnl|WGS:JAJKKE|F5B20DRAFT_mRNA529672	PF06985.18,PF26639.1	Complete	None
gene-F5B20DRAFT_529674	rna-gnl|WGS:JAJKKE|F5B20DRAFT_mRNA529674	PF00583.32,PF08445.17,PF13508.14,PF13673.14	Partial	None
gene-F5B20DRAFT_529677	rna-gnl|WGS:JAJKKE|F5B20DRAFT_mRNA529677	PF00221.25	Partial	None
gene-F5B20DRAFT_568928	rna-gnl|WGS:JAJKKE|F5B20DRAFT_mRNA568928	PF00082.28,PF06280.19	Complete	None
gene-F5B20DRAFT_529699	rna-gnl|WGS:JAJKKE|F5B20DRAFT_mRNA529699		None	None
gene-F5B20DRAFT_461437	rna-gnl|WGS:JAJKKE|F5B20DRAFT_mRNA461437	PF01363.28,PF13639.13	Complete	None
gene-F5B20DRAFT_568931	rna-gnl|WGS:JAJKKE|F5B20DRAFT_mRNA568931	PF10224.15	Partial	None
gene-F5B20DRAFT_461647	rna-gnl|WGS:JAJKKE|F5B20DRAFT_mRNA461647	PF07731.21,PF07732.22	Complete	None
gene-F5B20DRAFT_529729	rna-gnl|WGS:JAJKKE|F5B20DRAFT_mRNA529729		None	None
gene-F5B20DRAFT_529733	rna-gnl|WGS:JAJKKE|F5B20DRAFT_mRNA529733	PF00168.37,PF00168.37,PF00168.37,PF00168.37,PF00168.37,PF24920.2,PF25669.2	Complete	None
gene-F5B20DRAFT_529736	rna-gnl|WGS:JAJKKE|F5B20DRAFT_mRNA529736		None	None
gene-F5B20DRAFT_529737	rna-gnl|WGS:JAJKKE|F5B20DRAFT_mRNA529737		None	None
gene-F5B20DRAFT_529738	rna-gnl|WGS:JAJKKE|F5B20DRAFT_mRNA529738		None	None
gene-F5B20DRAFT_461959	rna-gnl|WGS:JAJKKE|F5B20DRAFT_mRNA461959	PF12223.14	Partial	None
gene-F5B20DRAFT_568936	rna-gnl|WGS:JAJKKE|F5B20DRAFT_mRNA568936	PF00331.27	Partial	None
gene-F5B20DRAFT_596444	rna-gnl|WGS:JAJKKE|F5B20DRAFT_mRNA596444	PF11700.15	Partial	None
gene-F5B20DRAFT_529763	rna-gnl|WGS:JAJKKE|F5B20DRAFT_mRNA529763		None	None
gene-F5B20DRAFT_462319	rna-gnl|WGS:JAJKKE|F5B20DRAFT_mRNA462319	PF01115.23	Partial	None
gene-F5B20DRAFT_462305	rna-gnl|WGS:JAJKKE|F5B20DRAFT_mRNA462305		None	None
gene-F5B20DRAFT_462415	rna-gnl|WGS:JAJKKE|F5B20DRAFT_mRNA462415	PF01370.28,PF04321.24	Partial	None
gene-F5B20DRAFT_529796	rna-gnl|WGS:JAJKKE|F5B20DRAFT_mRNA529796	PF00187.25,PF00704.35	Complete	None
gene-F5B20DRAFT_529800	rna-gnl|WGS:JAJKKE|F5B20DRAFT_mRNA529800	PF02746.22,PF13378.13	Partial	None
gene-F5B20DRAFT_577757	rna-gnl|WGS:JAJKKE|F5B20DRAFT_mRNA577757		None	None
gene-F5B20DRAFT_568943	rna-gnl|WGS:JAJKKE|F5B20DRAFT_mRNA568943	PF01565.29	Partial	None
gene-F5B20DRAFT_529820	rna-gnl|WGS:JAJKKE|F5B20DRAFT_mRNA529820	PF00006.32,PF00306.33,PF02874.30	Complete	None
gene-F5B20DRAFT_479857	rna-gnl|WGS:JAJKKE|F5B20DRAFT_mRNA479857	PF01256.23	Partial	None
gene-F5B20DRAFT_480025	rna-gnl|WGS:JAJKKE|F5B20DRAFT_mRNA480025		None	None
gene-F5B20DRAFT_480053	rna-gnl|WGS:JAJKKE|F5B20DRAFT_mRNA480053	PF18142.7	Partial	None
gene-F5B20DRAFT_480052	rna-gnl|WGS:JAJKKE|F5B20DRAFT_mRNA480052	PF01494.26	Partial	None
gene-F5B20DRAFT_480078	rna-gnl|WGS:JAJKKE|F5B20DRAFT_mRNA480078		None	None
gene-F5B20DRAFT_480077	rna-gnl|WGS:JAJKKE|F5B20DRAFT_mRNA480077	PF20684.4,PF20684.4	Partial	None
gene-F5B20DRAFT_596953	rna-gnl|WGS:JAJKKE|F5B20DRAFT_mRNA596953	PF01636.30	Partial	None
gene-F5B20DRAFT_480134	rna-gnl|WGS:JAJKKE|F5B20DRAFT_mRNA480134		None	None
gene-F5B20DRAFT_568948	rna-gnl|WGS:JAJKKE|F5B20DRAFT_mRNA568948	PF01210.30,PF07479.20	Complete	None
gene-F5B20DRAFT_480221	rna-gnl|WGS:JAJKKE|F5B20DRAFT_mRNA480221	PF00172.24,PF04082.24	Partial	None
gene-F5B20DRAFT_480368	rna-gnl|WGS:JAJKKE|F5B20DRAFT_mRNA480368	PF00172.24,PF04082.24	Complete	None
gene-F5B20DRAFT_480563	rna-gnl|WGS:JAJKKE|F5B20DRAFT_mRNA480563	PF05652.18,PF11969.14	Partial	None
gene-F5B20DRAFT_577771	rna-gnl|WGS:JAJKKE|F5B20DRAFT_mRNA577771	PF03227.23	Partial	None
gene-F5B20DRAFT_529885	rna-gnl|WGS:JAJKKE|F5B20DRAFT_mRNA529885	PF00349.28,PF03727.23	Partial	None
gene-F5B20DRAFT_480627	rna-gnl|WGS:JAJKKE|F5B20DRAFT_mRNA480627	PF00083.31,PF06609.19,PF07690.22	Partial	None
gene-F5B20DRAFT_529893	rna-gnl|WGS:JAJKKE|F5B20DRAFT_mRNA529893	PF00249.38,PF00249.38,PF11831.14,PF13921.13,PF13921.13	Complete	None
gene-F5B20DRAFT_529896	rna-gnl|WGS:JAJKKE|F5B20DRAFT_mRNA529896	PF07690.22	Partial	None
gene-F5B20DRAFT_529897	rna-gnl|WGS:JAJKKE|F5B20DRAFT_mRNA529897		None	None
gene-F5B20DRAFT_480698	rna-gnl|WGS:JAJKKE|F5B20DRAFT_mRNA480698		None	None
gene-F5B20DRAFT_577776	rna-gnl|WGS:JAJKKE|F5B20DRAFT_mRNA577776	PF06094.18	Partial	None
gene-F5B20DRAFT_577777	rna-gnl|WGS:JAJKKE|F5B20DRAFT_mRNA577777		None	None
gene-F5B20DRAFT_480868	rna-gnl|WGS:JAJKKE|F5B20DRAFT_mRNA480868		None	None
gene-F5B20DRAFT_480869	rna-gnl|WGS:JAJKKE|F5B20DRAFT_mRNA480869	PF07335.17	Partial	None
gene-F5B20DRAFT_568953	rna-gnl|WGS:JAJKKE|F5B20DRAFT_mRNA568953	PF04253.21,PF04389.23	Complete	None
gene-F5B20DRAFT_596963	rna-gnl|WGS:JAJKKE|F5B20DRAFT_mRNA596963	PF06609.19,PF07690.22	Partial	None
gene-F5B20DRAFT_577781	rna-gnl|WGS:JAJKKE|F5B20DRAFT_mRNA577781	PF00651.38	Partial	None
gene-F5B20DRAFT_481010	rna-gnl|WGS:JAJKKE|F5B20DRAFT_mRNA481010		None	None
gene-F5B20DRAFT_577783	rna-gnl|WGS:JAJKKE|F5B20DRAFT_mRNA577783	PF01423.29	Partial	None
gene-F5B20DRAFT_481047	rna-gnl|WGS:JAJKKE|F5B20DRAFT_mRNA481047	PF13812.13,PF13812.13,PF23276.3,PF23279.2	Complete	None
gene-F5B20DRAFT_577785	rna-gnl|WGS:JAJKKE|F5B20DRAFT_mRNA577785	PF07690.22	Partial	None
gene-F5B20DRAFT_596975	rna-gnl|WGS:JAJKKE|F5B20DRAFT_mRNA596975	PF00735.25,PF01926.30	Partial	None
gene-F5B20DRAFT_577787	rna-gnl|WGS:JAJKKE|F5B20DRAFT_mRNA577787		None	None
gene-F5B20DRAFT_530003	rna-gnl|WGS:JAJKKE|F5B20DRAFT_mRNA530003	PF01479.31	Complete	None
gene-F5B20DRAFT_530004	rna-gnl|WGS:JAJKKE|F5B20DRAFT_mRNA530004		None	None
gene-F5B20DRAFT_481227	rna-gnl|WGS:JAJKKE|F5B20DRAFT_mRNA481227	PF00083.31,PF07690.22	Partial	None
gene-F5B20DRAFT_481222	rna-gnl|WGS:JAJKKE|F5B20DRAFT_mRNA481222	PF00076.29,PF05383.24	Complete	None
gene-F5B20DRAFT_530008	rna-gnl|WGS:JAJKKE|F5B20DRAFT_mRNA530008		None	None
gene-F5B20DRAFT_530010	rna-gnl|WGS:JAJKKE|F5B20DRAFT_mRNA530010	PF05721.20	Partial	None
gene-F5B20DRAFT_568958	rna-gnl|WGS:JAJKKE|F5B20DRAFT_mRNA568958	PF05978.23	Partial	None
gene-F5B20DRAFT_577794	rna-gnl|WGS:JAJKKE|F5B20DRAFT_mRNA577794	PF00226.37	Partial	None
gene-F5B20DRAFT_530020	rna-gnl|WGS:JAJKKE|F5B20DRAFT_mRNA530020	PF02668.23	Partial	None
gene-F5B20DRAFT_530022	rna-gnl|WGS:JAJKKE|F5B20DRAFT_mRNA530022	PF06202.21,PF14699.13,PF14701.13,PF14702.13	Complete	None
gene-F5B20DRAFT_481374	rna-gnl|WGS:JAJKKE|F5B20DRAFT_mRNA481374		None	None
gene-F5B20DRAFT_577800	rna-gnl|WGS:JAJKKE|F5B20DRAFT_mRNA577800	PF02133.22	Partial	None
gene-F5B20DRAFT_568960	rna-gnl|WGS:JAJKKE|F5B20DRAFT_mRNA568960	PF01968.25,PF05378.20,PF06032.19,PF20906.4	Complete	None
gene-F5B20DRAFT_596989	rna-gnl|WGS:JAJKKE|F5B20DRAFT_mRNA596989		None	None
gene-F5B20DRAFT_568961	rna-gnl|WGS:JAJKKE|F5B20DRAFT_mRNA568961	PF00281.25,PF00673.27	Partial	None
gene-F5B20DRAFT_481549	rna-gnl|WGS:JAJKKE|F5B20DRAFT_mRNA481549	PF03650.20	Partial	None
gene-F5B20DRAFT_530055	rna-gnl|WGS:JAJKKE|F5B20DRAFT_mRNA530055	PF00289.29,PF00364.29,PF00682.26,PF02222.28,PF02436.24,PF02785.26,PF02786.23,PF07478.19,PF25917.1	Complete	None
gene-F5B20DRAFT_530057	rna-gnl|WGS:JAJKKE|F5B20DRAFT_mRNA530057	PF00637.27,PF00637.27,PF00637.27,PF00637.27,PF00637.27,PF00637.27,PF00637.27,PF01394.27,PF01394.27,PF01394.27,PF13838.13	Complete	None
gene-F5B20DRAFT_530061	rna-gnl|WGS:JAJKKE|F5B20DRAFT_mRNA530061	PF07798.17	Partial	None
gene-F5B20DRAFT_481916	rna-gnl|WGS:JAJKKE|F5B20DRAFT_mRNA481916	PF02902.26	Partial	None
gene-F5B20DRAFT_482084	rna-gnl|WGS:JAJKKE|F5B20DRAFT_mRNA482084	PF13347.13	Partial	None
gene-F5B20DRAFT_482168	rna-gnl|WGS:JAJKKE|F5B20DRAFT_mRNA482168	PF01634.24,PF08029.17	Complete	None
gene-F5B20DRAFT_482126	rna-gnl|WGS:JAJKKE|F5B20DRAFT_mRNA482126		None	None
gene-F5B20DRAFT_577812	rna-gnl|WGS:JAJKKE|F5B20DRAFT_mRNA577812	PF13813.12	Complete	None
gene-F5B20DRAFT_482243	rna-gnl|WGS:JAJKKE|F5B20DRAFT_mRNA482243	PF00621.26,PF03114.24	Complete	None
gene-F5B20DRAFT_482316	rna-gnl|WGS:JAJKKE|F5B20DRAFT_mRNA482316	PF11754.15	Partial	None
gene-F5B20DRAFT_482388	rna-gnl|WGS:JAJKKE|F5B20DRAFT_mRNA482388	PF12223.14	Partial	None
gene-F5B20DRAFT_482405	rna-gnl|WGS:JAJKKE|F5B20DRAFT_mRNA482405	PF00583.32,PF08445.17,PF28379.1	Complete	None
gene-F5B20DRAFT_482431	rna-gnl|WGS:JAJKKE|F5B20DRAFT_mRNA482431	PF01208.24	Partial	None
gene-F5B20DRAFT_530141	rna-gnl|WGS:JAJKKE|F5B20DRAFT_mRNA530141		None	None
gene-F5B20DRAFT_577820	rna-gnl|WGS:JAJKKE|F5B20DRAFT_mRNA577820	PF04082.24	Partial	None
gene-F5B20DRAFT_482449	rna-gnl|WGS:JAJKKE|F5B20DRAFT_mRNA482449		None	None
gene-F5B20DRAFT_482620	rna-gnl|WGS:JAJKKE|F5B20DRAFT_mRNA482620	PF05637.19	Partial	None
gene-F5B20DRAFT_577824	rna-gnl|WGS:JAJKKE|F5B20DRAFT_mRNA577824	PF01753.25	Complete	None
gene-F5B20DRAFT_530163	rna-gnl|WGS:JAJKKE|F5B20DRAFT_mRNA530163	PF00933.28,PF01915.28,PF14310.13	Complete	None
gene-F5B20DRAFT_482674	rna-gnl|WGS:JAJKKE|F5B20DRAFT_mRNA482674	PF26113.1	Partial	None
gene-F5B20DRAFT_482689	rna-gnl|WGS:JAJKKE|F5B20DRAFT_mRNA482689		None	None
gene-F5B20DRAFT_577828	rna-gnl|WGS:JAJKKE|F5B20DRAFT_mRNA577828		None	None
gene-F5B20DRAFT_482727	rna-gnl|WGS:JAJKKE|F5B20DRAFT_mRNA482727	PF00004.36,PF00004.36,PF01057.24,PF23120.2,PF23315.2	Complete	None
gene-F5B20DRAFT_482780	rna-gnl|WGS:JAJKKE|F5B20DRAFT_mRNA482780	PF04083.23	Complete	None
gene-F5B20DRAFT_577831	rna-gnl|WGS:JAJKKE|F5B20DRAFT_mRNA577831	PF00501.35,PF13193.13	Complete	None
gene-F5B20DRAFT_483015	rna-gnl|WGS:JAJKKE|F5B20DRAFT_mRNA483015	PF06644.17	Partial	None
gene-F5B20DRAFT_482868	rna-gnl|WGS:JAJKKE|F5B20DRAFT_mRNA482868	PF00141.29	Partial	None
gene-F5B20DRAFT_530213	rna-gnl|WGS:JAJKKE|F5B20DRAFT_mRNA530213	PF05843.21,PF23240.2,PF23241.2	Complete	None
gene-F5B20DRAFT_483109	rna-gnl|WGS:JAJKKE|F5B20DRAFT_mRNA483109		None	None
gene-F5B20DRAFT_530219	rna-gnl|WGS:JAJKKE|F5B20DRAFT_mRNA530219	PF02383.24,PF22669.3	Complete	None
gene-F5B20DRAFT_568974	rna-gnl|WGS:JAJKKE|F5B20DRAFT_mRNA568974	PF01565.29	Partial	None
gene-F5B20DRAFT_530221	rna-gnl|WGS:JAJKKE|F5B20DRAFT_mRNA530221	PF00244.27	Partial	None
gene-F5B20DRAFT_577840	rna-gnl|WGS:JAJKKE|F5B20DRAFT_mRNA577840	PF01764.32,PF12697.14	Partial	None
gene-F5B20DRAFT_530225	rna-gnl|WGS:JAJKKE|F5B20DRAFT_mRNA530225		None	None
gene-F5B20DRAFT_530229	rna-gnl|WGS:JAJKKE|F5B20DRAFT_mRNA530229	PF04495.21,PF17820.8,PF18265.7	Complete	None
gene-F5B20DRAFT_530233	rna-gnl|WGS:JAJKKE|F5B20DRAFT_mRNA530233	PF00025.28,PF00071.29,PF08477.20	Partial	None
gene-F5B20DRAFT_483381	rna-gnl|WGS:JAJKKE|F5B20DRAFT_mRNA483381	PF00122.26,PF00689.27,PF00690.32,PF00702.33,PF08282.19,PF13246.13	Complete	None
gene-F5B20DRAFT_577845	rna-gnl|WGS:JAJKKE|F5B20DRAFT_mRNA577845	PF00227.32	Partial	None
gene-F5B20DRAFT_530237	rna-gnl|WGS:JAJKKE|F5B20DRAFT_mRNA530237	PF11470.15,PF11976.15	Partial	None
gene-F5B20DRAFT_530240	rna-gnl|WGS:JAJKKE|F5B20DRAFT_mRNA530240	PF01158.24	Partial	None
gene-F5B20DRAFT_568978	rna-gnl|WGS:JAJKKE|F5B20DRAFT_mRNA568978		None	None
gene-F5B20DRAFT_483490	rna-gnl|WGS:JAJKKE|F5B20DRAFT_mRNA483490		None	None
gene-F5B20DRAFT_483950	rna-gnl|WGS:JAJKKE|F5B20DRAFT_mRNA483950	PF00621.26	Partial	None
gene-F5B20DRAFT_577851	rna-gnl|WGS:JAJKKE|F5B20DRAFT_mRNA577851	PF01172.25	Partial	None
gene-F5B20DRAFT_577852	rna-gnl|WGS:JAJKKE|F5B20DRAFT_mRNA577852	PF24853.2	Partial	None
gene-F5B20DRAFT_483910	rna-gnl|WGS:JAJKKE|F5B20DRAFT_mRNA483910	PF07047.18	Partial	None
gene-F5B20DRAFT_530303	rna-gnl|WGS:JAJKKE|F5B20DRAFT_mRNA530303	PF00069.32,PF07714.24	Partial	None
gene-F5B20DRAFT_568985	rna-gnl|WGS:JAJKKE|F5B20DRAFT_mRNA568985	PF08238.19,PF08238.19,PF08238.19,PF08238.19,PF08238.19,PF08238.19,PF08238.19	Complete	None
gene-F5B20DRAFT_484054	rna-gnl|WGS:JAJKKE|F5B20DRAFT_mRNA484054	PF01644.24,PF03142.22,PF13632.13,PF22997.2	Complete	None
gene-F5B20DRAFT_484102	rna-gnl|WGS:JAJKKE|F5B20DRAFT_mRNA484102		None	None
gene-F5B20DRAFT_597021	rna-gnl|WGS:JAJKKE|F5B20DRAFT_mRNA597021	PF01571.27,PF08669.18	Complete	None
gene-F5B20DRAFT_484195	rna-gnl|WGS:JAJKKE|F5B20DRAFT_mRNA484195	PF00025.28,PF00071.29,PF01926.30,PF04670.19,PF08477.20,PF09439.17	Partial	None
gene-F5B20DRAFT_530328	rna-gnl|WGS:JAJKKE|F5B20DRAFT_mRNA530328	PF01105.30	Partial	None
gene-F5B20DRAFT_597025	rna-gnl|WGS:JAJKKE|F5B20DRAFT_mRNA597025	PF00106.32,PF01370.28,PF08659.17,PF13561.13	Partial	None
gene-F5B20DRAFT_530332	rna-gnl|WGS:JAJKKE|F5B20DRAFT_mRNA530332		None	None
gene-F5B20DRAFT_484283	rna-gnl|WGS:JAJKKE|F5B20DRAFT_mRNA484283	PF00027.36,PF00916.27,PF01740.27	Complete	None
gene-F5B20DRAFT_484337	rna-gnl|WGS:JAJKKE|F5B20DRAFT_mRNA484337	PF05916.17,PF24997.2	Complete	None
gene-F5B20DRAFT_568990	rna-gnl|WGS:JAJKKE|F5B20DRAFT_mRNA568990	PF01808.25,PF02142.28	Partial	None
gene-F5B20DRAFT_530348	rna-gnl|WGS:JAJKKE|F5B20DRAFT_mRNA530348	PF00736.25,PF10587.15	Complete	None
gene-F5B20DRAFT_530352	rna-gnl|WGS:JAJKKE|F5B20DRAFT_mRNA530352	PF00004.36,PF00004.36,PF07724.21,PF07728.21,PF10431.16,PF17871.8,PF23569.2	Complete	None
gene-F5B20DRAFT_597039	rna-gnl|WGS:JAJKKE|F5B20DRAFT_mRNA597039		None	None
gene-F5B20DRAFT_484481	rna-gnl|WGS:JAJKKE|F5B20DRAFT_mRNA484481		None	None
gene-F5B20DRAFT_530358	rna-gnl|WGS:JAJKKE|F5B20DRAFT_mRNA530358	PF00400.39	Complete	None
gene-F5B20DRAFT_530360	rna-gnl|WGS:JAJKKE|F5B20DRAFT_mRNA530360	PF00294.30,PF00294.30,PF04227.18	Complete	None
gene-F5B20DRAFT_484544	rna-gnl|WGS:JAJKKE|F5B20DRAFT_mRNA484544		None	None
gene-F5B20DRAFT_577871	rna-gnl|WGS:JAJKKE|F5B20DRAFT_mRNA577871	PF00106.32,PF01370.28,PF08659.17,PF13561.13	Partial	None
gene-F5B20DRAFT_530367	rna-gnl|WGS:JAJKKE|F5B20DRAFT_mRNA530367	PF00106.32,PF08659.17,PF13561.13	Partial	None
gene-F5B20DRAFT_577874	rna-gnl|WGS:JAJKKE|F5B20DRAFT_mRNA577874	PF29336.1	Partial	None
gene-F5B20DRAFT_577875	rna-gnl|WGS:JAJKKE|F5B20DRAFT_mRNA577875	PF20684.4	Partial	None
gene-F5B20DRAFT_530372	rna-gnl|WGS:JAJKKE|F5B20DRAFT_mRNA530372	PF06839.18	Partial	None
gene-F5B20DRAFT_530373	rna-gnl|WGS:JAJKKE|F5B20DRAFT_mRNA530373	PF04727.19,PF11841.15,PF16457.12	Complete	None
gene-F5B20DRAFT_530374	rna-gnl|WGS:JAJKKE|F5B20DRAFT_mRNA530374	PF00330.26,PF00694.26	Complete	None
gene-F5B20DRAFT_484773	rna-gnl|WGS:JAJKKE|F5B20DRAFT_mRNA484773	PF00083.31,PF07690.22	Partial	None
gene-F5B20DRAFT_577880	rna-gnl|WGS:JAJKKE|F5B20DRAFT_mRNA577880	PF00383.30,PF08211.19	Partial	None
gene-F5B20DRAFT_485117	rna-gnl|WGS:JAJKKE|F5B20DRAFT_mRNA485117		None	None
gene-F5B20DRAFT_485141	rna-gnl|WGS:JAJKKE|F5B20DRAFT_mRNA485141	PF00561.27,PF12146.16,PF12697.14	Partial	None
gene-F5B20DRAFT_530424	rna-gnl|WGS:JAJKKE|F5B20DRAFT_mRNA530424	PF00096.33,PF00096.33,PF00172.24,PF04082.24	Complete	None
gene-F5B20DRAFT_577884	rna-gnl|WGS:JAJKKE|F5B20DRAFT_mRNA577884	PF00083.31,PF07690.22	Partial	None
gene-F5B20DRAFT_577885	rna-gnl|WGS:JAJKKE|F5B20DRAFT_mRNA577885	PF00106.32,PF08659.17,PF13561.13	Partial	None
gene-F5B20DRAFT_577886	rna-gnl|WGS:JAJKKE|F5B20DRAFT_mRNA577886		None	None
gene-F5B20DRAFT_568998	rna-gnl|WGS:JAJKKE|F5B20DRAFT_mRNA568998	PF00787.30,PF00890.31,PF02910.26,PF12825.13,PF12828.13	Complete	None
gene-F5B20DRAFT_530477	rna-gnl|WGS:JAJKKE|F5B20DRAFT_mRNA530477		None	None
gene-F5B20DRAFT_485546	rna-gnl|WGS:JAJKKE|F5B20DRAFT_mRNA485546	PF03879.21	Partial	None
gene-F5B20DRAFT_485766	rna-gnl|WGS:JAJKKE|F5B20DRAFT_mRNA485766		None	None
gene-F5B20DRAFT_577892	rna-gnl|WGS:JAJKKE|F5B20DRAFT_mRNA577892	PF00179.32	Partial	None
gene-F5B20DRAFT_577893	rna-gnl|WGS:JAJKKE|F5B20DRAFT_mRNA577893	PF03452.21	Partial	None
gene-F5B20DRAFT_485831	rna-gnl|WGS:JAJKKE|F5B20DRAFT_mRNA485831		None	None
gene-F5B20DRAFT_485836	rna-gnl|WGS:JAJKKE|F5B20DRAFT_mRNA485836	PF06985.18	Partial	None
gene-F5B20DRAFT_485843	rna-gnl|WGS:JAJKKE|F5B20DRAFT_mRNA485843	PF03095.21	Partial	None
gene-F5B20DRAFT_485865	rna-gnl|WGS:JAJKKE|F5B20DRAFT_mRNA485865	PF01138.28	Partial	None
gene-F5B20DRAFT_530512	rna-gnl|WGS:JAJKKE|F5B20DRAFT_mRNA530512	PF01513.27,PF20143.5	Complete	None
gene-F5B20DRAFT_485852	rna-gnl|WGS:JAJKKE|F5B20DRAFT_mRNA485852		None	None
gene-F5B20DRAFT_485996	rna-gnl|WGS:JAJKKE|F5B20DRAFT_mRNA485996	PF00046.36	Partial	None
gene-F5B20DRAFT_530524	rna-gnl|WGS:JAJKKE|F5B20DRAFT_mRNA530524	PF07393.18,PF20667.4	Partial	None
gene-F5B20DRAFT_577902	rna-gnl|WGS:JAJKKE|F5B20DRAFT_mRNA577902		None	None
gene-F5B20DRAFT_577903	rna-gnl|WGS:JAJKKE|F5B20DRAFT_mRNA577903	PF13532.13	Partial	None
gene-F5B20DRAFT_569003	rna-gnl|WGS:JAJKKE|F5B20DRAFT_mRNA569003	PF02475.24,PF25133.2	Partial	None
gene-F5B20DRAFT_486155	rna-gnl|WGS:JAJKKE|F5B20DRAFT_mRNA486155	PF08550.16	Complete	None
gene-F5B20DRAFT_530553	rna-gnl|WGS:JAJKKE|F5B20DRAFT_mRNA530553	PF00773.26,PF23214.2,PF23216.2,PF25522.2	Complete	None
gene-F5B20DRAFT_530558	rna-gnl|WGS:JAJKKE|F5B20DRAFT_mRNA530558		None	None
gene-F5B20DRAFT_486266	rna-gnl|WGS:JAJKKE|F5B20DRAFT_mRNA486266	PF28457.1,PF29664.1	Partial	None
gene-F5B20DRAFT_486270	rna-gnl|WGS:JAJKKE|F5B20DRAFT_mRNA486270	PF03583.21	Partial	None
gene-F5B20DRAFT_530564	rna-gnl|WGS:JAJKKE|F5B20DRAFT_mRNA530564	PF11885.14	Partial	None
gene-F5B20DRAFT_486383	rna-gnl|WGS:JAJKKE|F5B20DRAFT_mRNA486383	PF17648.8	Complete	None
gene-F5B20DRAFT_530577	rna-gnl|WGS:JAJKKE|F5B20DRAFT_mRNA530577	PF00076.29	Complete	None
gene-F5B20DRAFT_530584	rna-gnl|WGS:JAJKKE|F5B20DRAFT_mRNA530584	PF26639.1	Partial	None
gene-F5B20DRAFT_530589	rna-gnl|WGS:JAJKKE|F5B20DRAFT_mRNA530589	PF05721.20	Partial	None
gene-F5B20DRAFT_530591	rna-gnl|WGS:JAJKKE|F5B20DRAFT_mRNA530591	PF00083.31,PF07690.22	Partial	None
gene-F5B20DRAFT_530594	rna-gnl|WGS:JAJKKE|F5B20DRAFT_mRNA530594	PF09802.15	Partial	None
gene-F5B20DRAFT_486564	rna-gnl|WGS:JAJKKE|F5B20DRAFT_mRNA486564	PF01137.27,PF05189.19	Complete	None
gene-F5B20DRAFT_577917	rna-gnl|WGS:JAJKKE|F5B20DRAFT_mRNA577917	PF08508.17	Partial	None
gene-F5B20DRAFT_486587	rna-gnl|WGS:JAJKKE|F5B20DRAFT_mRNA486587	PF02222.28,PF02222.28,PF02786.23,PF02786.23,PF02787.27,PF07478.19,PF07478.19,PF25596.2,PF25596.2	Complete	None
gene-F5B20DRAFT_530600	rna-gnl|WGS:JAJKKE|F5B20DRAFT_mRNA530600	PF05020.21,PF05021.21	Partial	None
gene-F5B20DRAFT_530603	rna-gnl|WGS:JAJKKE|F5B20DRAFT_mRNA530603	PF00855.24	Complete	None
gene-F5B20DRAFT_486625	rna-gnl|WGS:JAJKKE|F5B20DRAFT_mRNA486625	PF00270.36,PF00270.36,PF00271.38,PF02889.22,PF02889.22,PF04851.22,PF04851.22,PF18149.7,PF21188.3,PF23445.2,PF23445.2	Complete	None
gene-F5B20DRAFT_486706	rna-gnl|WGS:JAJKKE|F5B20DRAFT_mRNA486706		None	None
gene-F5B20DRAFT_486701	rna-gnl|WGS:JAJKKE|F5B20DRAFT_mRNA486701	PF00004.36,PF03215.22,PF08542.17,PF13177.13,PF21960.3	Complete	None
gene-F5B20DRAFT_530611	rna-gnl|WGS:JAJKKE|F5B20DRAFT_mRNA530611	PF10329.15	Partial	None
gene-F5B20DRAFT_530613	rna-gnl|WGS:JAJKKE|F5B20DRAFT_mRNA530613		None	None
gene-F5B20DRAFT_486738	rna-gnl|WGS:JAJKKE|F5B20DRAFT_mRNA486738		None	None
gene-F5B20DRAFT_486777	rna-gnl|WGS:JAJKKE|F5B20DRAFT_mRNA486777		None	None
gene-F5B20DRAFT_530634	rna-gnl|WGS:JAJKKE|F5B20DRAFT_mRNA530634	PF00179.32,PF00179.32	Complete	None
gene-F5B20DRAFT_530635	rna-gnl|WGS:JAJKKE|F5B20DRAFT_mRNA530635	PF01073.26,PF01370.28,PF02719.22,PF04321.24,PF05368.20,PF07993.19,PF13460.13,PF16363.12	Partial	None
gene-F5B20DRAFT_486864	rna-gnl|WGS:JAJKKE|F5B20DRAFT_mRNA486864	PF00412.29,PF00412.29,PF00412.29,PF00620.33	Complete	None
gene-F5B20DRAFT_486910	rna-gnl|WGS:JAJKKE|F5B20DRAFT_mRNA486910		None	None
gene-F5B20DRAFT_486872	rna-gnl|WGS:JAJKKE|F5B20DRAFT_mRNA486872	PF00505.26,PF09011.17	Complete	None
gene-F5B20DRAFT_487008	rna-gnl|WGS:JAJKKE|F5B20DRAFT_mRNA487008	PF00270.36,PF00271.38,PF23469.2	Complete	None
gene-F5B20DRAFT_486933	rna-gnl|WGS:JAJKKE|F5B20DRAFT_mRNA486933	PF15811.12	Partial	None
gene-F5B20DRAFT_486968	rna-gnl|WGS:JAJKKE|F5B20DRAFT_mRNA486968	PF00096.33,PF00096.33,PF00096.33,PF13894.13,PF13912.13,PF13912.13	Complete	None
gene-F5B20DRAFT_530651	rna-gnl|WGS:JAJKKE|F5B20DRAFT_mRNA530651	PF00831.29	Partial	None
gene-F5B20DRAFT_530654	rna-gnl|WGS:JAJKKE|F5B20DRAFT_mRNA530654	PF12352.14,PF27017.1	Complete	None
gene-F5B20DRAFT_486928	rna-gnl|WGS:JAJKKE|F5B20DRAFT_mRNA486928	PF05176.21	Partial	None
gene-F5B20DRAFT_530656	rna-gnl|WGS:JAJKKE|F5B20DRAFT_mRNA530656	PF00198.29,PF00364.29,PF02817.23	Complete	None
gene-F5B20DRAFT_487197	rna-gnl|WGS:JAJKKE|F5B20DRAFT_mRNA487197	PF00004.36,PF01202.29,PF13238.13,PF13671.13	Partial	None
gene-F5B20DRAFT_530669	rna-gnl|WGS:JAJKKE|F5B20DRAFT_mRNA530669	PF03571.22	Partial	None
gene-F5B20DRAFT_530671	rna-gnl|WGS:JAJKKE|F5B20DRAFT_mRNA530671	PF01159.25	Partial	None
gene-F5B20DRAFT_577943	rna-gnl|WGS:JAJKKE|F5B20DRAFT_mRNA577943	PF04683.20	Partial	None
gene-F5B20DRAFT_487629	rna-gnl|WGS:JAJKKE|F5B20DRAFT_mRNA487629		None	None
gene-F5B20DRAFT_487289	rna-gnl|WGS:JAJKKE|F5B20DRAFT_mRNA487289	PF07034.18,PF18137.8	Complete	None
gene-F5B20DRAFT_487885	rna-gnl|WGS:JAJKKE|F5B20DRAFT_mRNA487885		None	None
gene-F5B20DRAFT_487701	rna-gnl|WGS:JAJKKE|F5B20DRAFT_mRNA487701	PF00428.25,PF00466.26,PF17777.7	Complete	None
gene-F5B20DRAFT_487834	rna-gnl|WGS:JAJKKE|F5B20DRAFT_mRNA487834	PF00488.28,PF01624.26,PF05188.24,PF05192.24	Complete	None
gene-F5B20DRAFT_569024	rna-gnl|WGS:JAJKKE|F5B20DRAFT_mRNA569024	PF01074.29,PF07748.20,PF09261.17,PF17677.8,PF22907.3	Complete	None
gene-F5B20DRAFT_530698	rna-gnl|WGS:JAJKKE|F5B20DRAFT_mRNA530698	PF16641.11	Complete	None
gene-F5B20DRAFT_530703	rna-gnl|WGS:JAJKKE|F5B20DRAFT_mRNA530703		None	None
gene-F5B20DRAFT_530707	rna-gnl|WGS:JAJKKE|F5B20DRAFT_mRNA530707	PF04147.18	Partial	None
gene-F5B20DRAFT_487971	rna-gnl|WGS:JAJKKE|F5B20DRAFT_mRNA487971		None	None
gene-F5B20DRAFT_488078	rna-gnl|WGS:JAJKKE|F5B20DRAFT_mRNA488078	PF00226.37,PF00684.26,PF01556.24	Complete	None
gene-F5B20DRAFT_577955	rna-gnl|WGS:JAJKKE|F5B20DRAFT_mRNA577955	PF30361.1	Partial	None
gene-F5B20DRAFT_530718	rna-gnl|WGS:JAJKKE|F5B20DRAFT_mRNA530718	PF00069.32,PF00069.32,PF07714.24,PF07714.24	Partial	None
gene-F5B20DRAFT_530720	rna-gnl|WGS:JAJKKE|F5B20DRAFT_mRNA530720	PF01585.29,PF13821.12	Complete	None
gene-F5B20DRAFT_488185	rna-gnl|WGS:JAJKKE|F5B20DRAFT_mRNA488185	PF00383.30,PF14437.13	Partial	None
gene-F5B20DRAFT_577959	rna-gnl|WGS:JAJKKE|F5B20DRAFT_mRNA577959	PF00628.36,PF01426.25,PF13771.13,PF13831.13,PF13832.13	Complete	None
gene-F5B20DRAFT_597107	rna-gnl|WGS:JAJKKE|F5B20DRAFT_mRNA597107	PF00270.36,PF00271.38,PF04851.22,PF20470.5,PF21099.3,PF25453.2	Complete	None
gene-F5B20DRAFT_577961	rna-gnl|WGS:JAJKKE|F5B20DRAFT_mRNA577961	PF00135.35,PF07859.20,PF20434.6	Partial	None
gene-F5B20DRAFT_530741	rna-gnl|WGS:JAJKKE|F5B20DRAFT_mRNA530741	PF00561.27	Partial	None
gene-F5B20DRAFT_530742	rna-gnl|WGS:JAJKKE|F5B20DRAFT_mRNA530742		None	None
gene-F5B20DRAFT_488454	rna-gnl|WGS:JAJKKE|F5B20DRAFT_mRNA488454	PF09335.17	Partial	None
gene-F5B20DRAFT_530746	rna-gnl|WGS:JAJKKE|F5B20DRAFT_mRNA530746	PF08590.16,PF14608.13,PF14608.13,PF28536.1	Complete	None
gene-F5B20DRAFT_530751	rna-gnl|WGS:JAJKKE|F5B20DRAFT_mRNA530751	PF00646.39,PF02373.29,PF12937.13,PF13621.13	Complete	None
gene-F5B20DRAFT_488551	rna-gnl|WGS:JAJKKE|F5B20DRAFT_mRNA488551	PF00270.36,PF00271.38,PF04851.22	Complete	None
gene-F5B20DRAFT_530762	rna-gnl|WGS:JAJKKE|F5B20DRAFT_mRNA530762	PF13472.13	Partial	None
gene-F5B20DRAFT_530763	rna-gnl|WGS:JAJKKE|F5B20DRAFT_mRNA530763	PF00698.27,PF01575.26,PF08354.16,PF13452.12,PF16073.11,PF17828.7,PF17951.7,PF22235.2,PF22622.3	Complete	None
gene-F5B20DRAFT_530768	rna-gnl|WGS:JAJKKE|F5B20DRAFT_mRNA530768	PF00109.33,PF01648.26,PF02801.29,PF18314.7,PF18325.8	Complete	None
gene-F5B20DRAFT_530771	rna-gnl|WGS:JAJKKE|F5B20DRAFT_mRNA530771	PF08881.16	Partial	None
gene-F5B20DRAFT_530774	rna-gnl|WGS:JAJKKE|F5B20DRAFT_mRNA530774	PF00170.27,PF07716.21	Complete	None
gene-F5B20DRAFT_577973	rna-gnl|WGS:JAJKKE|F5B20DRAFT_mRNA577973		None	None
gene-F5B20DRAFT_597131	rna-gnl|WGS:JAJKKE|F5B20DRAFT_mRNA597131	PF23394.3,PF23395.2	Complete	None
gene-F5B20DRAFT_488742	rna-gnl|WGS:JAJKKE|F5B20DRAFT_mRNA488742		None	None
gene-F5B20DRAFT_577976	rna-gnl|WGS:JAJKKE|F5B20DRAFT_mRNA577976	PF04193.20,PF04193.20	Complete	None
gene-F5B20DRAFT_488754	rna-gnl|WGS:JAJKKE|F5B20DRAFT_mRNA488754	PF14087.13	Partial	None
gene-F5B20DRAFT_597133	rna-gnl|WGS:JAJKKE|F5B20DRAFT_mRNA597133	PF15474.12	Partial	None
gene-F5B20DRAFT_530786	rna-gnl|WGS:JAJKKE|F5B20DRAFT_mRNA530786	PF00024.33	Partial	None
gene-F5B20DRAFT_530787	rna-gnl|WGS:JAJKKE|F5B20DRAFT_mRNA530787	PF13902.12	Partial	None
gene-F5B20DRAFT_597144	rna-gnl|WGS:JAJKKE|F5B20DRAFT_mRNA597144		None	None
gene-F5B20DRAFT_597146	rna-gnl|WGS:JAJKKE|F5B20DRAFT_mRNA597146	PF00106.32,PF08659.17,PF13561.13	Partial	None
gene-F5B20DRAFT_597148	rna-gnl|WGS:JAJKKE|F5B20DRAFT_mRNA597148	PF00004.36,PF22942.2	Complete	None
gene-F5B20DRAFT_530793	rna-gnl|WGS:JAJKKE|F5B20DRAFT_mRNA530793	PF07000.18	Partial	None
gene-F5B20DRAFT_488867	rna-gnl|WGS:JAJKKE|F5B20DRAFT_mRNA488867		None	None
gene-F5B20DRAFT_569033	rna-gnl|WGS:JAJKKE|F5B20DRAFT_mRNA569033	PF00474.24	Partial	None
gene-F5B20DRAFT_488910	rna-gnl|WGS:JAJKKE|F5B20DRAFT_mRNA488910	PF01042.27	Partial	None
gene-F5B20DRAFT_488974	rna-gnl|WGS:JAJKKE|F5B20DRAFT_mRNA488974	PF01083.29	Partial	None
gene-F5B20DRAFT_488957	rna-gnl|WGS:JAJKKE|F5B20DRAFT_mRNA488957		None	None
gene-F5B20DRAFT_530812	rna-gnl|WGS:JAJKKE|F5B20DRAFT_mRNA530812	PF00004.36,PF22942.2	Complete	None
gene-F5B20DRAFT_489022	rna-gnl|WGS:JAJKKE|F5B20DRAFT_mRNA489022		None	None
gene-F5B20DRAFT_489056	rna-gnl|WGS:JAJKKE|F5B20DRAFT_mRNA489056	PF00248.28	Partial	None
gene-F5B20DRAFT_577991	rna-gnl|WGS:JAJKKE|F5B20DRAFT_mRNA577991	PF12697.14	Partial	None
gene-F5B20DRAFT_577992	rna-gnl|WGS:JAJKKE|F5B20DRAFT_mRNA577992		None	None
gene-F5B20DRAFT_489235	rna-gnl|WGS:JAJKKE|F5B20DRAFT_mRNA489235	PF01370.28,PF05368.20	Partial	None
gene-F5B20DRAFT_489240	rna-gnl|WGS:JAJKKE|F5B20DRAFT_mRNA489240	PF11905.14	Partial	None
gene-F5B20DRAFT_530837	rna-gnl|WGS:JAJKKE|F5B20DRAFT_mRNA530837	PF00890.31,PF01494.26,PF07976.20	Complete	None
gene-F5B20DRAFT_489409	rna-gnl|WGS:JAJKKE|F5B20DRAFT_mRNA489409	PF07690.22	Partial	None
gene-F5B20DRAFT_569042	rna-gnl|WGS:JAJKKE|F5B20DRAFT_mRNA569042	PF01494.26	Partial	None
gene-F5B20DRAFT_489545	rna-gnl|WGS:JAJKKE|F5B20DRAFT_mRNA489545	PF00172.24,PF04082.24	Partial	None
gene-F5B20DRAFT_530866	rna-gnl|WGS:JAJKKE|F5B20DRAFT_mRNA530866		None	None
gene-F5B20DRAFT_530867	rna-gnl|WGS:JAJKKE|F5B20DRAFT_mRNA530867		None	None
gene-F5B20DRAFT_569045	rna-gnl|WGS:JAJKKE|F5B20DRAFT_mRNA569045	PF00083.31,PF07690.22	Partial	None
gene-F5B20DRAFT_530883	rna-gnl|WGS:JAJKKE|F5B20DRAFT_mRNA530883	PF00226.37	Partial	None
gene-F5B20DRAFT_489773	rna-gnl|WGS:JAJKKE|F5B20DRAFT_mRNA489773		None	None
gene-F5B20DRAFT_489804	rna-gnl|WGS:JAJKKE|F5B20DRAFT_mRNA489804	PF00293.35	Partial	None
gene-F5B20DRAFT_489790	rna-gnl|WGS:JAJKKE|F5B20DRAFT_mRNA489790		None	None
gene-F5B20DRAFT_578006	rna-gnl|WGS:JAJKKE|F5B20DRAFT_mRNA578006	PF14040.12	Partial	None
gene-F5B20DRAFT_489817	rna-gnl|WGS:JAJKKE|F5B20DRAFT_mRNA489817		None	None
gene-F5B20DRAFT_489820	rna-gnl|WGS:JAJKKE|F5B20DRAFT_mRNA489820		None	None
gene-F5B20DRAFT_578008	rna-gnl|WGS:JAJKKE|F5B20DRAFT_mRNA578008		None	None
gene-F5B20DRAFT_578009	rna-gnl|WGS:JAJKKE|F5B20DRAFT_mRNA578009	PF25484.2	Partial	None
gene-F5B20DRAFT_578010	rna-gnl|WGS:JAJKKE|F5B20DRAFT_mRNA578010	PF00656.28,PF31181.1	Partial	None
gene-F5B20DRAFT_489994	rna-gnl|WGS:JAJKKE|F5B20DRAFT_mRNA489994	PF00397.33	Complete	None
gene-F5B20DRAFT_489995	rna-gnl|WGS:JAJKKE|F5B20DRAFT_mRNA489995	PF00561.27,PF12146.16,PF12697.14	Partial	None
gene-F5B20DRAFT_490017	rna-gnl|WGS:JAJKKE|F5B20DRAFT_mRNA490017		None	None
gene-F5B20DRAFT_490003	rna-gnl|WGS:JAJKKE|F5B20DRAFT_mRNA490003	PF00172.24,PF04082.24,PF29050.1	Complete	None
gene-F5B20DRAFT_578015	rna-gnl|WGS:JAJKKE|F5B20DRAFT_mRNA578015	PF13924.13	Partial	None
gene-F5B20DRAFT_530914	rna-gnl|WGS:JAJKKE|F5B20DRAFT_mRNA530914		None	None
gene-F5B20DRAFT_530916	rna-gnl|WGS:JAJKKE|F5B20DRAFT_mRNA530916		None	None
gene-F5B20DRAFT_597158	rna-gnl|WGS:JAJKKE|F5B20DRAFT_mRNA597158	PF00083.31,PF07690.22	Partial	None
gene-F5B20DRAFT_569050	rna-gnl|WGS:JAJKKE|F5B20DRAFT_mRNA569050	PF00106.32	Partial	None
gene-F5B20DRAFT_490093	rna-gnl|WGS:JAJKKE|F5B20DRAFT_mRNA490093	PF00169.36,PF00620.33	Complete	None
gene-F5B20DRAFT_530925	rna-gnl|WGS:JAJKKE|F5B20DRAFT_mRNA530925		None	None
gene-F5B20DRAFT_530926	rna-gnl|WGS:JAJKKE|F5B20DRAFT_mRNA530926		None	None
gene-F5B20DRAFT_597160	rna-gnl|WGS:JAJKKE|F5B20DRAFT_mRNA597160		None	None
gene-F5B20DRAFT_530929	rna-gnl|WGS:JAJKKE|F5B20DRAFT_mRNA530929	PF00478.32,PF03060.22	Partial	None
gene-F5B20DRAFT_530933	rna-gnl|WGS:JAJKKE|F5B20DRAFT_mRNA530933		None	None
gene-F5B20DRAFT_530939	rna-gnl|WGS:JAJKKE|F5B20DRAFT_mRNA530939	PF01585.29	Partial	None
gene-F5B20DRAFT_530940	rna-gnl|WGS:JAJKKE|F5B20DRAFT_mRNA530940		None	None
gene-F5B20DRAFT_490211	rna-gnl|WGS:JAJKKE|F5B20DRAFT_mRNA490211	PF00176.30,PF00271.38,PF04851.22	Complete	None
gene-F5B20DRAFT_530948	rna-gnl|WGS:JAJKKE|F5B20DRAFT_mRNA530948	PF09446.16	Partial	None
gene-F5B20DRAFT_597166	rna-gnl|WGS:JAJKKE|F5B20DRAFT_mRNA597166	PF10295.15	Partial	None
gene-F5B20DRAFT_578029	rna-gnl|WGS:JAJKKE|F5B20DRAFT_mRNA578029	PF01247.25	Partial	None
gene-F5B20DRAFT_530979	rna-gnl|WGS:JAJKKE|F5B20DRAFT_mRNA530979	PF00479.29,PF02781.22	Partial	None
gene-F5B20DRAFT_530985	rna-gnl|WGS:JAJKKE|F5B20DRAFT_mRNA530985	PF00005.34,PF00005.34,PF00005.34,PF00664.29,PF00664.29	Complete	None
gene-F5B20DRAFT_578032	rna-gnl|WGS:JAJKKE|F5B20DRAFT_mRNA578032		None	None
gene-F5B20DRAFT_530990	rna-gnl|WGS:JAJKKE|F5B20DRAFT_mRNA530990		None	None
gene-F5B20DRAFT_530993	rna-gnl|WGS:JAJKKE|F5B20DRAFT_mRNA530993	PF01593.31,PF13450.13	Partial	None
gene-F5B20DRAFT_530994	rna-gnl|WGS:JAJKKE|F5B20DRAFT_mRNA530994	PF14608.13,PF14608.13,PF14608.13,PF14608.13,PF22683.3	Complete	None
gene-F5B20DRAFT_578035	rna-gnl|WGS:JAJKKE|F5B20DRAFT_mRNA578035	PF00171.28	Partial	None
gene-F5B20DRAFT_578037	rna-gnl|WGS:JAJKKE|F5B20DRAFT_mRNA578037	PF00728.29,PF14845.12	Partial	None
gene-F5B20DRAFT_578038	rna-gnl|WGS:JAJKKE|F5B20DRAFT_mRNA578038	PF00067.28	Partial	None
gene-F5B20DRAFT_491901	rna-gnl|WGS:JAJKKE|F5B20DRAFT_mRNA491901		None	None
gene-F5B20DRAFT_490983	rna-gnl|WGS:JAJKKE|F5B20DRAFT_mRNA490983		None	None
gene-F5B20DRAFT_490852	rna-gnl|WGS:JAJKKE|F5B20DRAFT_mRNA490852	PF00722.29	Partial	None
gene-F5B20DRAFT_569066	rna-gnl|WGS:JAJKKE|F5B20DRAFT_mRNA569066	PF00155.28	Partial	None
gene-F5B20DRAFT_531072	rna-gnl|WGS:JAJKKE|F5B20DRAFT_mRNA531072	PF01028.26,PF02919.21,PF14370.12	Complete	None
gene-F5B20DRAFT_531075	rna-gnl|WGS:JAJKKE|F5B20DRAFT_mRNA531075	PF00231.25	Partial	None
gene-F5B20DRAFT_578046	rna-gnl|WGS:JAJKKE|F5B20DRAFT_mRNA578046	PF01593.31,PF01593.31,PF04433.24,PF09011.17,PF13450.13	Complete	None
gene-F5B20DRAFT_531085	rna-gnl|WGS:JAJKKE|F5B20DRAFT_mRNA531085	PF00995.29	Partial	None
gene-F5B20DRAFT_578048	rna-gnl|WGS:JAJKKE|F5B20DRAFT_mRNA578048	PF00179.32	Partial	None
gene-F5B20DRAFT_492079	rna-gnl|WGS:JAJKKE|F5B20DRAFT_mRNA492079	PF00069.32,PF07714.24	Partial	None
gene-F5B20DRAFT_492197	rna-gnl|WGS:JAJKKE|F5B20DRAFT_mRNA492197		None	None
gene-F5B20DRAFT_569071	rna-gnl|WGS:JAJKKE|F5B20DRAFT_mRNA569071	PF03129.26,PF13393.12	Complete	None
gene-F5B20DRAFT_578052	rna-gnl|WGS:JAJKKE|F5B20DRAFT_mRNA578052	PF23155.2	Partial	None
gene-F5B20DRAFT_492240	rna-gnl|WGS:JAJKKE|F5B20DRAFT_mRNA492240	PF08638.17,PF26204.1	Complete	None
gene-F5B20DRAFT_531099	rna-gnl|WGS:JAJKKE|F5B20DRAFT_mRNA531099	PF00248.28	Partial	None
gene-F5B20DRAFT_597188	rna-gnl|WGS:JAJKKE|F5B20DRAFT_mRNA597188		None	None
gene-F5B20DRAFT_531100	rna-gnl|WGS:JAJKKE|F5B20DRAFT_mRNA531100	PF00122.26,PF00689.27,PF00690.32,PF00702.33,PF13246.13	Complete	None
gene-F5B20DRAFT_492278	rna-gnl|WGS:JAJKKE|F5B20DRAFT_mRNA492278	PF04824.22,PF04825.19	Complete	None
gene-F5B20DRAFT_492289	rna-gnl|WGS:JAJKKE|F5B20DRAFT_mRNA492289	PF06881.17	Partial	None
gene-F5B20DRAFT_531105	rna-gnl|WGS:JAJKKE|F5B20DRAFT_mRNA531105		None	None
gene-F5B20DRAFT_492336	rna-gnl|WGS:JAJKKE|F5B20DRAFT_mRNA492336	PF01145.32	Partial	None
gene-F5B20DRAFT_492331	rna-gnl|WGS:JAJKKE|F5B20DRAFT_mRNA492331	PF00076.29,PF14304.12,PF14327.12	Complete	None
gene-F5B20DRAFT_492410	rna-gnl|WGS:JAJKKE|F5B20DRAFT_mRNA492410	PF01544.24,PF01544.24	Complete	None
gene-F5B20DRAFT_531114	rna-gnl|WGS:JAJKKE|F5B20DRAFT_mRNA531114	PF00642.31	Partial	None
gene-F5B20DRAFT_531116	rna-gnl|WGS:JAJKKE|F5B20DRAFT_mRNA531116	PF01237.24,PF01237.24	Partial	None
gene-F5B20DRAFT_578065	rna-gnl|WGS:JAJKKE|F5B20DRAFT_mRNA578065	PF24586.2,PF24587.2,PF24588.2,PF24589.2	Complete	None
gene-F5B20DRAFT_531123	rna-gnl|WGS:JAJKKE|F5B20DRAFT_mRNA531123	PF03901.24	Partial	None
gene-F5B20DRAFT_492533	rna-gnl|WGS:JAJKKE|F5B20DRAFT_mRNA492533		None	None
gene-F5B20DRAFT_492544	rna-gnl|WGS:JAJKKE|F5B20DRAFT_mRNA492544	PF00443.36,PF13423.13	Partial	None
gene-F5B20DRAFT_578069	rna-gnl|WGS:JAJKKE|F5B20DRAFT_mRNA578069	PF00153.33,PF00153.33,PF00153.33	Complete	None
gene-F5B20DRAFT_492746	rna-gnl|WGS:JAJKKE|F5B20DRAFT_mRNA492746		None	None
gene-F5B20DRAFT_578071	rna-gnl|WGS:JAJKKE|F5B20DRAFT_mRNA578071		None	None
gene-F5B20DRAFT_531147	rna-gnl|WGS:JAJKKE|F5B20DRAFT_mRNA531147	PF09362.16	Partial	None
gene-F5B20DRAFT_531151	rna-gnl|WGS:JAJKKE|F5B20DRAFT_mRNA531151	PF04136.22,PF20671.4	Partial	None
gene-F5B20DRAFT_531154	rna-gnl|WGS:JAJKKE|F5B20DRAFT_mRNA531154	PF00415.25,PF00415.25,PF13540.13	Complete	None
gene-F5B20DRAFT_501865	rna-gnl|WGS:JAJKKE|F5B20DRAFT_mRNA501865	PF09421.16,PF09421.16	Partial	None
gene-F5B20DRAFT_531165	rna-gnl|WGS:JAJKKE|F5B20DRAFT_mRNA531165	PF02996.23	Partial	None
gene-F5B20DRAFT_531168	rna-gnl|WGS:JAJKKE|F5B20DRAFT_mRNA531168	PF00650.26,PF03765.22,PF13716.12	Partial	None
gene-F5B20DRAFT_531173	rna-gnl|WGS:JAJKKE|F5B20DRAFT_mRNA531173	PF08641.18	Partial	None
gene-F5B20DRAFT_531177	rna-gnl|WGS:JAJKKE|F5B20DRAFT_mRNA531177	PF03443.21	Partial	None
gene-F5B20DRAFT_531195	rna-gnl|WGS:JAJKKE|F5B20DRAFT_mRNA531195	PF02102.22,PF14521.13	Partial	None
gene-F5B20DRAFT_531200	rna-gnl|WGS:JAJKKE|F5B20DRAFT_mRNA531200		None	None
gene-F5B20DRAFT_531201	rna-gnl|WGS:JAJKKE|F5B20DRAFT_mRNA531201		None	None
gene-F5B20DRAFT_531203	rna-gnl|WGS:JAJKKE|F5B20DRAFT_mRNA531203	PF00173.34,PF00441.30,PF02770.25,PF02771.22,PF08028.17	Complete	None
gene-F5B20DRAFT_569096	rna-gnl|WGS:JAJKKE|F5B20DRAFT_mRNA569096		None	None
gene-F5B20DRAFT_597417	rna-gnl|WGS:JAJKKE|F5B20DRAFT_mRNA597417		None	None
gene-F5B20DRAFT_578085	rna-gnl|WGS:JAJKKE|F5B20DRAFT_mRNA578085		None	None
gene-F5B20DRAFT_531207	rna-gnl|WGS:JAJKKE|F5B20DRAFT_mRNA531207	PF27653.1	Partial	None
gene-F5B20DRAFT_569098	rna-gnl|WGS:JAJKKE|F5B20DRAFT_mRNA569098	PF02714.21,PF12621.14,PF13967.12,PF14703.13	Complete	None
gene-F5B20DRAFT_569099	rna-gnl|WGS:JAJKKE|F5B20DRAFT_mRNA569099	PF00350.30,PF01031.26	Partial	None
gene-F5B20DRAFT_502569	rna-gnl|WGS:JAJKKE|F5B20DRAFT_mRNA502569	PF00498.32	Complete	None
gene-F5B20DRAFT_578090	rna-gnl|WGS:JAJKKE|F5B20DRAFT_mRNA578090		None	None
gene-F5B20DRAFT_597426	rna-gnl|WGS:JAJKKE|F5B20DRAFT_mRNA597426	PF00067.28	Partial	None
gene-F5B20DRAFT_502662	rna-gnl|WGS:JAJKKE|F5B20DRAFT_mRNA502662	PF28370.1	Partial	None
gene-F5B20DRAFT_502668	rna-gnl|WGS:JAJKKE|F5B20DRAFT_mRNA502668	PF01822.25	Partial	None
gene-F5B20DRAFT_569104	rna-gnl|WGS:JAJKKE|F5B20DRAFT_mRNA569104		None	None
gene-F5B20DRAFT_502862	rna-gnl|WGS:JAJKKE|F5B20DRAFT_mRNA502862		None	None
gene-F5B20DRAFT_531242	rna-gnl|WGS:JAJKKE|F5B20DRAFT_mRNA531242		None	None
gene-F5B20DRAFT_531244	rna-gnl|WGS:JAJKKE|F5B20DRAFT_mRNA531244		None	None
gene-F5B20DRAFT_531246	rna-gnl|WGS:JAJKKE|F5B20DRAFT_mRNA531246		None	None
gene-F5B20DRAFT_502935	rna-gnl|WGS:JAJKKE|F5B20DRAFT_mRNA502935		None	None
gene-F5B20DRAFT_531256	rna-gnl|WGS:JAJKKE|F5B20DRAFT_mRNA531256		None	None
gene-F5B20DRAFT_531259	rna-gnl|WGS:JAJKKE|F5B20DRAFT_mRNA531259	PF01494.26,PF01494.26,PF13450.13,PF30690.1	Partial	None
gene-F5B20DRAFT_531260	rna-gnl|WGS:JAJKKE|F5B20DRAFT_mRNA531260		None	None
gene-F5B20DRAFT_531261	rna-gnl|WGS:JAJKKE|F5B20DRAFT_mRNA531261	PF00171.28	Partial	None
gene-F5B20DRAFT_531265	rna-gnl|WGS:JAJKKE|F5B20DRAFT_mRNA531265		None	None
gene-F5B20DRAFT_578100	rna-gnl|WGS:JAJKKE|F5B20DRAFT_mRNA578100		None	None
gene-F5B20DRAFT_531266	rna-gnl|WGS:JAJKKE|F5B20DRAFT_mRNA531266	PF01370.28,PF04321.24	Partial	None
gene-F5B20DRAFT_531267	rna-gnl|WGS:JAJKKE|F5B20DRAFT_mRNA531267		None	None
gene-F5B20DRAFT_531269	rna-gnl|WGS:JAJKKE|F5B20DRAFT_mRNA531269	PF00324.28,PF13520.13	Partial	None
gene-F5B20DRAFT_t24	gene-F5B20DRAFT_t24		None	None
gene-F5B20DRAFT_578103	rna-gnl|WGS:JAJKKE|F5B20DRAFT_mRNA578103		None	None
gene-F5B20DRAFT_531273	rna-gnl|WGS:JAJKKE|F5B20DRAFT_mRNA531273	PF07519.18	Partial	None
gene-F5B20DRAFT_531274	rna-gnl|WGS:JAJKKE|F5B20DRAFT_mRNA531274	PF02525.23,PF03358.21	Partial	None
gene-F5B20DRAFT_531280	rna-gnl|WGS:JAJKKE|F5B20DRAFT_mRNA531280	PF01370.28	Partial	None
gene-F5B20DRAFT_569113	rna-gnl|WGS:JAJKKE|F5B20DRAFT_mRNA569113	PF04516.21,PF25416.2	Complete	None
gene-F5B20DRAFT_531317	rna-gnl|WGS:JAJKKE|F5B20DRAFT_mRNA531317	PF04172.22	Partial	None
gene-F5B20DRAFT_531322	rna-gnl|WGS:JAJKKE|F5B20DRAFT_mRNA531322		None	None
gene-F5B20DRAFT_531325	rna-gnl|WGS:JAJKKE|F5B20DRAFT_mRNA531325	PF07521.18,PF10996.15,PF13299.12,PF16661.12	Complete	None
gene-F5B20DRAFT_531327	rna-gnl|WGS:JAJKKE|F5B20DRAFT_mRNA531327	PF00626.28,PF04810.21,PF04811.22,PF04815.21,PF08033.18	Complete	None
gene-F5B20DRAFT_503461	rna-gnl|WGS:JAJKKE|F5B20DRAFT_mRNA503461	PF10021.16	Partial	None
gene-F5B20DRAFT_503468	rna-gnl|WGS:JAJKKE|F5B20DRAFT_mRNA503468	PF00152.26	Partial	None
gene-F5B20DRAFT_503693	rna-gnl|WGS:JAJKKE|F5B20DRAFT_mRNA503693	PF09729.16,PF09729.16	Partial	None
gene-F5B20DRAFT_578119	rna-gnl|WGS:JAJKKE|F5B20DRAFT_mRNA578119		None	None
gene-F5B20DRAFT_503802	rna-gnl|WGS:JAJKKE|F5B20DRAFT_mRNA503802	PF03006.27	Partial	None
gene-F5B20DRAFT_503832	rna-gnl|WGS:JAJKKE|F5B20DRAFT_mRNA503832		None	None
gene-F5B20DRAFT_531366	rna-gnl|WGS:JAJKKE|F5B20DRAFT_mRNA531366	PF00538.26	Partial	None
gene-F5B20DRAFT_503922	rna-gnl|WGS:JAJKKE|F5B20DRAFT_mRNA503922		None	None
gene-F5B20DRAFT_531373	rna-gnl|WGS:JAJKKE|F5B20DRAFT_mRNA531373	PF02434.24	Partial	None
gene-F5B20DRAFT_531374	rna-gnl|WGS:JAJKKE|F5B20DRAFT_mRNA531374	PF11374.14	Partial	None
gene-F5B20DRAFT_531375	rna-gnl|WGS:JAJKKE|F5B20DRAFT_mRNA531375	PF02102.22,PF14521.13	Partial	None
gene-F5B20DRAFT_531377	rna-gnl|WGS:JAJKKE|F5B20DRAFT_mRNA531377		None	None
gene-F5B20DRAFT_531380	rna-gnl|WGS:JAJKKE|F5B20DRAFT_mRNA531380	PF20150.5	Partial	None
gene-F5B20DRAFT_531382	rna-gnl|WGS:JAJKKE|F5B20DRAFT_mRNA531382		None	None
gene-F5B20DRAFT_t28	gene-F5B20DRAFT_t28		None	None
gene-F5B20DRAFT_578130	rna-gnl|WGS:JAJKKE|F5B20DRAFT_mRNA578130		None	None
gene-F5B20DRAFT_597438	rna-gnl|WGS:JAJKKE|F5B20DRAFT_mRNA597438	PF01055.33,PF13802.13,PF21365.4	Complete	None
gene-F5B20DRAFT_504064	rna-gnl|WGS:JAJKKE|F5B20DRAFT_mRNA504064		None	None
gene-F5B20DRAFT_531394	rna-gnl|WGS:JAJKKE|F5B20DRAFT_mRNA531394	PF01544.24	Partial	None
gene-F5B20DRAFT_531401	rna-gnl|WGS:JAJKKE|F5B20DRAFT_mRNA531401	PF03572.24,PF23658.2	Complete	None
gene-F5B20DRAFT_531404	rna-gnl|WGS:JAJKKE|F5B20DRAFT_mRNA531404	PF06985.18,PF26639.1	Complete	None
gene-F5B20DRAFT_531406	rna-gnl|WGS:JAJKKE|F5B20DRAFT_mRNA531406	PF07690.22	Partial	None
gene-F5B20DRAFT_597443	rna-gnl|WGS:JAJKKE|F5B20DRAFT_mRNA597443		None	None
gene-F5B20DRAFT_504593	rna-gnl|WGS:JAJKKE|F5B20DRAFT_mRNA504593	PF00083.31,PF07690.22	Partial	None
gene-F5B20DRAFT_569133	rna-gnl|WGS:JAJKKE|F5B20DRAFT_mRNA569133	PF00083.31,PF06609.19,PF07690.22	Partial	None
gene-F5B20DRAFT_504221	rna-gnl|WGS:JAJKKE|F5B20DRAFT_mRNA504221	PF04616.21	Partial	None
gene-F5B20DRAFT_597450	rna-gnl|WGS:JAJKKE|F5B20DRAFT_mRNA597450		None	None
gene-F5B20DRAFT_531487	rna-gnl|WGS:JAJKKE|F5B20DRAFT_mRNA531487	PF00106.32,PF01370.28,PF08659.17,PF13561.13	Partial	None
gene-F5B20DRAFT_504834	rna-gnl|WGS:JAJKKE|F5B20DRAFT_mRNA504834	PF01237.24	Partial	None
gene-F5B20DRAFT_531494	rna-gnl|WGS:JAJKKE|F5B20DRAFT_mRNA531494		None	None
gene-F5B20DRAFT_531495	rna-gnl|WGS:JAJKKE|F5B20DRAFT_mRNA531495		None	None
gene-F5B20DRAFT_569137	rna-gnl|WGS:JAJKKE|F5B20DRAFT_mRNA569137		None	None
gene-F5B20DRAFT_578148	rna-gnl|WGS:JAJKKE|F5B20DRAFT_mRNA578148	PF00150.25	Partial	None
gene-F5B20DRAFT_531513	rna-gnl|WGS:JAJKKE|F5B20DRAFT_mRNA531513	PF00753.34	Partial	None
gene-F5B20DRAFT_531515	rna-gnl|WGS:JAJKKE|F5B20DRAFT_mRNA531515		None	None
gene-F5B20DRAFT_531516	rna-gnl|WGS:JAJKKE|F5B20DRAFT_mRNA531516	PF00710.26,PF17763.7	Complete	None
gene-F5B20DRAFT_569141	rna-gnl|WGS:JAJKKE|F5B20DRAFT_mRNA569141	PF00012.27	Partial	None
gene-F5B20DRAFT_531518	rna-gnl|WGS:JAJKKE|F5B20DRAFT_mRNA531518		None	None
gene-F5B20DRAFT_597452	rna-gnl|WGS:JAJKKE|F5B20DRAFT_mRNA597452		None	None
gene-F5B20DRAFT_531521	rna-gnl|WGS:JAJKKE|F5B20DRAFT_mRNA531521		None	None
gene-F5B20DRAFT_531522	rna-gnl|WGS:JAJKKE|F5B20DRAFT_mRNA531522	PF00106.32,PF13561.13	Partial	None
gene-F5B20DRAFT_531524	rna-gnl|WGS:JAJKKE|F5B20DRAFT_mRNA531524		None	None
gene-F5B20DRAFT_531525	rna-gnl|WGS:JAJKKE|F5B20DRAFT_mRNA531525		None	None
gene-F5B20DRAFT_578158	rna-gnl|WGS:JAJKKE|F5B20DRAFT_mRNA578158		None	None
gene-F5B20DRAFT_569152	rna-gnl|WGS:JAJKKE|F5B20DRAFT_mRNA569152	PF00067.28	Partial	None
gene-F5B20DRAFT_578160	rna-gnl|WGS:JAJKKE|F5B20DRAFT_mRNA578160	PF00264.26	Partial	None
gene-F5B20DRAFT_531545	rna-gnl|WGS:JAJKKE|F5B20DRAFT_mRNA531545	PF00982.28	Partial	None
gene-F5B20DRAFT_531548	rna-gnl|WGS:JAJKKE|F5B20DRAFT_mRNA531548	PF00144.30,PF26335.1	Complete	None
gene-F5B20DRAFT_531551	rna-gnl|WGS:JAJKKE|F5B20DRAFT_mRNA531551	PF08553.17,PF17747.8,PF17748.8	Complete	None
gene-F5B20DRAFT_531552	rna-gnl|WGS:JAJKKE|F5B20DRAFT_mRNA531552	PF13191.13,PF24913.2	Complete	None
gene-F5B20DRAFT_597462	rna-gnl|WGS:JAJKKE|F5B20DRAFT_mRNA597462		None	None
gene-F5B20DRAFT_505368	rna-gnl|WGS:JAJKKE|F5B20DRAFT_mRNA505368		None	None
gene-F5B20DRAFT_531557	rna-gnl|WGS:JAJKKE|F5B20DRAFT_mRNA531557		None	None
gene-F5B20DRAFT_578168	rna-gnl|WGS:JAJKKE|F5B20DRAFT_mRNA578168	PF00096.33	Complete	None
gene-F5B20DRAFT_531559	rna-gnl|WGS:JAJKKE|F5B20DRAFT_mRNA531559	PF01979.27,PF07969.18	Partial	None
gene-F5B20DRAFT_531560	rna-gnl|WGS:JAJKKE|F5B20DRAFT_mRNA531560	PF06985.18	Partial	None
gene-F5B20DRAFT_t25	gene-F5B20DRAFT_t25		None	None
gene-F5B20DRAFT_505452	rna-gnl|WGS:JAJKKE|F5B20DRAFT_mRNA505452	PF00067.28	Partial	None
gene-F5B20DRAFT_531569	rna-gnl|WGS:JAJKKE|F5B20DRAFT_mRNA531569	PF02551.22,PF13622.13,PF20789.4	Partial	None
gene-F5B20DRAFT_531572	rna-gnl|WGS:JAJKKE|F5B20DRAFT_mRNA531572	PF00249.38,PF13921.13	Complete	None
gene-F5B20DRAFT_505469	rna-gnl|WGS:JAJKKE|F5B20DRAFT_mRNA505469	PF00107.33,PF13602.13,PF16884.11	Partial	None
gene-F5B20DRAFT_597472	rna-gnl|WGS:JAJKKE|F5B20DRAFT_mRNA597472	PF20183.4	Complete	None
gene-F5B20DRAFT_531577	rna-gnl|WGS:JAJKKE|F5B20DRAFT_mRNA531577		None	None
gene-F5B20DRAFT_505518	rna-gnl|WGS:JAJKKE|F5B20DRAFT_mRNA505518	PF00067.28	Partial	None
gene-F5B20DRAFT_578179	rna-gnl|WGS:JAJKKE|F5B20DRAFT_mRNA578179	PF29465.1	Partial	None
gene-F5B20DRAFT_531599	rna-gnl|WGS:JAJKKE|F5B20DRAFT_mRNA531599	PF00348.23	Partial	None
gene-F5B20DRAFT_505539	rna-gnl|WGS:JAJKKE|F5B20DRAFT_mRNA505539	PF11712.14	Partial	None
gene-F5B20DRAFT_505543	rna-gnl|WGS:JAJKKE|F5B20DRAFT_mRNA505543	PF13878.13	Complete	None
gene-F5B20DRAFT_531606	rna-gnl|WGS:JAJKKE|F5B20DRAFT_mRNA531606	PF00023.37	Partial	None
gene-F5B20DRAFT_569160	rna-gnl|WGS:JAJKKE|F5B20DRAFT_mRNA569160	PF00082.28,PF05922.22	Partial	None
gene-F5B20DRAFT_578185	rna-gnl|WGS:JAJKKE|F5B20DRAFT_mRNA578185		None	None
gene-F5B20DRAFT_597479	rna-gnl|WGS:JAJKKE|F5B20DRAFT_mRNA597479		None	None
gene-F5B20DRAFT_531621	rna-gnl|WGS:JAJKKE|F5B20DRAFT_mRNA531621	PF17784.8	Partial	None
gene-F5B20DRAFT_578192	rna-gnl|WGS:JAJKKE|F5B20DRAFT_mRNA578192	PF00069.32	Partial	None
gene-F5B20DRAFT_531622	rna-gnl|WGS:JAJKKE|F5B20DRAFT_mRNA531622	PF00732.26,PF05199.20,PF13450.13	Complete	None
gene-F5B20DRAFT_578194	rna-gnl|WGS:JAJKKE|F5B20DRAFT_mRNA578194	PF00703.28,PF02836.24,PF02837.25,PF02929.24,PF16353.12,PF22666.3	Complete	None
gene-F5B20DRAFT_531636	rna-gnl|WGS:JAJKKE|F5B20DRAFT_mRNA531636	PF00172.24,PF04082.24	Partial	None
gene-F5B20DRAFT_597485	rna-gnl|WGS:JAJKKE|F5B20DRAFT_mRNA597485	PF11696.14	Partial	None
gene-F5B20DRAFT_505814	rna-gnl|WGS:JAJKKE|F5B20DRAFT_mRNA505814	PF20511.5	Partial	None
gene-F5B20DRAFT_597489	rna-gnl|WGS:JAJKKE|F5B20DRAFT_mRNA597489	PF00657.29,PF13472.13	Partial	None
gene-F5B20DRAFT_597495	rna-gnl|WGS:JAJKKE|F5B20DRAFT_mRNA597495	PF30971.1,PF30972.1	Complete	None
gene-F5B20DRAFT_505838	rna-gnl|WGS:JAJKKE|F5B20DRAFT_mRNA505838	PF02133.22	Partial	None
gene-F5B20DRAFT_506052	rna-gnl|WGS:JAJKKE|F5B20DRAFT_mRNA506052	PF00890.31,PF01266.31	Partial	None
gene-F5B20DRAFT_506055	rna-gnl|WGS:JAJKKE|F5B20DRAFT_mRNA506055	PF19189.7	Complete	None
gene-F5B20DRAFT_531673	rna-gnl|WGS:JAJKKE|F5B20DRAFT_mRNA531673	PF00400.39,PF00400.39,PF00400.39	Complete	None
gene-F5B20DRAFT_578204	rna-gnl|WGS:JAJKKE|F5B20DRAFT_mRNA578204		None	None
gene-F5B20DRAFT_506107	rna-gnl|WGS:JAJKKE|F5B20DRAFT_mRNA506107		None	None
gene-F5B20DRAFT_597500	rna-gnl|WGS:JAJKKE|F5B20DRAFT_mRNA597500	PF25139.2	Partial	None
gene-F5B20DRAFT_578207	rna-gnl|WGS:JAJKKE|F5B20DRAFT_mRNA578207		None	None
gene-F5B20DRAFT_569170	rna-gnl|WGS:JAJKKE|F5B20DRAFT_mRNA569170	PF06733.22,PF13307.13	Complete	None
gene-F5B20DRAFT_569171	rna-gnl|WGS:JAJKKE|F5B20DRAFT_mRNA569171	PF00828.26	Partial	None
gene-F5B20DRAFT_506216	rna-gnl|WGS:JAJKKE|F5B20DRAFT_mRNA506216	PF00169.36,PF02893.27,PF02893.27,PF03033.27,PF06722.19	Complete	None
gene-F5B20DRAFT_531692	rna-gnl|WGS:JAJKKE|F5B20DRAFT_mRNA531692	PF03031.25	Partial	None
gene-F5B20DRAFT_506301	rna-gnl|WGS:JAJKKE|F5B20DRAFT_mRNA506301		None	None
gene-F5B20DRAFT_506302	rna-gnl|WGS:JAJKKE|F5B20DRAFT_mRNA506302	PF06212.18	Partial	None
gene-F5B20DRAFT_578213	rna-gnl|WGS:JAJKKE|F5B20DRAFT_mRNA578213	PF00026.29	Partial	None
gene-F5B20DRAFT_506326	rna-gnl|WGS:JAJKKE|F5B20DRAFT_mRNA506326	PF12717.14,PF12922.14	Complete	None
gene-F5B20DRAFT_597506	rna-gnl|WGS:JAJKKE|F5B20DRAFT_mRNA597506	PF00069.32,PF00069.32,PF07714.24	Partial	None
gene-F5B20DRAFT_597509	rna-gnl|WGS:JAJKKE|F5B20DRAFT_mRNA597509		None	None
gene-F5B20DRAFT_t26	gene-F5B20DRAFT_t26		None	None
gene-F5B20DRAFT_531704	rna-gnl|WGS:JAJKKE|F5B20DRAFT_mRNA531704	PF00106.32,PF08659.17,PF13561.13	Partial	None
gene-F5B20DRAFT_531706	rna-gnl|WGS:JAJKKE|F5B20DRAFT_mRNA531706	PF03443.21	Partial	None
gene-F5B20DRAFT_578219	rna-gnl|WGS:JAJKKE|F5B20DRAFT_mRNA578219	PF13532.13	Partial	None
gene-F5B20DRAFT_506490	rna-gnl|WGS:JAJKKE|F5B20DRAFT_mRNA506490	PF00172.24,PF04082.24	Partial	None
gene-F5B20DRAFT_597513	rna-gnl|WGS:JAJKKE|F5B20DRAFT_mRNA597513	PF07690.22	Partial	None
gene-F5B20DRAFT_569179	rna-gnl|WGS:JAJKKE|F5B20DRAFT_mRNA569179	PF00642.31,PF00642.31,PF14608.13,PF14608.13	Complete	None
gene-F5B20DRAFT_506903	rna-gnl|WGS:JAJKKE|F5B20DRAFT_mRNA506903		None	None
gene-F5B20DRAFT_507129	rna-gnl|WGS:JAJKKE|F5B20DRAFT_mRNA507129	PF01370.28,PF05368.20,PF13460.13	Partial	None
gene-F5B20DRAFT_507264	rna-gnl|WGS:JAJKKE|F5B20DRAFT_mRNA507264		None	None
gene-F5B20DRAFT_531735	rna-gnl|WGS:JAJKKE|F5B20DRAFT_mRNA531735	PF00550.32	Partial	None
gene-F5B20DRAFT_569190	rna-gnl|WGS:JAJKKE|F5B20DRAFT_mRNA569190	PF00037.33,PF00037.33,PF12838.13,PF13187.12	Complete	None
gene-F5B20DRAFT_578228	rna-gnl|WGS:JAJKKE|F5B20DRAFT_mRNA578228	PF06912.17	Partial	None
gene-F5B20DRAFT_507306	rna-gnl|WGS:JAJKKE|F5B20DRAFT_mRNA507306	PF01135.26,PF01135.26,PF01135.26	Partial	None
gene-F5B20DRAFT_507318	rna-gnl|WGS:JAJKKE|F5B20DRAFT_mRNA507318	PF10176.15	Partial	None
gene-F5B20DRAFT_507330	rna-gnl|WGS:JAJKKE|F5B20DRAFT_mRNA507330	PF20180.5	Partial	None
gene-F5B20DRAFT_531752	rna-gnl|WGS:JAJKKE|F5B20DRAFT_mRNA531752	PF00153.33,PF00153.33,PF00153.33	Complete	None
gene-F5B20DRAFT_507358	rna-gnl|WGS:JAJKKE|F5B20DRAFT_mRNA507358		None	None
gene-F5B20DRAFT_531755	rna-gnl|WGS:JAJKKE|F5B20DRAFT_mRNA531755		None	None
gene-F5B20DRAFT_507385	rna-gnl|WGS:JAJKKE|F5B20DRAFT_mRNA507385	PF00743.26,PF13434.13,PF13450.13,PF13738.13	Partial	None
gene-F5B20DRAFT_578236	rna-gnl|WGS:JAJKKE|F5B20DRAFT_mRNA578236	PF20684.4	Partial	None
gene-F5B20DRAFT_597531	rna-gnl|WGS:JAJKKE|F5B20DRAFT_mRNA597531	PF03435.25,PF05368.20,PF13460.13	Partial	None
gene-F5B20DRAFT_507531	rna-gnl|WGS:JAJKKE|F5B20DRAFT_mRNA507531	PF00067.28	Partial	None
gene-F5B20DRAFT_569186	rna-gnl|WGS:JAJKKE|F5B20DRAFT_mRNA569186	PF00085.27	Partial	None
gene-F5B20DRAFT_531796	rna-gnl|WGS:JAJKKE|F5B20DRAFT_mRNA531796	PF10252.15	Partial	None
gene-F5B20DRAFT_507664	rna-gnl|WGS:JAJKKE|F5B20DRAFT_mRNA507664	PF28122.1	Partial	None
gene-F5B20DRAFT_578243	rna-gnl|WGS:JAJKKE|F5B20DRAFT_mRNA578243	PF00009.34,PF01926.30,PF11987.14,PF22042.3	Complete	None
gene-F5B20DRAFT_507627	rna-gnl|WGS:JAJKKE|F5B20DRAFT_mRNA507627	PF00790.26,PF02883.27,PF03127.20,PF18308.7	Complete	None
gene-F5B20DRAFT_531802	rna-gnl|WGS:JAJKKE|F5B20DRAFT_mRNA531802	PF04034.19,PF04068.21	Partial	None
gene-F5B20DRAFT_507714	rna-gnl|WGS:JAJKKE|F5B20DRAFT_mRNA507714	PF00646.39	Partial	None
gene-F5B20DRAFT_531821	rna-gnl|WGS:JAJKKE|F5B20DRAFT_mRNA531821	PF01965.31,PF17124.12	Partial	None
gene-F5B20DRAFT_578248	rna-gnl|WGS:JAJKKE|F5B20DRAFT_mRNA578248		None	None
gene-F5B20DRAFT_578249	rna-gnl|WGS:JAJKKE|F5B20DRAFT_mRNA578249	PF01120.24	Partial	None
gene-F5B20DRAFT_531826	rna-gnl|WGS:JAJKKE|F5B20DRAFT_mRNA531826	PF09362.16	Partial	None
gene-F5B20DRAFT_531829	rna-gnl|WGS:JAJKKE|F5B20DRAFT_mRNA531829	PF16010.11	Partial	None
gene-F5B20DRAFT_507926	rna-gnl|WGS:JAJKKE|F5B20DRAFT_mRNA507926	PF07690.22	Partial	None
gene-F5B20DRAFT_578253	rna-gnl|WGS:JAJKKE|F5B20DRAFT_mRNA578253	PF09792.15,PF22799.3	Complete	None
gene-F5B20DRAFT_597545	rna-gnl|WGS:JAJKKE|F5B20DRAFT_mRNA597545	PF00999.27	Partial	None
gene-F5B20DRAFT_578255	rna-gnl|WGS:JAJKKE|F5B20DRAFT_mRNA578255		None	None
gene-F5B20DRAFT_578256	rna-gnl|WGS:JAJKKE|F5B20DRAFT_mRNA578256		None	None
gene-F5B20DRAFT_597549	rna-gnl|WGS:JAJKKE|F5B20DRAFT_mRNA597549	PF03443.21	Partial	None
gene-F5B20DRAFT_597550	rna-gnl|WGS:JAJKKE|F5B20DRAFT_mRNA597550	PF01565.29,PF08031.18	Complete	None
gene-F5B20DRAFT_508128	rna-gnl|WGS:JAJKKE|F5B20DRAFT_mRNA508128		None	None
gene-F5B20DRAFT_508235	rna-gnl|WGS:JAJKKE|F5B20DRAFT_mRNA508235		None	None
gene-F5B20DRAFT_508310	rna-gnl|WGS:JAJKKE|F5B20DRAFT_mRNA508310	PF07690.22	Partial	None
gene-F5B20DRAFT_508318	rna-gnl|WGS:JAJKKE|F5B20DRAFT_mRNA508318		None	None
gene-F5B20DRAFT_578263	rna-gnl|WGS:JAJKKE|F5B20DRAFT_mRNA578263	PF23664.2,PF23664.2,PF24097.2,PF24312.2,PF24312.2,PF24312.2,PF24519.2,PF24527.2	Complete	None
gene-F5B20DRAFT_578264	rna-gnl|WGS:JAJKKE|F5B20DRAFT_mRNA578264	PF01088.28	Partial	None
gene-F5B20DRAFT_531885	rna-gnl|WGS:JAJKKE|F5B20DRAFT_mRNA531885	PF01066.27	Partial	None
gene-F5B20DRAFT_508609	rna-gnl|WGS:JAJKKE|F5B20DRAFT_mRNA508609	PF01419.23,PF12044.15	Complete	None
gene-F5B20DRAFT_531922	rna-gnl|WGS:JAJKKE|F5B20DRAFT_mRNA531922		None	None
gene-F5B20DRAFT_578268	rna-gnl|WGS:JAJKKE|F5B20DRAFT_mRNA578268		None	None
gene-F5B20DRAFT_508704	rna-gnl|WGS:JAJKKE|F5B20DRAFT_mRNA508704	PF00172.24,PF04082.24	Partial	None
gene-F5B20DRAFT_597554	rna-gnl|WGS:JAJKKE|F5B20DRAFT_mRNA597554	PF00005.34,PF00005.34,PF01061.30,PF01061.30,PF06422.19,PF06422.19,PF19055.7	Complete	None
gene-F5B20DRAFT_508791	rna-gnl|WGS:JAJKKE|F5B20DRAFT_mRNA508791	PF00891.25	Partial	None
gene-F5B20DRAFT_578272	rna-gnl|WGS:JAJKKE|F5B20DRAFT_mRNA578272	PF00109.33,PF00550.32,PF00550.32,PF00698.27,PF00975.27,PF02801.29,PF16073.11,PF22621.3	Complete	None
gene-F5B20DRAFT_569205	rna-gnl|WGS:JAJKKE|F5B20DRAFT_mRNA569205		None	None
gene-F5B20DRAFT_531949	rna-gnl|WGS:JAJKKE|F5B20DRAFT_mRNA531949	PF00172.24	Partial	None
gene-F5B20DRAFT_531952	rna-gnl|WGS:JAJKKE|F5B20DRAFT_mRNA531952		None	None
gene-F5B20DRAFT_569207	rna-gnl|WGS:JAJKKE|F5B20DRAFT_mRNA569207		None	None
gene-F5B20DRAFT_509268	rna-gnl|WGS:JAJKKE|F5B20DRAFT_mRNA509268	PF00656.28,PF31181.1	Partial	None
gene-F5B20DRAFT_578277	rna-gnl|WGS:JAJKKE|F5B20DRAFT_mRNA578277	PF00004.36,PF22942.2	Complete	None
gene-F5B20DRAFT_531966	rna-gnl|WGS:JAJKKE|F5B20DRAFT_mRNA531966	PF00646.39,PF08755.17,PF12937.13,PF13369.13	Complete	None
gene-F5B20DRAFT_597557	rna-gnl|WGS:JAJKKE|F5B20DRAFT_mRNA597557	PF03813.22,PF17403.8,PF17404.8,PF17405.9,PF17406.8,PF17407.8	Complete	None
gene-F5B20DRAFT_509342	rna-gnl|WGS:JAJKKE|F5B20DRAFT_mRNA509342	PF01144.30,PF01144.30	Partial	None
gene-F5B20DRAFT_597563	rna-gnl|WGS:JAJKKE|F5B20DRAFT_mRNA597563		None	None
gene-F5B20DRAFT_509363	rna-gnl|WGS:JAJKKE|F5B20DRAFT_mRNA509363		None	None
gene-F5B20DRAFT_569213	rna-gnl|WGS:JAJKKE|F5B20DRAFT_mRNA569213	PF00172.24,PF11951.14	Partial	None
gene-F5B20DRAFT_531995	rna-gnl|WGS:JAJKKE|F5B20DRAFT_mRNA531995		None	None
gene-F5B20DRAFT_509650	rna-gnl|WGS:JAJKKE|F5B20DRAFT_mRNA509650	PF00732.26,PF05199.20,PF05834.19,PF13450.13	Complete	None
gene-F5B20DRAFT_532003	rna-gnl|WGS:JAJKKE|F5B20DRAFT_mRNA532003	PF00626.28,PF04810.21,PF04811.22,PF04815.21,PF08033.18	Complete	None
gene-F5B20DRAFT_597581	rna-gnl|WGS:JAJKKE|F5B20DRAFT_mRNA597581	PF00069.32,PF07714.24	Partial	None
gene-F5B20DRAFT_509955	rna-gnl|WGS:JAJKKE|F5B20DRAFT_mRNA509955	PF07534.23,PF07534.23	Complete	None
gene-F5B20DRAFT_578290	rna-gnl|WGS:JAJKKE|F5B20DRAFT_mRNA578290	PF02602.21	Partial	None
gene-F5B20DRAFT_578291	rna-gnl|WGS:JAJKKE|F5B20DRAFT_mRNA578291	PF04777.19	Partial	None
gene-F5B20DRAFT_509820	rna-gnl|WGS:JAJKKE|F5B20DRAFT_mRNA509820	PF00205.29,PF02775.27,PF02776.24	Complete	None
gene-F5B20DRAFT_578293	rna-gnl|WGS:JAJKKE|F5B20DRAFT_mRNA578293		None	None
gene-F5B20DRAFT_569218	rna-gnl|WGS:JAJKKE|F5B20DRAFT_mRNA569218		None	None
gene-F5B20DRAFT_510150	rna-gnl|WGS:JAJKKE|F5B20DRAFT_mRNA510150	PF04410.21	Partial	None
gene-F5B20DRAFT_578296	rna-gnl|WGS:JAJKKE|F5B20DRAFT_mRNA578296		None	None
gene-F5B20DRAFT_532039	rna-gnl|WGS:JAJKKE|F5B20DRAFT_mRNA532039	PF00169.36,PF20399.5,PF20400.4	Complete	None
gene-F5B20DRAFT_510231	rna-gnl|WGS:JAJKKE|F5B20DRAFT_mRNA510231	PF09431.16	Partial	None
gene-F5B20DRAFT_532045	rna-gnl|WGS:JAJKKE|F5B20DRAFT_mRNA532045	PF03810.26,PF08389.19,PF19273.6	Partial	None
gene-F5B20DRAFT_532048	rna-gnl|WGS:JAJKKE|F5B20DRAFT_mRNA532048	PF01231.24	Partial	None
gene-F5B20DRAFT_597615	rna-gnl|WGS:JAJKKE|F5B20DRAFT_mRNA597615		None	None
gene-F5B20DRAFT_578302	rna-gnl|WGS:JAJKKE|F5B20DRAFT_mRNA578302	PF00067.28	Partial	None
gene-F5B20DRAFT_578303	rna-gnl|WGS:JAJKKE|F5B20DRAFT_mRNA578303	PF02926.23	Complete	None
gene-F5B20DRAFT_510412	rna-gnl|WGS:JAJKKE|F5B20DRAFT_mRNA510412	PF02450.22	Partial	None
gene-F5B20DRAFT_578305	rna-gnl|WGS:JAJKKE|F5B20DRAFT_mRNA578305	PF00583.32,PF08445.17,PF13302.14,PF13508.14,PF13673.14	Partial	None
gene-F5B20DRAFT_510458	rna-gnl|WGS:JAJKKE|F5B20DRAFT_mRNA510458	PF08939.16	Partial	None
gene-F5B20DRAFT_532065	rna-gnl|WGS:JAJKKE|F5B20DRAFT_mRNA532065		None	None
gene-F5B20DRAFT_532067	rna-gnl|WGS:JAJKKE|F5B20DRAFT_mRNA532067		None	None
gene-F5B20DRAFT_578309	rna-gnl|WGS:JAJKKE|F5B20DRAFT_mRNA578309	PF12224.14	Partial	None
gene-F5B20DRAFT_510533	rna-gnl|WGS:JAJKKE|F5B20DRAFT_mRNA510533		None	None
gene-F5B20DRAFT_569224	rna-gnl|WGS:JAJKKE|F5B20DRAFT_mRNA569224	PF06419.18,PF20653.4	Partial	None
gene-F5B20DRAFT_532071	rna-gnl|WGS:JAJKKE|F5B20DRAFT_mRNA532071	PF04109.22	Partial	None
gene-F5B20DRAFT_532073	rna-gnl|WGS:JAJKKE|F5B20DRAFT_mRNA532073		None	None
gene-F5B20DRAFT_510624	rna-gnl|WGS:JAJKKE|F5B20DRAFT_mRNA510624	PF00153.33,PF00153.33,PF00153.33	Complete	None
gene-F5B20DRAFT_510731	rna-gnl|WGS:JAJKKE|F5B20DRAFT_mRNA510731		None	None
gene-F5B20DRAFT_532086	rna-gnl|WGS:JAJKKE|F5B20DRAFT_mRNA532086	PF00226.37,PF13174.13,PF13181.13	Complete	None
gene-F5B20DRAFT_510790	rna-gnl|WGS:JAJKKE|F5B20DRAFT_mRNA510790	PF25762.2	Partial	None
gene-F5B20DRAFT_510827	rna-gnl|WGS:JAJKKE|F5B20DRAFT_mRNA510827	PF02985.29,PF11916.14,PF12755.14	Complete	None
gene-F5B20DRAFT_510843	rna-gnl|WGS:JAJKKE|F5B20DRAFT_mRNA510843		None	None
gene-F5B20DRAFT_510847	rna-gnl|WGS:JAJKKE|F5B20DRAFT_mRNA510847	PF00173.34,PF00487.31	Partial	None
gene-F5B20DRAFT_510916	rna-gnl|WGS:JAJKKE|F5B20DRAFT_mRNA510916		None	None
gene-F5B20DRAFT_510913	rna-gnl|WGS:JAJKKE|F5B20DRAFT_mRNA510913	PF03587.20	Partial	None
gene-F5B20DRAFT_510985	rna-gnl|WGS:JAJKKE|F5B20DRAFT_mRNA510985		None	None
gene-F5B20DRAFT_t27	gene-F5B20DRAFT_t27		None	None
gene-F5B20DRAFT_532104	rna-gnl|WGS:JAJKKE|F5B20DRAFT_mRNA532104	PF00366.27	Partial	None
gene-F5B20DRAFT_532106	rna-gnl|WGS:JAJKKE|F5B20DRAFT_mRNA532106	PF00004.36,PF09336.17,PF17862.8	Complete	None
gene-F5B20DRAFT_532107	rna-gnl|WGS:JAJKKE|F5B20DRAFT_mRNA532107	PF07093.17	Partial	None
gene-F5B20DRAFT_511026	rna-gnl|WGS:JAJKKE|F5B20DRAFT_mRNA511026	PF02463.26,PF13175.13,PF13476.13	Partial	None
gene-F5B20DRAFT_511038	rna-gnl|WGS:JAJKKE|F5B20DRAFT_mRNA511038	PF08511.17	Complete	None
gene-F5B20DRAFT_578328	rna-gnl|WGS:JAJKKE|F5B20DRAFT_mRNA578328	PF00076.29,PF00076.29,PF00076.29	Complete	None
gene-F5B20DRAFT_578329	rna-gnl|WGS:JAJKKE|F5B20DRAFT_mRNA578329		None	None
gene-F5B20DRAFT_511578	rna-gnl|WGS:JAJKKE|F5B20DRAFT_mRNA511578	PF02290.21	Partial	None
gene-F5B20DRAFT_532145	rna-gnl|WGS:JAJKKE|F5B20DRAFT_mRNA532145	PF02847.24,PF02854.26	Complete	None
gene-F5B20DRAFT_532146	rna-gnl|WGS:JAJKKE|F5B20DRAFT_mRNA532146	PF00070.34,PF00890.31,PF01134.29,PF02852.29,PF07992.21,PF12831.14,PF13450.13	Complete	None
gene-F5B20DRAFT_532148	rna-gnl|WGS:JAJKKE|F5B20DRAFT_mRNA532148	PF01053.27,PF30496.1	Partial	None
gene-F5B20DRAFT_512433	rna-gnl|WGS:JAJKKE|F5B20DRAFT_mRNA512433		None	None
gene-F5B20DRAFT_512417	rna-gnl|WGS:JAJKKE|F5B20DRAFT_mRNA512417	PF00097.32,PF03105.25,PF13445.13,PF13920.13	Complete	None
gene-F5B20DRAFT_578336	rna-gnl|WGS:JAJKKE|F5B20DRAFT_mRNA578336	PF00226.37,PF12171.15,PF12756.14,PF12874.14,PF21884.3	Complete	None
gene-F5B20DRAFT_512460	rna-gnl|WGS:JAJKKE|F5B20DRAFT_mRNA512460	PF03416.26	Partial	None
gene-F5B20DRAFT_532157	rna-gnl|WGS:JAJKKE|F5B20DRAFT_mRNA532157	PF01424.29,PF01585.29	Complete	None
gene-F5B20DRAFT_532160	rna-gnl|WGS:JAJKKE|F5B20DRAFT_mRNA532160	PF00125.31,PF00808.30	Partial	None
gene-F5B20DRAFT_512599	rna-gnl|WGS:JAJKKE|F5B20DRAFT_mRNA512599	PF00125.31,PF00808.30,PF16211.11	Complete	None
gene-F5B20DRAFT_512561	rna-gnl|WGS:JAJKKE|F5B20DRAFT_mRNA512561		None	None
gene-F5B20DRAFT_532172	rna-gnl|WGS:JAJKKE|F5B20DRAFT_mRNA532172	PF00198.29,PF00364.29	Partial	None
gene-F5B20DRAFT_597631	rna-gnl|WGS:JAJKKE|F5B20DRAFT_mRNA597631		None	None
gene-F5B20DRAFT_532175	rna-gnl|WGS:JAJKKE|F5B20DRAFT_mRNA532175	PF00067.28	Partial	None
gene-F5B20DRAFT_578346	rna-gnl|WGS:JAJKKE|F5B20DRAFT_mRNA578346	PF11991.14	Partial	None
gene-F5B20DRAFT_587782	rna-gnl|WGS:JAJKKE|F5B20DRAFT_mRNA587782	PF00067.28	Partial	None
gene-F5B20DRAFT_569245	rna-gnl|WGS:JAJKKE|F5B20DRAFT_mRNA569245	PF00070.34,PF01494.26,PF13450.13	Partial	None
gene-F5B20DRAFT_587788	rna-gnl|WGS:JAJKKE|F5B20DRAFT_mRNA587788	PF25129.2	Partial	None
gene-F5B20DRAFT_587790	rna-gnl|WGS:JAJKKE|F5B20DRAFT_mRNA587790	PF00067.28	Partial	None
gene-F5B20DRAFT_587793	rna-gnl|WGS:JAJKKE|F5B20DRAFT_mRNA587793	PF00109.33,PF00550.32,PF00550.32,PF00698.27,PF00975.27,PF02801.29,PF16073.11,PF21089.4,PF22336.3,PF22621.3	Complete	None
gene-F5B20DRAFT_23537	rna-gnl|WGS:JAJKKE|F5B20DRAFT_mRNA23537	PF00172.24,PF04082.24	Partial	None
gene-F5B20DRAFT_23545	rna-gnl|WGS:JAJKKE|F5B20DRAFT_mRNA23545	PF02525.23,PF03358.21	Partial	None
gene-F5B20DRAFT_587795	rna-gnl|WGS:JAJKKE|F5B20DRAFT_mRNA587795	PF07690.22	Partial	None
gene-F5B20DRAFT_569250	rna-gnl|WGS:JAJKKE|F5B20DRAFT_mRNA569250	PF00890.31,PF01266.31,PF01494.26,PF13450.13	Partial	None
gene-F5B20DRAFT_569251	rna-gnl|WGS:JAJKKE|F5B20DRAFT_mRNA569251	PF00394.29,PF07731.21,PF07732.22	Complete	None
gene-F5B20DRAFT_23749	rna-gnl|WGS:JAJKKE|F5B20DRAFT_mRNA23749	PF07883.18	Partial	None
gene-F5B20DRAFT_23742	rna-gnl|WGS:JAJKKE|F5B20DRAFT_mRNA23742	PF00043.31,PF02798.27,PF13409.13,PF13410.12,PF13417.13,PF14497.12	Complete	None
gene-F5B20DRAFT_532210	rna-gnl|WGS:JAJKKE|F5B20DRAFT_mRNA532210	PF00107.33,PF08240.18,PF13602.13	Partial	None
gene-F5B20DRAFT_23764	rna-gnl|WGS:JAJKKE|F5B20DRAFT_mRNA23764	PF00501.35,PF00550.32,PF01370.28,PF07993.19,PF23562.3	Complete	None
gene-F5B20DRAFT_23769	rna-gnl|WGS:JAJKKE|F5B20DRAFT_mRNA23769	PF00096.33,PF00096.33	Complete	None
gene-F5B20DRAFT_569255	rna-gnl|WGS:JAJKKE|F5B20DRAFT_mRNA569255	PF02668.23	Partial	None
gene-F5B20DRAFT_578363	rna-gnl|WGS:JAJKKE|F5B20DRAFT_mRNA578363	PF00106.32,PF01370.28,PF13561.13	Partial	None
gene-F5B20DRAFT_23838	rna-gnl|WGS:JAJKKE|F5B20DRAFT_mRNA23838		None	None
gene-F5B20DRAFT_23841	rna-gnl|WGS:JAJKKE|F5B20DRAFT_mRNA23841	PF11374.14	Partial	None
gene-F5B20DRAFT_569256	rna-gnl|WGS:JAJKKE|F5B20DRAFT_mRNA569256	PF01222.23,PF06966.18	Partial	None
gene-F5B20DRAFT_23957	rna-gnl|WGS:JAJKKE|F5B20DRAFT_mRNA23957	PF00067.28	Partial	None
gene-F5B20DRAFT_569258	rna-gnl|WGS:JAJKKE|F5B20DRAFT_mRNA569258	PF07690.22	Partial	None
gene-F5B20DRAFT_24104	rna-gnl|WGS:JAJKKE|F5B20DRAFT_mRNA24104	PF20150.5	Partial	None
gene-F5B20DRAFT_24129	rna-gnl|WGS:JAJKKE|F5B20DRAFT_mRNA24129		None	None
gene-F5B20DRAFT_24041	rna-gnl|WGS:JAJKKE|F5B20DRAFT_mRNA24041	PF01965.31	Partial	None
gene-F5B20DRAFT_569261	rna-gnl|WGS:JAJKKE|F5B20DRAFT_mRNA569261	PF00005.34,PF00005.34,PF01061.30,PF01061.30,PF19055.7,PF19055.7	Complete	None
gene-F5B20DRAFT_24301	rna-gnl|WGS:JAJKKE|F5B20DRAFT_mRNA24301	PF01979.27,PF01979.27,PF07969.18,PF12890.14	Partial	None
gene-F5B20DRAFT_24330	rna-gnl|WGS:JAJKKE|F5B20DRAFT_mRNA24330		None	None
gene-F5B20DRAFT_532246	rna-gnl|WGS:JAJKKE|F5B20DRAFT_mRNA532246	PF00172.24,PF04082.24	Partial	None
gene-F5B20DRAFT_24555	rna-gnl|WGS:JAJKKE|F5B20DRAFT_mRNA24555		None	None
gene-F5B20DRAFT_532267	rna-gnl|WGS:JAJKKE|F5B20DRAFT_mRNA532267		None	None
gene-F5B20DRAFT_569264	rna-gnl|WGS:JAJKKE|F5B20DRAFT_mRNA569264	PF07971.19,PF17678.8	Partial	None
gene-F5B20DRAFT_532290	rna-gnl|WGS:JAJKKE|F5B20DRAFT_mRNA532290		None	None
gene-F5B20DRAFT_532325	rna-gnl|WGS:JAJKKE|F5B20DRAFT_mRNA532325		None	None
gene-F5B20DRAFT_569265	rna-gnl|WGS:JAJKKE|F5B20DRAFT_mRNA569265	PF00172.24,PF11951.14,PF11951.14	Complete	None
gene-F5B20DRAFT_25159	rna-gnl|WGS:JAJKKE|F5B20DRAFT_mRNA25159		None	None
gene-F5B20DRAFT_25186	rna-gnl|WGS:JAJKKE|F5B20DRAFT_mRNA25186		None	None
gene-F5B20DRAFT_569266	rna-gnl|WGS:JAJKKE|F5B20DRAFT_mRNA569266	PF00264.26	Partial	None
gene-F5B20DRAFT_25235	rna-gnl|WGS:JAJKKE|F5B20DRAFT_mRNA25235	PF03443.21	Partial	None
gene-F5B20DRAFT_25264	rna-gnl|WGS:JAJKKE|F5B20DRAFT_mRNA25264	PF00172.24,PF04082.24	Partial	None
gene-F5B20DRAFT_587827	rna-gnl|WGS:JAJKKE|F5B20DRAFT_mRNA587827		None	None
gene-F5B20DRAFT_532347	rna-gnl|WGS:JAJKKE|F5B20DRAFT_mRNA532347	PF24803.2	Partial	None
gene-F5B20DRAFT_587859	rna-gnl|WGS:JAJKKE|F5B20DRAFT_mRNA587859	PF16334.11,PF16335.11,PF17168.11	Partial	None
gene-F5B20DRAFT_25371	rna-gnl|WGS:JAJKKE|F5B20DRAFT_mRNA25371	PF10361.15	Partial	None
gene-F5B20DRAFT_25375	rna-gnl|WGS:JAJKKE|F5B20DRAFT_mRNA25375	PF06824.18	Partial	None
gene-F5B20DRAFT_569273	rna-gnl|WGS:JAJKKE|F5B20DRAFT_mRNA569273	PF00067.28	Partial	None
gene-F5B20DRAFT_25395	rna-gnl|WGS:JAJKKE|F5B20DRAFT_mRNA25395		None	None
gene-F5B20DRAFT_587861	rna-gnl|WGS:JAJKKE|F5B20DRAFT_mRNA587861	PF00075.31	Complete	None
gene-F5B20DRAFT_25526	rna-gnl|WGS:JAJKKE|F5B20DRAFT_mRNA25526		None	None
gene-F5B20DRAFT_25638	rna-gnl|WGS:JAJKKE|F5B20DRAFT_mRNA25638	PF00069.32,PF07714.24	Partial	None
gene-F5B20DRAFT_25680	rna-gnl|WGS:JAJKKE|F5B20DRAFT_mRNA25680		None	None
gene-F5B20DRAFT_25814	rna-gnl|WGS:JAJKKE|F5B20DRAFT_mRNA25814		None	None
gene-F5B20DRAFT_532440	rna-gnl|WGS:JAJKKE|F5B20DRAFT_mRNA532440	PF02798.27,PF13409.13,PF13417.13,PF14497.12	Partial	None
gene-F5B20DRAFT_578396	rna-gnl|WGS:JAJKKE|F5B20DRAFT_mRNA578396		None	None
gene-F5B20DRAFT_25859	rna-gnl|WGS:JAJKKE|F5B20DRAFT_mRNA25859	PF06487.19	Partial	None
gene-F5B20DRAFT_532452	rna-gnl|WGS:JAJKKE|F5B20DRAFT_mRNA532452	PF02840.21,PF08799.18	Partial	None
gene-F5B20DRAFT_578399	rna-gnl|WGS:JAJKKE|F5B20DRAFT_mRNA578399	PF01399.34,PF10602.16	Complete	None
gene-F5B20DRAFT_578400	rna-gnl|WGS:JAJKKE|F5B20DRAFT_mRNA578400	PF00557.30,PF04082.24,PF05195.23	Complete	None
gene-F5B20DRAFT_532476	rna-gnl|WGS:JAJKKE|F5B20DRAFT_mRNA532476	PF03388.22	Partial	None
gene-F5B20DRAFT_26104	rna-gnl|WGS:JAJKKE|F5B20DRAFT_mRNA26104	PF03155.22	Partial	None
gene-F5B20DRAFT_532481	rna-gnl|WGS:JAJKKE|F5B20DRAFT_mRNA532481	PF02791.23,PF10537.15,PF15613.12	Complete	None
gene-F5B20DRAFT_569283	rna-gnl|WGS:JAJKKE|F5B20DRAFT_mRNA569283	PF00735.25,PF01909.30,PF04926.21,PF04928.23,PF20571.4,PF20750.4	Complete	None
gene-F5B20DRAFT_26277	rna-gnl|WGS:JAJKKE|F5B20DRAFT_mRNA26277	PF00069.32,PF07714.24	Partial	None
gene-F5B20DRAFT_578406	rna-gnl|WGS:JAJKKE|F5B20DRAFT_mRNA578406		None	None
gene-F5B20DRAFT_26341	rna-gnl|WGS:JAJKKE|F5B20DRAFT_mRNA26341	PF13445.13,PF15906.11	Complete	None
gene-F5B20DRAFT_26342	rna-gnl|WGS:JAJKKE|F5B20DRAFT_mRNA26342	PF00153.33,PF00153.33	Complete	None
gene-F5B20DRAFT_587873	rna-gnl|WGS:JAJKKE|F5B20DRAFT_mRNA587873	PF08313.18	Complete	None
gene-F5B20DRAFT_26419	rna-gnl|WGS:JAJKKE|F5B20DRAFT_mRNA26419	PF00172.24	Partial	None
gene-F5B20DRAFT_587879	rna-gnl|WGS:JAJKKE|F5B20DRAFT_mRNA587879	PF04479.19,PF04479.19	Partial	None
gene-F5B20DRAFT_26630	rna-gnl|WGS:JAJKKE|F5B20DRAFT_mRNA26630	PF00076.29,PF02136.27	Complete	None
gene-F5B20DRAFT_26727	rna-gnl|WGS:JAJKKE|F5B20DRAFT_mRNA26727	PF03980.20	Partial	None
gene-F5B20DRAFT_532541	rna-gnl|WGS:JAJKKE|F5B20DRAFT_mRNA532541		None	None
gene-F5B20DRAFT_532545	rna-gnl|WGS:JAJKKE|F5B20DRAFT_mRNA532545	PF07798.17	Partial	None
gene-F5B20DRAFT_532547	rna-gnl|WGS:JAJKKE|F5B20DRAFT_mRNA532547	PF08312.18	Partial	None
gene-F5B20DRAFT_532548	rna-gnl|WGS:JAJKKE|F5B20DRAFT_mRNA532548	PF07065.20	Partial	None
gene-F5B20DRAFT_532552	rna-gnl|WGS:JAJKKE|F5B20DRAFT_mRNA532552	PF06985.18	Partial	None
gene-F5B20DRAFT_578418	rna-gnl|WGS:JAJKKE|F5B20DRAFT_mRNA578418	PF00025.28,PF00503.27	Partial	None
gene-F5B20DRAFT_26876	rna-gnl|WGS:JAJKKE|F5B20DRAFT_mRNA26876	PF01713.28,PF08590.16	Partial	None
gene-F5B20DRAFT_587883	rna-gnl|WGS:JAJKKE|F5B20DRAFT_mRNA587883	PF20237.4	Partial	None
gene-F5B20DRAFT_532564	rna-gnl|WGS:JAJKKE|F5B20DRAFT_mRNA532564	PF12511.14	Complete	None
gene-F5B20DRAFT_532565	rna-gnl|WGS:JAJKKE|F5B20DRAFT_mRNA532565	PF00106.32,PF08659.17,PF13561.13	Partial	None
gene-F5B20DRAFT_532566	rna-gnl|WGS:JAJKKE|F5B20DRAFT_mRNA532566	PF04000.21,PF09368.16	Complete	None
gene-F5B20DRAFT_569290	rna-gnl|WGS:JAJKKE|F5B20DRAFT_mRNA569290	PF00400.39,PF00400.39	Complete	None
gene-F5B20DRAFT_587886	rna-gnl|WGS:JAJKKE|F5B20DRAFT_mRNA587886		None	None
gene-F5B20DRAFT_532570	rna-gnl|WGS:JAJKKE|F5B20DRAFT_mRNA532570	PF13472.13	Partial	None
gene-F5B20DRAFT_532571	rna-gnl|WGS:JAJKKE|F5B20DRAFT_mRNA532571	PF00583.32,PF13508.14,PF13673.14	Partial	None
gene-F5B20DRAFT_27238	rna-gnl|WGS:JAJKKE|F5B20DRAFT_mRNA27238		None	None
gene-F5B20DRAFT_27210	rna-gnl|WGS:JAJKKE|F5B20DRAFT_mRNA27210	PF00300.28	Partial	None
gene-F5B20DRAFT_27256	rna-gnl|WGS:JAJKKE|F5B20DRAFT_mRNA27256		None	None
gene-F5B20DRAFT_569293	rna-gnl|WGS:JAJKKE|F5B20DRAFT_mRNA569293	PF00018.35,PF00617.25,PF00618.26,PF07653.24,PF14604.13,PF23518.1,PF25006.2,PF25008.2	Complete	None
gene-F5B20DRAFT_27581	rna-gnl|WGS:JAJKKE|F5B20DRAFT_mRNA27581	PF04082.24,PF31024.1	Complete	None
gene-F5B20DRAFT_27852	rna-gnl|WGS:JAJKKE|F5B20DRAFT_mRNA27852	PF00722.29	Partial	None
gene-F5B20DRAFT_27879	rna-gnl|WGS:JAJKKE|F5B20DRAFT_mRNA27879	PF16483.11	Partial	None
gene-F5B20DRAFT_532623	rna-gnl|WGS:JAJKKE|F5B20DRAFT_mRNA532623	PF08424.16	Partial	None
gene-F5B20DRAFT_532624	rna-gnl|WGS:JAJKKE|F5B20DRAFT_mRNA532624	PF00654.26	Partial	None
gene-F5B20DRAFT_28001	rna-gnl|WGS:JAJKKE|F5B20DRAFT_mRNA28001	PF14388.12	Partial	None
gene-F5B20DRAFT_532630	rna-gnl|WGS:JAJKKE|F5B20DRAFT_mRNA532630	PF06041.18	Partial	None
gene-F5B20DRAFT_532632	rna-gnl|WGS:JAJKKE|F5B20DRAFT_mRNA532632	PF10441.15	Complete	None
gene-F5B20DRAFT_28020	rna-gnl|WGS:JAJKKE|F5B20DRAFT_mRNA28020		None	None
gene-F5B20DRAFT_587892	rna-gnl|WGS:JAJKKE|F5B20DRAFT_mRNA587892		None	None
gene-F5B20DRAFT_28066	rna-gnl|WGS:JAJKKE|F5B20DRAFT_mRNA28066	PF00875.25,PF03441.20	Partial	None
gene-F5B20DRAFT_578445	rna-gnl|WGS:JAJKKE|F5B20DRAFT_mRNA578445		None	None
gene-F5B20DRAFT_532646	rna-gnl|WGS:JAJKKE|F5B20DRAFT_mRNA532646		None	None
gene-F5B20DRAFT_532648	rna-gnl|WGS:JAJKKE|F5B20DRAFT_mRNA532648	PF13181.13	Complete	None
gene-F5B20DRAFT_578448	rna-gnl|WGS:JAJKKE|F5B20DRAFT_mRNA578448	PF00536.38,PF07647.25,PF25479.2	Complete	None
gene-F5B20DRAFT_578449	rna-gnl|WGS:JAJKKE|F5B20DRAFT_mRNA578449		None	None
gene-F5B20DRAFT_532655	rna-gnl|WGS:JAJKKE|F5B20DRAFT_mRNA532655	PF00153.33,PF00153.33,PF00153.33	Complete	None
gene-F5B20DRAFT_587900	rna-gnl|WGS:JAJKKE|F5B20DRAFT_mRNA587900	PF00648.28,PF25435.1	Complete	None
gene-F5B20DRAFT_578452	rna-gnl|WGS:JAJKKE|F5B20DRAFT_mRNA578452		None	None
gene-F5B20DRAFT_532680	rna-gnl|WGS:JAJKKE|F5B20DRAFT_mRNA532680	PF00107.33,PF08240.18	Partial	None
gene-F5B20DRAFT_28510	rna-gnl|WGS:JAJKKE|F5B20DRAFT_mRNA28510	PF09631.17	Partial	None
gene-F5B20DRAFT_532684	rna-gnl|WGS:JAJKKE|F5B20DRAFT_mRNA532684	PF11204.14	Partial	None
gene-F5B20DRAFT_28914	rna-gnl|WGS:JAJKKE|F5B20DRAFT_mRNA28914	PF04142.22	Partial	None
gene-F5B20DRAFT_532687	rna-gnl|WGS:JAJKKE|F5B20DRAFT_mRNA532687	PF03226.22	Partial	None
gene-F5B20DRAFT_578457	rna-gnl|WGS:JAJKKE|F5B20DRAFT_mRNA578457	PF01794.26,PF08022.19,PF08030.18	Complete	None
gene-F5B20DRAFT_578458	rna-gnl|WGS:JAJKKE|F5B20DRAFT_mRNA578458		None	None
gene-F5B20DRAFT_532696	rna-gnl|WGS:JAJKKE|F5B20DRAFT_mRNA532696	PF05303.18,PF12807.13,PF13236.12,PF13374.13,PF13374.13,PF13374.13,PF13424.13,PF13424.13,PF15044.12	Complete	None
gene-F5B20DRAFT_532697	rna-gnl|WGS:JAJKKE|F5B20DRAFT_mRNA532697	PF00250.25	Complete	None
gene-F5B20DRAFT_578461	rna-gnl|WGS:JAJKKE|F5B20DRAFT_mRNA578461	PF00202.28	Partial	None
gene-F5B20DRAFT_29111	rna-gnl|WGS:JAJKKE|F5B20DRAFT_mRNA29111	PF10644.16,PF14881.13	Partial	None
gene-F5B20DRAFT_532706	rna-gnl|WGS:JAJKKE|F5B20DRAFT_mRNA532706	PF13911.13	Partial	None
gene-F5B20DRAFT_587902	rna-gnl|WGS:JAJKKE|F5B20DRAFT_mRNA587902	PF00096.33,PF00096.33,PF02200.23,PF13894.13	Complete	None
gene-F5B20DRAFT_29249	rna-gnl|WGS:JAJKKE|F5B20DRAFT_mRNA29249	PF15375.12	Partial	None
gene-F5B20DRAFT_532722	rna-gnl|WGS:JAJKKE|F5B20DRAFT_mRNA532722	PF00977.28	Partial	None
gene-F5B20DRAFT_532726	rna-gnl|WGS:JAJKKE|F5B20DRAFT_mRNA532726	PF00400.39,PF00400.39,PF00400.39,PF08953.18,PF16300.12	Complete	None
gene-F5B20DRAFT_569318	rna-gnl|WGS:JAJKKE|F5B20DRAFT_mRNA569318	PF03531.22,PF08512.19,PF17292.9,PF21103.4	Complete	None
gene-F5B20DRAFT_29306	rna-gnl|WGS:JAJKKE|F5B20DRAFT_mRNA29306	PF00169.36,PF08174.18,PF29106.1,PF29106.1	Complete	None
gene-F5B20DRAFT_29356	rna-gnl|WGS:JAJKKE|F5B20DRAFT_mRNA29356	PF00122.26,PF00122.26,PF00690.32,PF00702.33	Complete	None
gene-F5B20DRAFT_569321	rna-gnl|WGS:JAJKKE|F5B20DRAFT_mRNA569321	PF00270.36,PF00271.38,PF00271.38,PF04851.22	Complete	None
gene-F5B20DRAFT_587906	rna-gnl|WGS:JAJKKE|F5B20DRAFT_mRNA587906		None	None
gene-F5B20DRAFT_578474	rna-gnl|WGS:JAJKKE|F5B20DRAFT_mRNA578474		None	None
gene-F5B20DRAFT_29430	rna-gnl|WGS:JAJKKE|F5B20DRAFT_mRNA29430	PF00176.30,PF00271.38,PF12054.14	Complete	None
gene-F5B20DRAFT_532746	rna-gnl|WGS:JAJKKE|F5B20DRAFT_mRNA532746	PF02463.26,PF06470.19,PF13175.13,PF13304.13,PF13476.13	Complete	None
gene-F5B20DRAFT_532748	rna-gnl|WGS:JAJKKE|F5B20DRAFT_mRNA532748	PF06094.18	Partial	None
gene-F5B20DRAFT_29560	rna-gnl|WGS:JAJKKE|F5B20DRAFT_mRNA29560	PF03234.20,PF08564.17,PF08565.17	Complete	None
gene-F5B20DRAFT_532758	rna-gnl|WGS:JAJKKE|F5B20DRAFT_mRNA532758	PF26146.1	Partial	None
gene-F5B20DRAFT_532761	rna-gnl|WGS:JAJKKE|F5B20DRAFT_mRNA532761	PF01910.23	Partial	None
gene-F5B20DRAFT_532765	rna-gnl|WGS:JAJKKE|F5B20DRAFT_mRNA532765	PF07946.20	Partial	None
gene-F5B20DRAFT_532767	rna-gnl|WGS:JAJKKE|F5B20DRAFT_mRNA532767	PF12330.15	Partial	None
gene-F5B20DRAFT_532769	rna-gnl|WGS:JAJKKE|F5B20DRAFT_mRNA532769		None	None
gene-F5B20DRAFT_532774	rna-gnl|WGS:JAJKKE|F5B20DRAFT_mRNA532774	PF00172.24,PF04082.24	Partial	None
gene-F5B20DRAFT_532802	rna-gnl|WGS:JAJKKE|F5B20DRAFT_mRNA532802	PF00199.25,PF06628.18,PF18011.8	Complete	None
gene-F5B20DRAFT_532805	rna-gnl|WGS:JAJKKE|F5B20DRAFT_mRNA532805	PF02353.27,PF08241.19,PF13489.13,PF13649.13,PF13847.13	Partial	None
gene-F5B20DRAFT_30009	rna-gnl|WGS:JAJKKE|F5B20DRAFT_mRNA30009	PF13396.12	Partial	None
gene-F5B20DRAFT_30002	rna-gnl|WGS:JAJKKE|F5B20DRAFT_mRNA30002	PF03985.19	Partial	None
gene-F5B20DRAFT_532816	rna-gnl|WGS:JAJKKE|F5B20DRAFT_mRNA532816	PF03248.19	Partial	None
gene-F5B20DRAFT_532818	rna-gnl|WGS:JAJKKE|F5B20DRAFT_mRNA532818	PF00378.26,PF16113.11	Partial	None
gene-F5B20DRAFT_532821	rna-gnl|WGS:JAJKKE|F5B20DRAFT_mRNA532821	PF00097.32,PF13445.13,PF13923.13	Partial	None
gene-F5B20DRAFT_578492	rna-gnl|WGS:JAJKKE|F5B20DRAFT_mRNA578492	PF00291.32	Partial	None
gene-F5B20DRAFT_532824	rna-gnl|WGS:JAJKKE|F5B20DRAFT_mRNA532824	PF28374.1	Partial	None
gene-F5B20DRAFT_578494	rna-gnl|WGS:JAJKKE|F5B20DRAFT_mRNA578494	PF01245.27	Partial	None
gene-F5B20DRAFT_30141	rna-gnl|WGS:JAJKKE|F5B20DRAFT_mRNA30141	PF02386.23	Partial	None
gene-F5B20DRAFT_569333	rna-gnl|WGS:JAJKKE|F5B20DRAFT_mRNA569333	PF00176.30,PF00270.36,PF00271.38,PF04851.22,PF13625.12,PF16203.12	Complete	None
gene-F5B20DRAFT_532830	rna-gnl|WGS:JAJKKE|F5B20DRAFT_mRNA532830	PF01142.24	Partial	None
gene-F5B20DRAFT_578498	rna-gnl|WGS:JAJKKE|F5B20DRAFT_mRNA578498		None	None
gene-F5B20DRAFT_30237	rna-gnl|WGS:JAJKKE|F5B20DRAFT_mRNA30237	PF10282.16	Partial	None
gene-F5B20DRAFT_569335	rna-gnl|WGS:JAJKKE|F5B20DRAFT_mRNA569335	PF00083.31,PF06609.19,PF07690.22	Partial	None
gene-F5B20DRAFT_532840	rna-gnl|WGS:JAJKKE|F5B20DRAFT_mRNA532840	PF06985.18	Complete	None
gene-F5B20DRAFT_30358	rna-gnl|WGS:JAJKKE|F5B20DRAFT_mRNA30358	PF00639.28,PF13616.13	Partial	None
gene-F5B20DRAFT_532847	rna-gnl|WGS:JAJKKE|F5B20DRAFT_mRNA532847	PF01248.32	Partial	None
gene-F5B20DRAFT_532848	rna-gnl|WGS:JAJKKE|F5B20DRAFT_mRNA532848	PF00410.25	Partial	None
gene-F5B20DRAFT_578505	rna-gnl|WGS:JAJKKE|F5B20DRAFT_mRNA578505	PF03129.26	Complete	None
gene-F5B20DRAFT_532854	rna-gnl|WGS:JAJKKE|F5B20DRAFT_mRNA532854	PF05686.19	Partial	None
gene-F5B20DRAFT_532856	rna-gnl|WGS:JAJKKE|F5B20DRAFT_mRNA532856	PF00400.39	Complete	None
gene-F5B20DRAFT_532859	rna-gnl|WGS:JAJKKE|F5B20DRAFT_mRNA532859	PF05486.18	Partial	None
gene-F5B20DRAFT_532861	rna-gnl|WGS:JAJKKE|F5B20DRAFT_mRNA532861	PF00268.28	Partial	None
gene-F5B20DRAFT_532863	rna-gnl|WGS:JAJKKE|F5B20DRAFT_mRNA532863	PF13430.12	Partial	None
gene-F5B20DRAFT_30609	rna-gnl|WGS:JAJKKE|F5B20DRAFT_mRNA30609		None	None
gene-F5B20DRAFT_569342	rna-gnl|WGS:JAJKKE|F5B20DRAFT_mRNA569342	PF07690.22	Partial	None
gene-F5B20DRAFT_t29	gene-F5B20DRAFT_t29		None	None
gene-F5B20DRAFT_578511	rna-gnl|WGS:JAJKKE|F5B20DRAFT_mRNA578511	PF02515.23	Partial	None
gene-F5B20DRAFT_569344	rna-gnl|WGS:JAJKKE|F5B20DRAFT_mRNA569344	PF00172.24,PF04082.24	Partial	None
gene-F5B20DRAFT_578513	rna-gnl|WGS:JAJKKE|F5B20DRAFT_mRNA578513	PF07716.21	Complete	None
gene-F5B20DRAFT_532913	rna-gnl|WGS:JAJKKE|F5B20DRAFT_mRNA532913	PF08450.19	Partial	None
gene-F5B20DRAFT_532915	rna-gnl|WGS:JAJKKE|F5B20DRAFT_mRNA532915	PF05891.19	Partial	None
gene-F5B20DRAFT_578517	rna-gnl|WGS:JAJKKE|F5B20DRAFT_mRNA578517		None	None
gene-F5B20DRAFT_532919	rna-gnl|WGS:JAJKKE|F5B20DRAFT_mRNA532919		None	None
gene-F5B20DRAFT_31307	rna-gnl|WGS:JAJKKE|F5B20DRAFT_mRNA31307	PF08167.19	Partial	None
gene-F5B20DRAFT_31308	rna-gnl|WGS:JAJKKE|F5B20DRAFT_mRNA31308	PF00397.33	Complete	None
gene-F5B20DRAFT_31408	rna-gnl|WGS:JAJKKE|F5B20DRAFT_mRNA31408	PF00722.29	Partial	None
gene-F5B20DRAFT_31377	rna-gnl|WGS:JAJKKE|F5B20DRAFT_mRNA31377	PF03006.27	Partial	None
gene-F5B20DRAFT_532932	rna-gnl|WGS:JAJKKE|F5B20DRAFT_mRNA532932	PF00364.29,PF02817.23	Complete	None
gene-F5B20DRAFT_532933	rna-gnl|WGS:JAJKKE|F5B20DRAFT_mRNA532933		None	None
gene-F5B20DRAFT_532935	rna-gnl|WGS:JAJKKE|F5B20DRAFT_mRNA532935	PF17784.8	Partial	None
gene-F5B20DRAFT_569350	rna-gnl|WGS:JAJKKE|F5B20DRAFT_mRNA569350	PF13855.13	Complete	None
gene-F5B20DRAFT_587939	rna-gnl|WGS:JAJKKE|F5B20DRAFT_mRNA587939	PF06985.18	Partial	None
gene-F5B20DRAFT_31660	rna-gnl|WGS:JAJKKE|F5B20DRAFT_mRNA31660	PF00628.36,PF10513.15,PF13771.13,PF13831.13,PF13832.13	Complete	None
gene-F5B20DRAFT_31768	rna-gnl|WGS:JAJKKE|F5B20DRAFT_mRNA31768		None	None
gene-F5B20DRAFT_578529	rna-gnl|WGS:JAJKKE|F5B20DRAFT_mRNA578529	PF00149.34,PF16891.11	Partial	None
gene-F5B20DRAFT_31849	rna-gnl|WGS:JAJKKE|F5B20DRAFT_mRNA31849	PF10262.16	Partial	None
gene-F5B20DRAFT_569354	rna-gnl|WGS:JAJKKE|F5B20DRAFT_mRNA569354		None	None
gene-F5B20DRAFT_532977	rna-gnl|WGS:JAJKKE|F5B20DRAFT_mRNA532977	PF22591.3	Partial	None
gene-F5B20DRAFT_532979	rna-gnl|WGS:JAJKKE|F5B20DRAFT_mRNA532979	PF05730.17	Partial	None
gene-F5B20DRAFT_31960	rna-gnl|WGS:JAJKKE|F5B20DRAFT_mRNA31960	PF05730.17	Partial	None
gene-F5B20DRAFT_587941	rna-gnl|WGS:JAJKKE|F5B20DRAFT_mRNA587941		None	None
gene-F5B20DRAFT_t31	gene-F5B20DRAFT_t31		None	None
gene-F5B20DRAFT_569356	rna-gnl|WGS:JAJKKE|F5B20DRAFT_mRNA569356		None	None
gene-F5B20DRAFT_587942	rna-gnl|WGS:JAJKKE|F5B20DRAFT_mRNA587942	PF18922.6	Partial	None
gene-F5B20DRAFT_587944	rna-gnl|WGS:JAJKKE|F5B20DRAFT_mRNA587944	PF18922.6	Partial	None
gene-F5B20DRAFT_532990	rna-gnl|WGS:JAJKKE|F5B20DRAFT_mRNA532990		None	None
gene-F5B20DRAFT_569358	rna-gnl|WGS:JAJKKE|F5B20DRAFT_mRNA569358	PF01522.27	Partial	None
gene-F5B20DRAFT_31997	rna-gnl|WGS:JAJKKE|F5B20DRAFT_mRNA31997	PF00515.35,PF07719.24,PF13181.13	Partial	None
gene-F5B20DRAFT_578540	rna-gnl|WGS:JAJKKE|F5B20DRAFT_mRNA578540	PF00080.26,PF00403.33	Partial	None
gene-F5B20DRAFT_533018	rna-gnl|WGS:JAJKKE|F5B20DRAFT_mRNA533018	PF00572.25	Partial	None
gene-F5B20DRAFT_32432	rna-gnl|WGS:JAJKKE|F5B20DRAFT_mRNA32432	PF01014.24,PF01014.24	Partial	None
gene-F5B20DRAFT_533022	rna-gnl|WGS:JAJKKE|F5B20DRAFT_mRNA533022	PF14099.14	Partial	None
gene-F5B20DRAFT_32712	rna-gnl|WGS:JAJKKE|F5B20DRAFT_mRNA32712	PF02185.23,PF14663.12,PF14664.12,PF14666.12,PF14668.12	Complete	None
gene-F5B20DRAFT_32725	rna-gnl|WGS:JAJKKE|F5B20DRAFT_mRNA32725	PF00575.30,PF00575.30,PF00575.30,PF00575.30,PF00575.30,PF23459.2,PF23459.2,PF23459.2,PF23459.2,PF24685.2,PF29086.1	Complete	None
gene-F5B20DRAFT_533026	rna-gnl|WGS:JAJKKE|F5B20DRAFT_mRNA533026	PF26147.1	Partial	None
gene-F5B20DRAFT_32778	rna-gnl|WGS:JAJKKE|F5B20DRAFT_mRNA32778	PF10344.16	Partial	None
gene-F5B20DRAFT_533029	rna-gnl|WGS:JAJKKE|F5B20DRAFT_mRNA533029	PF04157.23	Partial	None
gene-F5B20DRAFT_578550	rna-gnl|WGS:JAJKKE|F5B20DRAFT_mRNA578550	PF00380.26	Partial	None
gene-F5B20DRAFT_587948	rna-gnl|WGS:JAJKKE|F5B20DRAFT_mRNA587948	PF05282.18,PF20981.3	Complete	None
gene-F5B20DRAFT_32876	rna-gnl|WGS:JAJKKE|F5B20DRAFT_mRNA32876	PF27979.1	Complete	None
gene-F5B20DRAFT_533059	rna-gnl|WGS:JAJKKE|F5B20DRAFT_mRNA533059		None	None
gene-F5B20DRAFT_533078	rna-gnl|WGS:JAJKKE|F5B20DRAFT_mRNA533078	PF03443.21	Partial	None
gene-F5B20DRAFT_569370	rna-gnl|WGS:JAJKKE|F5B20DRAFT_mRNA569370	PF00270.36,PF00271.38,PF00294.30,PF03070.22,PF04851.22,PF08543.18	Complete	None
gene-F5B20DRAFT_33312	rna-gnl|WGS:JAJKKE|F5B20DRAFT_mRNA33312	PF00010.32	Complete	None
gene-F5B20DRAFT_33449	rna-gnl|WGS:JAJKKE|F5B20DRAFT_mRNA33449		None	None
gene-F5B20DRAFT_569372	rna-gnl|WGS:JAJKKE|F5B20DRAFT_mRNA569372	PF05653.21	Partial	None
gene-F5B20DRAFT_533112	rna-gnl|WGS:JAJKKE|F5B20DRAFT_mRNA533112	PF00400.39,PF00400.39,PF00400.39	Complete	None
gene-F5B20DRAFT_33477	rna-gnl|WGS:JAJKKE|F5B20DRAFT_mRNA33477	PF00176.30,PF00270.36,PF00271.38,PF00439.31,PF04851.22,PF07529.19,PF08880.17,PF14619.12	Complete	None
gene-F5B20DRAFT_578563	rna-gnl|WGS:JAJKKE|F5B20DRAFT_mRNA578563		None	None
gene-F5B20DRAFT_587958	rna-gnl|WGS:JAJKKE|F5B20DRAFT_mRNA587958	PF00067.28	Partial	None
gene-F5B20DRAFT_569376	rna-gnl|WGS:JAJKKE|F5B20DRAFT_mRNA569376	PF00441.30,PF02770.25,PF02771.22,PF08028.17	Complete	None
gene-F5B20DRAFT_533126	rna-gnl|WGS:JAJKKE|F5B20DRAFT_mRNA533126	PF07738.20	Complete	None
gene-F5B20DRAFT_587970	rna-gnl|WGS:JAJKKE|F5B20DRAFT_mRNA587970	PF04059.19	Complete	None
gene-F5B20DRAFT_33714	rna-gnl|WGS:JAJKKE|F5B20DRAFT_mRNA33714	PF04091.19,PF20651.4	Partial	None
gene-F5B20DRAFT_33683	rna-gnl|WGS:JAJKKE|F5B20DRAFT_mRNA33683	PF00125.31,PF00808.30	Partial	None
gene-F5B20DRAFT_533131	rna-gnl|WGS:JAJKKE|F5B20DRAFT_mRNA533131	PF08698.17	Partial	None
gene-F5B20DRAFT_533133	rna-gnl|WGS:JAJKKE|F5B20DRAFT_mRNA533133	PF00107.33,PF08240.18,PF13602.13	Partial	None
gene-F5B20DRAFT_533138	rna-gnl|WGS:JAJKKE|F5B20DRAFT_mRNA533138	PF04840.19,PF04841.20	Partial	None
gene-F5B20DRAFT_34034	rna-gnl|WGS:JAJKKE|F5B20DRAFT_mRNA34034		None	None
gene-F5B20DRAFT_578573	rna-gnl|WGS:JAJKKE|F5B20DRAFT_mRNA578573	PF00076.29	Partial	None
gene-F5B20DRAFT_34106	rna-gnl|WGS:JAJKKE|F5B20DRAFT_mRNA34106	PF30969.1	Partial	None
gene-F5B20DRAFT_34107	rna-gnl|WGS:JAJKKE|F5B20DRAFT_mRNA34107		None	None
gene-F5B20DRAFT_34155	rna-gnl|WGS:JAJKKE|F5B20DRAFT_mRNA34155	PF00232.25	Partial	None
gene-F5B20DRAFT_578577	rna-gnl|WGS:JAJKKE|F5B20DRAFT_mRNA578577		None	None
gene-F5B20DRAFT_533153	rna-gnl|WGS:JAJKKE|F5B20DRAFT_mRNA533153	PF01758.22,PF13593.12	Partial	None
gene-F5B20DRAFT_569384	rna-gnl|WGS:JAJKKE|F5B20DRAFT_mRNA569384		None	None
gene-F5B20DRAFT_587978	rna-gnl|WGS:JAJKKE|F5B20DRAFT_mRNA587978	PF13847.13	Partial	None
gene-F5B20DRAFT_34347	rna-gnl|WGS:JAJKKE|F5B20DRAFT_mRNA34347	PF13646.13,PF22646.3,PF22956.3,PF22956.3	Complete	None
gene-F5B20DRAFT_533167	rna-gnl|WGS:JAJKKE|F5B20DRAFT_mRNA533167	PF03483.23,PF03484.22,PF17759.7,PF18262.8	Complete	None
gene-F5B20DRAFT_34396	rna-gnl|WGS:JAJKKE|F5B20DRAFT_mRNA34396	PF06602.20	Partial	None
gene-F5B20DRAFT_533171	rna-gnl|WGS:JAJKKE|F5B20DRAFT_mRNA533171	PF00189.26,PF07650.24	Partial	None
gene-F5B20DRAFT_578586	rna-gnl|WGS:JAJKKE|F5B20DRAFT_mRNA578586	PF05653.21	Partial	None
gene-F5B20DRAFT_587984	rna-gnl|WGS:JAJKKE|F5B20DRAFT_mRNA587984	PF10336.15	Complete	None
gene-F5B20DRAFT_533181	rna-gnl|WGS:JAJKKE|F5B20DRAFT_mRNA533181	PF00928.27,PF01217.27	Partial	None
gene-F5B20DRAFT_533182	rna-gnl|WGS:JAJKKE|F5B20DRAFT_mRNA533182	PF12894.14,PF12896.13	Partial	None
gene-F5B20DRAFT_533183	rna-gnl|WGS:JAJKKE|F5B20DRAFT_mRNA533183	PF00501.35,PF13193.13	Complete	None
gene-F5B20DRAFT_34725	rna-gnl|WGS:JAJKKE|F5B20DRAFT_mRNA34725	PF06985.18	Partial	None
gene-F5B20DRAFT_587990	rna-gnl|WGS:JAJKKE|F5B20DRAFT_mRNA587990	PF08433.17	Partial	None
gene-F5B20DRAFT_34761	rna-gnl|WGS:JAJKKE|F5B20DRAFT_mRNA34761	PF24800.2	Partial	None
gene-F5B20DRAFT_533201	rna-gnl|WGS:JAJKKE|F5B20DRAFT_mRNA533201	PF00160.27,PF04564.22	Complete	None
gene-F5B20DRAFT_533202	rna-gnl|WGS:JAJKKE|F5B20DRAFT_mRNA533202	PF06814.20,PF21902.2	Partial	None
gene-F5B20DRAFT_34812	rna-gnl|WGS:JAJKKE|F5B20DRAFT_mRNA34812	PF02636.24	Partial	None
gene-F5B20DRAFT_34811	rna-gnl|WGS:JAJKKE|F5B20DRAFT_mRNA34811	PF00069.32,PF07714.24	Partial	None
gene-F5B20DRAFT_578598	rna-gnl|WGS:JAJKKE|F5B20DRAFT_mRNA578598	PF23585.2	Partial	None
gene-F5B20DRAFT_533208	rna-gnl|WGS:JAJKKE|F5B20DRAFT_mRNA533208		None	None
gene-F5B20DRAFT_533210	rna-gnl|WGS:JAJKKE|F5B20DRAFT_mRNA533210	PF00293.35,PF05026.19	Partial	None
gene-F5B20DRAFT_34961	rna-gnl|WGS:JAJKKE|F5B20DRAFT_mRNA34961	PF09753.15	Partial	None
gene-F5B20DRAFT_34974	rna-gnl|WGS:JAJKKE|F5B20DRAFT_mRNA34974		None	None
gene-F5B20DRAFT_34990	rna-gnl|WGS:JAJKKE|F5B20DRAFT_mRNA34990		None	None
gene-F5B20DRAFT_578605	rna-gnl|WGS:JAJKKE|F5B20DRAFT_mRNA578605		None	None
gene-F5B20DRAFT_578606	rna-gnl|WGS:JAJKKE|F5B20DRAFT_mRNA578606	PF00583.32,PF13508.14,PF13673.14	Partial	None
gene-F5B20DRAFT_35099	rna-gnl|WGS:JAJKKE|F5B20DRAFT_mRNA35099	PF00070.34,PF07992.21,PF22366.2	Complete	None
gene-F5B20DRAFT_t30	gene-F5B20DRAFT_t30		None	None
gene-F5B20DRAFT_533233	rna-gnl|WGS:JAJKKE|F5B20DRAFT_mRNA533233		None	None
gene-F5B20DRAFT_35254	rna-gnl|WGS:JAJKKE|F5B20DRAFT_mRNA35254	PF00122.26,PF13246.13,PF16209.11,PF16212.12	Complete	None
gene-F5B20DRAFT_533237	rna-gnl|WGS:JAJKKE|F5B20DRAFT_mRNA533237	PF00561.27,PF12697.14	Partial	None
gene-F5B20DRAFT_533241	rna-gnl|WGS:JAJKKE|F5B20DRAFT_mRNA533241	PF04696.19	Partial	None
gene-F5B20DRAFT_35328	rna-gnl|WGS:JAJKKE|F5B20DRAFT_mRNA35328	PF03660.21	Partial	None
gene-F5B20DRAFT_569407	rna-gnl|WGS:JAJKKE|F5B20DRAFT_mRNA569407		None	None
gene-F5B20DRAFT_578614	rna-gnl|WGS:JAJKKE|F5B20DRAFT_mRNA578614	PF04857.27	Partial	None
gene-F5B20DRAFT_533250	rna-gnl|WGS:JAJKKE|F5B20DRAFT_mRNA533250	PF11788.15	Partial	None
gene-F5B20DRAFT_533253	rna-gnl|WGS:JAJKKE|F5B20DRAFT_mRNA533253	PF12430.14,PF12537.14	Complete	None
gene-F5B20DRAFT_35383	rna-gnl|WGS:JAJKKE|F5B20DRAFT_mRNA35383	PF05729.19,PF24883.3	Partial	None
gene-F5B20DRAFT_578618	rna-gnl|WGS:JAJKKE|F5B20DRAFT_mRNA578618	PF00561.27,PF06441.19	Partial	None
gene-F5B20DRAFT_533268	rna-gnl|WGS:JAJKKE|F5B20DRAFT_mRNA533268	PF00083.31,PF06609.19,PF07690.22	Partial	None
gene-F5B20DRAFT_533275	rna-gnl|WGS:JAJKKE|F5B20DRAFT_mRNA533275		None	None
gene-F5B20DRAFT_569417	rna-gnl|WGS:JAJKKE|F5B20DRAFT_mRNA569417	PF17784.8	Partial	None
gene-F5B20DRAFT_533303	rna-gnl|WGS:JAJKKE|F5B20DRAFT_mRNA533303		None	None
gene-F5B20DRAFT_588016	rna-gnl|WGS:JAJKKE|F5B20DRAFT_mRNA588016	PF00732.26,PF05199.20,PF05834.19	Complete	None
gene-F5B20DRAFT_533305	rna-gnl|WGS:JAJKKE|F5B20DRAFT_mRNA533305	PF10186.15,PF17649.7	Partial	None
gene-F5B20DRAFT_35796	rna-gnl|WGS:JAJKKE|F5B20DRAFT_mRNA35796	PF00400.39,PF00400.39	Complete	None
gene-F5B20DRAFT_533308	rna-gnl|WGS:JAJKKE|F5B20DRAFT_mRNA533308	PF00701.29	Partial	None
gene-F5B20DRAFT_533311	rna-gnl|WGS:JAJKKE|F5B20DRAFT_mRNA533311	PF00456.27,PF02779.30,PF22613.2	Complete	None
gene-F5B20DRAFT_588017	rna-gnl|WGS:JAJKKE|F5B20DRAFT_mRNA588017		None	None
gene-F5B20DRAFT_35826	rna-gnl|WGS:JAJKKE|F5B20DRAFT_mRNA35826	PF01042.27	Partial	None
gene-F5B20DRAFT_533313	rna-gnl|WGS:JAJKKE|F5B20DRAFT_mRNA533313	PF01284.29	Partial	None
gene-F5B20DRAFT_533316	rna-gnl|WGS:JAJKKE|F5B20DRAFT_mRNA533316		None	None
gene-F5B20DRAFT_588020	rna-gnl|WGS:JAJKKE|F5B20DRAFT_mRNA588020	PF00249.38	Partial	None
gene-F5B20DRAFT_35865	rna-gnl|WGS:JAJKKE|F5B20DRAFT_mRNA35865	PF08518.17,PF08518.17,PF23742.2	Complete	None
gene-F5B20DRAFT_569427	rna-gnl|WGS:JAJKKE|F5B20DRAFT_mRNA569427	PF04722.19	Partial	None
gene-F5B20DRAFT_35874	rna-gnl|WGS:JAJKKE|F5B20DRAFT_mRNA35874	PF00018.35,PF07653.24,PF14604.13	Complete	None
gene-F5B20DRAFT_578637	rna-gnl|WGS:JAJKKE|F5B20DRAFT_mRNA578637	PF03659.22	Partial	None
gene-F5B20DRAFT_533354	rna-gnl|WGS:JAJKKE|F5B20DRAFT_mRNA533354	PF25486.2	Partial	None
gene-F5B20DRAFT_533356	rna-gnl|WGS:JAJKKE|F5B20DRAFT_mRNA533356	PF00083.31,PF07690.22	Partial	None
gene-F5B20DRAFT_569432	rna-gnl|WGS:JAJKKE|F5B20DRAFT_mRNA569432	PF00249.38,PF00249.38,PF13921.13,PF13921.13	Partial	None
gene-F5B20DRAFT_569433	rna-gnl|WGS:JAJKKE|F5B20DRAFT_mRNA569433	PF01073.26,PF01370.28,PF02719.22,PF04321.24,PF07993.19,PF13460.13,PF16363.12	Partial	None
gene-F5B20DRAFT_36111	rna-gnl|WGS:JAJKKE|F5B20DRAFT_mRNA36111	PF01370.28,PF04321.24	Partial	None
gene-F5B20DRAFT_578643	rna-gnl|WGS:JAJKKE|F5B20DRAFT_mRNA578643	PF00400.39	Complete	None
gene-F5B20DRAFT_533366	rna-gnl|WGS:JAJKKE|F5B20DRAFT_mRNA533366	PF06985.18	Complete	None
gene-F5B20DRAFT_588029	rna-gnl|WGS:JAJKKE|F5B20DRAFT_mRNA588029		None	None
gene-F5B20DRAFT_588031	rna-gnl|WGS:JAJKKE|F5B20DRAFT_mRNA588031		None	None
gene-F5B20DRAFT_588034	rna-gnl|WGS:JAJKKE|F5B20DRAFT_mRNA588034	PF00732.26,PF05199.20	Complete	None
gene-F5B20DRAFT_578648	rna-gnl|WGS:JAJKKE|F5B20DRAFT_mRNA578648	PF08241.19,PF13489.13,PF13649.13,PF20684.4	Complete	None
gene-F5B20DRAFT_36190	rna-gnl|WGS:JAJKKE|F5B20DRAFT_mRNA36190	PF01841.26,PF03835.22	Complete	None
gene-F5B20DRAFT_36297	rna-gnl|WGS:JAJKKE|F5B20DRAFT_mRNA36297	PF20684.4	Partial	None
gene-F5B20DRAFT_36299	rna-gnl|WGS:JAJKKE|F5B20DRAFT_mRNA36299		None	None
gene-F5B20DRAFT_533403	rna-gnl|WGS:JAJKKE|F5B20DRAFT_mRNA533403		None	None
gene-F5B20DRAFT_533405	rna-gnl|WGS:JAJKKE|F5B20DRAFT_mRNA533405		None	None
gene-F5B20DRAFT_533407	rna-gnl|WGS:JAJKKE|F5B20DRAFT_mRNA533407		None	None
gene-F5B20DRAFT_569440	rna-gnl|WGS:JAJKKE|F5B20DRAFT_mRNA569440	PF06609.19,PF07690.22	Partial	None
gene-F5B20DRAFT_36468	rna-gnl|WGS:JAJKKE|F5B20DRAFT_mRNA36468		None	None
gene-F5B20DRAFT_36409	rna-gnl|WGS:JAJKKE|F5B20DRAFT_mRNA36409	PF21962.2	Partial	None
gene-F5B20DRAFT_t35	gene-F5B20DRAFT_t35		None	None
gene-F5B20DRAFT_36487	rna-gnl|WGS:JAJKKE|F5B20DRAFT_mRNA36487	PF00704.35	Partial	None
gene-F5B20DRAFT_36486	rna-gnl|WGS:JAJKKE|F5B20DRAFT_mRNA36486	PF04095.23,PF17767.8	Partial	None
gene-F5B20DRAFT_533427	rna-gnl|WGS:JAJKKE|F5B20DRAFT_mRNA533427	PF03911.22	Partial	None
gene-F5B20DRAFT_578660	rna-gnl|WGS:JAJKKE|F5B20DRAFT_mRNA578660		None	None
gene-F5B20DRAFT_36558	rna-gnl|WGS:JAJKKE|F5B20DRAFT_mRNA36558	PF00201.25,PF02809.27,PF02809.27,PF02809.27,PF02809.27,PF03033.27,PF06722.19	Complete	None
gene-F5B20DRAFT_578662	rna-gnl|WGS:JAJKKE|F5B20DRAFT_mRNA578662		None	None
gene-F5B20DRAFT_533436	rna-gnl|WGS:JAJKKE|F5B20DRAFT_mRNA533436	PF00152.26	Partial	None
gene-F5B20DRAFT_578664	rna-gnl|WGS:JAJKKE|F5B20DRAFT_mRNA578664	PF01636.30	Partial	None
gene-F5B20DRAFT_533465	rna-gnl|WGS:JAJKKE|F5B20DRAFT_mRNA533465	PF01417.27,PF07651.23	Partial	None
gene-F5B20DRAFT_578666	rna-gnl|WGS:JAJKKE|F5B20DRAFT_mRNA578666	PF06391.19,PF17121.12	Partial	None
gene-F5B20DRAFT_578667	rna-gnl|WGS:JAJKKE|F5B20DRAFT_mRNA578667	PF04969.23	Partial	None
gene-F5B20DRAFT_36729	rna-gnl|WGS:JAJKKE|F5B20DRAFT_mRNA36729	PF12927.13,PF13758.12	Complete	None
gene-F5B20DRAFT_36744	rna-gnl|WGS:JAJKKE|F5B20DRAFT_mRNA36744	PF11951.14	Partial	None
gene-F5B20DRAFT_36765	rna-gnl|WGS:JAJKKE|F5B20DRAFT_mRNA36765		None	None
gene-F5B20DRAFT_578671	rna-gnl|WGS:JAJKKE|F5B20DRAFT_mRNA578671		None	None
gene-F5B20DRAFT_36797	rna-gnl|WGS:JAJKKE|F5B20DRAFT_mRNA36797	PF00072.31,PF00512.32,PF02518.32,PF13426.14,PF26131.1	Complete	None
gene-F5B20DRAFT_533519	rna-gnl|WGS:JAJKKE|F5B20DRAFT_mRNA533519		None	None
gene-F5B20DRAFT_36826	rna-gnl|WGS:JAJKKE|F5B20DRAFT_mRNA36826		None	None
gene-F5B20DRAFT_578674	rna-gnl|WGS:JAJKKE|F5B20DRAFT_mRNA578674	PF16862.11	Complete	None
gene-F5B20DRAFT_533524	rna-gnl|WGS:JAJKKE|F5B20DRAFT_mRNA533524	PF00171.28	Partial	None
gene-F5B20DRAFT_533526	rna-gnl|WGS:JAJKKE|F5B20DRAFT_mRNA533526	PF28824.1	Complete	None
gene-F5B20DRAFT_533528	rna-gnl|WGS:JAJKKE|F5B20DRAFT_mRNA533528	PF01765.25	Partial	None
gene-F5B20DRAFT_533533	rna-gnl|WGS:JAJKKE|F5B20DRAFT_mRNA533533		None	None
gene-F5B20DRAFT_t32	gene-F5B20DRAFT_t32		None	None
gene-F5B20DRAFT_37256	rna-gnl|WGS:JAJKKE|F5B20DRAFT_mRNA37256	PF00069.32	Partial	None
gene-F5B20DRAFT_37528	rna-gnl|WGS:JAJKKE|F5B20DRAFT_mRNA37528	PF00106.32,PF08643.17,PF13561.13	Partial	None
gene-F5B20DRAFT_37470	rna-gnl|WGS:JAJKKE|F5B20DRAFT_mRNA37470	PF00400.39,PF00400.39	Complete	None
gene-F5B20DRAFT_533549	rna-gnl|WGS:JAJKKE|F5B20DRAFT_mRNA533549	PF06687.18	Partial	None
gene-F5B20DRAFT_37584	rna-gnl|WGS:JAJKKE|F5B20DRAFT_mRNA37584	PF00149.34,PF16891.11	Complete	None
gene-F5B20DRAFT_569450	rna-gnl|WGS:JAJKKE|F5B20DRAFT_mRNA569450	PF00457.25	Partial	None
gene-F5B20DRAFT_533560	rna-gnl|WGS:JAJKKE|F5B20DRAFT_mRNA533560	PF00752.24,PF00867.24	Complete	None
gene-F5B20DRAFT_533563	rna-gnl|WGS:JAJKKE|F5B20DRAFT_mRNA533563	PF01423.29	Partial	None
gene-F5B20DRAFT_588041	rna-gnl|WGS:JAJKKE|F5B20DRAFT_mRNA588041	PF00891.25	Partial	None
gene-F5B20DRAFT_37920	rna-gnl|WGS:JAJKKE|F5B20DRAFT_mRNA37920	PF00106.32,PF08659.17,PF13561.13,PF23441.1	Partial	None
gene-F5B20DRAFT_37885	rna-gnl|WGS:JAJKKE|F5B20DRAFT_mRNA37885	PF22943.3	Complete	None
gene-F5B20DRAFT_37968	rna-gnl|WGS:JAJKKE|F5B20DRAFT_mRNA37968	PF00171.28	Partial	None
gene-F5B20DRAFT_533601	rna-gnl|WGS:JAJKKE|F5B20DRAFT_mRNA533601	PF24883.3,PF25053.1	Complete	None
gene-F5B20DRAFT_533602	rna-gnl|WGS:JAJKKE|F5B20DRAFT_mRNA533602		None	None
gene-F5B20DRAFT_38332	rna-gnl|WGS:JAJKKE|F5B20DRAFT_mRNA38332	PF00787.30	Partial	None
gene-F5B20DRAFT_533604	rna-gnl|WGS:JAJKKE|F5B20DRAFT_mRNA533604	PF00082.28,PF01483.28	Complete	None
gene-F5B20DRAFT_38364	rna-gnl|WGS:JAJKKE|F5B20DRAFT_mRNA38364	PF19050.6,PF19050.6	Complete	None
gene-F5B20DRAFT_38449	rna-gnl|WGS:JAJKKE|F5B20DRAFT_mRNA38449		None	None
gene-F5B20DRAFT_588047	rna-gnl|WGS:JAJKKE|F5B20DRAFT_mRNA588047	PF00172.24,PF04082.24	Complete	None
gene-F5B20DRAFT_533640	rna-gnl|WGS:JAJKKE|F5B20DRAFT_mRNA533640		None	None
gene-F5B20DRAFT_38540	rna-gnl|WGS:JAJKKE|F5B20DRAFT_mRNA38540		None	None
gene-F5B20DRAFT_t34	gene-F5B20DRAFT_t34		None	None
gene-F5B20DRAFT_533648	rna-gnl|WGS:JAJKKE|F5B20DRAFT_mRNA533648	PF01532.27	Partial	None
gene-F5B20DRAFT_588049	rna-gnl|WGS:JAJKKE|F5B20DRAFT_mRNA588049		None	None
gene-F5B20DRAFT_578701	rna-gnl|WGS:JAJKKE|F5B20DRAFT_mRNA578701	PF00857.27	Partial	None
gene-F5B20DRAFT_533661	rna-gnl|WGS:JAJKKE|F5B20DRAFT_mRNA533661		None	None
gene-F5B20DRAFT_533681	rna-gnl|WGS:JAJKKE|F5B20DRAFT_mRNA533681	PF02133.22	Partial	None
gene-F5B20DRAFT_533686	rna-gnl|WGS:JAJKKE|F5B20DRAFT_mRNA533686	PF06985.18	Partial	None
gene-F5B20DRAFT_39158	rna-gnl|WGS:JAJKKE|F5B20DRAFT_mRNA39158	PF00018.35,PF04088.19,PF07653.24	Complete	None
gene-F5B20DRAFT_578705	rna-gnl|WGS:JAJKKE|F5B20DRAFT_mRNA578705	PF00230.26	Partial	None
gene-F5B20DRAFT_39190	rna-gnl|WGS:JAJKKE|F5B20DRAFT_mRNA39190	PF05368.20,PF13460.13	Partial	None
gene-F5B20DRAFT_39207	rna-gnl|WGS:JAJKKE|F5B20DRAFT_mRNA39207	PF10287.17,PF10290.15	Partial	None
gene-F5B20DRAFT_578708	rna-gnl|WGS:JAJKKE|F5B20DRAFT_mRNA578708		None	None
gene-F5B20DRAFT_533738	rna-gnl|WGS:JAJKKE|F5B20DRAFT_mRNA533738	PF20684.4	Partial	None
gene-F5B20DRAFT_533742	rna-gnl|WGS:JAJKKE|F5B20DRAFT_mRNA533742	PF12138.15	Partial	None
gene-F5B20DRAFT_39581	rna-gnl|WGS:JAJKKE|F5B20DRAFT_mRNA39581		None	None
gene-F5B20DRAFT_578712	rna-gnl|WGS:JAJKKE|F5B20DRAFT_mRNA578712		None	None
gene-F5B20DRAFT_39733	rna-gnl|WGS:JAJKKE|F5B20DRAFT_mRNA39733		None	None
gene-F5B20DRAFT_569461	rna-gnl|WGS:JAJKKE|F5B20DRAFT_mRNA569461	PF00106.32,PF01370.28,PF13561.13	Partial	None
gene-F5B20DRAFT_39643	rna-gnl|WGS:JAJKKE|F5B20DRAFT_mRNA39643	PF04241.21	Partial	None
gene-F5B20DRAFT_533764	rna-gnl|WGS:JAJKKE|F5B20DRAFT_mRNA533764	PF03810.26,PF25758.2	Complete	None
gene-F5B20DRAFT_533765	rna-gnl|WGS:JAJKKE|F5B20DRAFT_mRNA533765	PF00172.24,PF04082.24	Partial	None
gene-F5B20DRAFT_39845	rna-gnl|WGS:JAJKKE|F5B20DRAFT_mRNA39845	PF04757.20	Partial	None
gene-F5B20DRAFT_588067	rna-gnl|WGS:JAJKKE|F5B20DRAFT_mRNA588067	PF28488.1,PF28488.1	Partial	None
gene-F5B20DRAFT_569465	rna-gnl|WGS:JAJKKE|F5B20DRAFT_mRNA569465	PF00156.34	Partial	None
gene-F5B20DRAFT_533819	rna-gnl|WGS:JAJKKE|F5B20DRAFT_mRNA533819		None	None
gene-F5B20DRAFT_533822	rna-gnl|WGS:JAJKKE|F5B20DRAFT_mRNA533822	PF15406.13	Partial	None
gene-F5B20DRAFT_40522	rna-gnl|WGS:JAJKKE|F5B20DRAFT_mRNA40522		None	None
gene-F5B20DRAFT_588073	rna-gnl|WGS:JAJKKE|F5B20DRAFT_mRNA588073		None	None
gene-F5B20DRAFT_533833	rna-gnl|WGS:JAJKKE|F5B20DRAFT_mRNA533833	PF00152.26,PF01336.32,PF01409.26	Partial	None
gene-F5B20DRAFT_569468	rna-gnl|WGS:JAJKKE|F5B20DRAFT_mRNA569468		None	None
gene-F5B20DRAFT_578725	rna-gnl|WGS:JAJKKE|F5B20DRAFT_mRNA578725	PF00406.30,PF00406.30,PF05191.21,PF13207.13	Complete	None
gene-F5B20DRAFT_40666	rna-gnl|WGS:JAJKKE|F5B20DRAFT_mRNA40666	PF03663.21	Partial	None
gene-F5B20DRAFT_533845	rna-gnl|WGS:JAJKKE|F5B20DRAFT_mRNA533845	PF00810.24	Partial	None
gene-F5B20DRAFT_533854	rna-gnl|WGS:JAJKKE|F5B20DRAFT_mRNA533854		None	None
gene-F5B20DRAFT_40839	rna-gnl|WGS:JAJKKE|F5B20DRAFT_mRNA40839	PF20994.3	Complete	None
gene-F5B20DRAFT_40800	rna-gnl|WGS:JAJKKE|F5B20DRAFT_mRNA40800		None	None
gene-F5B20DRAFT_40860	rna-gnl|WGS:JAJKKE|F5B20DRAFT_mRNA40860		None	None
gene-F5B20DRAFT_533884	rna-gnl|WGS:JAJKKE|F5B20DRAFT_mRNA533884		None	None
gene-F5B20DRAFT_533887	rna-gnl|WGS:JAJKKE|F5B20DRAFT_mRNA533887	PF00366.27,PF16205.11	Partial	None
gene-F5B20DRAFT_40949	rna-gnl|WGS:JAJKKE|F5B20DRAFT_mRNA40949	PF08317.17,PF15402.12,PF15402.12,PF15402.12,PF15402.12,PF15402.12,PF15402.12,PF18210.7	Complete	None
gene-F5B20DRAFT_41010	rna-gnl|WGS:JAJKKE|F5B20DRAFT_mRNA41010		None	None
gene-F5B20DRAFT_41099	rna-gnl|WGS:JAJKKE|F5B20DRAFT_mRNA41099	PF10186.15	Partial	None
gene-F5B20DRAFT_578737	rna-gnl|WGS:JAJKKE|F5B20DRAFT_mRNA578737		None	None
gene-F5B20DRAFT_578738	rna-gnl|WGS:JAJKKE|F5B20DRAFT_mRNA578738	PF12720.13	Partial	None
gene-F5B20DRAFT_578739	rna-gnl|WGS:JAJKKE|F5B20DRAFT_mRNA578739	PF00069.32,PF01636.30,PF07714.24	Partial	None
gene-F5B20DRAFT_588078	rna-gnl|WGS:JAJKKE|F5B20DRAFT_mRNA588078	PF10384.15	Partial	None
gene-F5B20DRAFT_533923	rna-gnl|WGS:JAJKKE|F5B20DRAFT_mRNA533923	PF04111.18,PF17675.7	Partial	None
gene-F5B20DRAFT_588082	rna-gnl|WGS:JAJKKE|F5B20DRAFT_mRNA588082		None	None
gene-F5B20DRAFT_588088	rna-gnl|WGS:JAJKKE|F5B20DRAFT_mRNA588088	PF20253.4	Partial	None
gene-F5B20DRAFT_t33	gene-F5B20DRAFT_t33		None	None
gene-F5B20DRAFT_41410	rna-gnl|WGS:JAJKKE|F5B20DRAFT_mRNA41410	PF00067.28	Partial	None
gene-F5B20DRAFT_578744	rna-gnl|WGS:JAJKKE|F5B20DRAFT_mRNA578744	PF22942.2,PF23232.2	Complete	None
gene-F5B20DRAFT_578745	rna-gnl|WGS:JAJKKE|F5B20DRAFT_mRNA578745	PF24809.2	Partial	None
gene-F5B20DRAFT_41466	rna-gnl|WGS:JAJKKE|F5B20DRAFT_mRNA41466	PF00160.27	Partial	None
gene-F5B20DRAFT_533949	rna-gnl|WGS:JAJKKE|F5B20DRAFT_mRNA533949	PF00097.32,PF13639.13,PF13923.13,PF17123.12	Complete	None
gene-F5B20DRAFT_41549	rna-gnl|WGS:JAJKKE|F5B20DRAFT_mRNA41549	PF12572.14	Partial	None
gene-F5B20DRAFT_41589	rna-gnl|WGS:JAJKKE|F5B20DRAFT_mRNA41589	PF12816.14,PF23410.5,PF25066.1	Complete	None
gene-F5B20DRAFT_569478	rna-gnl|WGS:JAJKKE|F5B20DRAFT_mRNA569478	PF09362.16	Partial	None
gene-F5B20DRAFT_578751	rna-gnl|WGS:JAJKKE|F5B20DRAFT_mRNA578751		None	None
gene-F5B20DRAFT_41621	rna-gnl|WGS:JAJKKE|F5B20DRAFT_mRNA41621	PF10607.15,PF13445.13	Complete	None
gene-F5B20DRAFT_533971	rna-gnl|WGS:JAJKKE|F5B20DRAFT_mRNA533971	PF25995.1,PF28231.1	Complete	None
gene-F5B20DRAFT_533974	rna-gnl|WGS:JAJKKE|F5B20DRAFT_mRNA533974	PF07766.20	Partial	None
gene-F5B20DRAFT_578755	rna-gnl|WGS:JAJKKE|F5B20DRAFT_mRNA578755		None	None
gene-F5B20DRAFT_41713	rna-gnl|WGS:JAJKKE|F5B20DRAFT_mRNA41713		None	None
gene-F5B20DRAFT_588091	rna-gnl|WGS:JAJKKE|F5B20DRAFT_mRNA588091		None	None
gene-F5B20DRAFT_588095	rna-gnl|WGS:JAJKKE|F5B20DRAFT_mRNA588095		None	None
gene-F5B20DRAFT_578759	rna-gnl|WGS:JAJKKE|F5B20DRAFT_mRNA578759	PF03171.27,PF14226.13	Complete	None
gene-F5B20DRAFT_588098	rna-gnl|WGS:JAJKKE|F5B20DRAFT_mRNA588098	PF13279.13	Partial	None
gene-F5B20DRAFT_578761	rna-gnl|WGS:JAJKKE|F5B20DRAFT_mRNA578761		None	None
gene-F5B20DRAFT_578762	rna-gnl|WGS:JAJKKE|F5B20DRAFT_mRNA578762	PF09184.17	Partial	None
gene-F5B20DRAFT_578764	rna-gnl|WGS:JAJKKE|F5B20DRAFT_mRNA578764		None	None
gene-F5B20DRAFT_578765	rna-gnl|WGS:JAJKKE|F5B20DRAFT_mRNA578765	PF00109.33,PF02801.29,PF18314.7,PF18325.8	Complete	None
gene-F5B20DRAFT_578766	rna-gnl|WGS:JAJKKE|F5B20DRAFT_mRNA578766	PF00698.27,PF01575.26,PF08354.16,PF13452.12,PF16073.11,PF17828.7,PF17951.7,PF22235.2	Complete	None
gene-F5B20DRAFT_578767	rna-gnl|WGS:JAJKKE|F5B20DRAFT_mRNA578767	PF27522.2	Partial	None
gene-F5B20DRAFT_578768	rna-gnl|WGS:JAJKKE|F5B20DRAFT_mRNA578768	PF00285.27	Partial	None
gene-F5B20DRAFT_42783	rna-gnl|WGS:JAJKKE|F5B20DRAFT_mRNA42783	PF00083.31,PF06609.19,PF07690.22	Partial	None
gene-F5B20DRAFT_43704	rna-gnl|WGS:JAJKKE|F5B20DRAFT_mRNA43704	PF01266.31,PF01494.26,PF07976.20,PF13450.13	Complete	None
gene-F5B20DRAFT_534031	rna-gnl|WGS:JAJKKE|F5B20DRAFT_mRNA534031	PF24845.2	Partial	None
gene-F5B20DRAFT_534035	rna-gnl|WGS:JAJKKE|F5B20DRAFT_mRNA534035	PF00320.34,PF00989.32,PF08447.19	Complete	None
gene-F5B20DRAFT_588116	rna-gnl|WGS:JAJKKE|F5B20DRAFT_mRNA588116	PF20684.4	Partial	None
gene-F5B20DRAFT_534045	rna-gnl|WGS:JAJKKE|F5B20DRAFT_mRNA534045		None	None
gene-F5B20DRAFT_534047	rna-gnl|WGS:JAJKKE|F5B20DRAFT_mRNA534047	PF06985.18,PF26639.1	Complete	None
gene-F5B20DRAFT_534051	rna-gnl|WGS:JAJKKE|F5B20DRAFT_mRNA534051	PF00023.37,PF00023.37,PF00069.32,PF07714.24,PF12796.14,PF13637.13	Complete	None
gene-F5B20DRAFT_534052	rna-gnl|WGS:JAJKKE|F5B20DRAFT_mRNA534052		None	None
gene-F5B20DRAFT_588118	rna-gnl|WGS:JAJKKE|F5B20DRAFT_mRNA588118	PF13095.13	Partial	None
gene-F5B20DRAFT_43897	rna-gnl|WGS:JAJKKE|F5B20DRAFT_mRNA43897		None	None
gene-F5B20DRAFT_588120	rna-gnl|WGS:JAJKKE|F5B20DRAFT_mRNA588120	PF01466.25,PF03931.22	Complete	None
gene-F5B20DRAFT_534056	rna-gnl|WGS:JAJKKE|F5B20DRAFT_mRNA534056	PF00083.31,PF07690.22,PF07690.22	Partial	None
gene-F5B20DRAFT_534063	rna-gnl|WGS:JAJKKE|F5B20DRAFT_mRNA534063	PF12697.14	Partial	None
gene-F5B20DRAFT_44313	rna-gnl|WGS:JAJKKE|F5B20DRAFT_mRNA44313	PF25540.2,PF25542.2,PF25543.2	Complete	None
gene-F5B20DRAFT_44012	rna-gnl|WGS:JAJKKE|F5B20DRAFT_mRNA44012	PF00107.33,PF08240.18	Partial	None
gene-F5B20DRAFT_578785	rna-gnl|WGS:JAJKKE|F5B20DRAFT_mRNA578785	PF04718.21	Partial	None
gene-F5B20DRAFT_43951	rna-gnl|WGS:JAJKKE|F5B20DRAFT_mRNA43951	PF08241.19,PF13489.13,PF13649.13,PF13847.13	Partial	None
gene-F5B20DRAFT_44677	rna-gnl|WGS:JAJKKE|F5B20DRAFT_mRNA44677	PF03153.19	Partial	None
gene-F5B20DRAFT_569494	rna-gnl|WGS:JAJKKE|F5B20DRAFT_mRNA569494	PF00400.39,PF00400.39,PF00400.39,PF12894.14,PF24807.2	Complete	None
gene-F5B20DRAFT_569495	rna-gnl|WGS:JAJKKE|F5B20DRAFT_mRNA569495	PF00651.38,PF01344.32,PF01344.32,PF07646.22,PF24681.2,PF24981.2	Complete	None
gene-F5B20DRAFT_44612	rna-gnl|WGS:JAJKKE|F5B20DRAFT_mRNA44612		None	None
gene-F5B20DRAFT_534140	rna-gnl|WGS:JAJKKE|F5B20DRAFT_mRNA534140	PF04588.19	Complete	None
gene-F5B20DRAFT_534141	rna-gnl|WGS:JAJKKE|F5B20DRAFT_mRNA534141	PF01344.32,PF01344.32,PF01344.32,PF01344.32,PF01344.32,PF07646.22,PF07646.22,PF24681.2,PF24681.2,PF24681.2,PF24981.2	Complete	None
gene-F5B20DRAFT_45229	rna-gnl|WGS:JAJKKE|F5B20DRAFT_mRNA45229	PF20150.5	Partial	None
gene-F5B20DRAFT_534144	rna-gnl|WGS:JAJKKE|F5B20DRAFT_mRNA534144		None	None
gene-F5B20DRAFT_534147	rna-gnl|WGS:JAJKKE|F5B20DRAFT_mRNA534147	PF01207.24,PF01207.24,PF25585.2,PF25585.2	Complete	None
gene-F5B20DRAFT_534149	rna-gnl|WGS:JAJKKE|F5B20DRAFT_mRNA534149	PF05529.18,PF18035.7	Complete	None
gene-F5B20DRAFT_569498	rna-gnl|WGS:JAJKKE|F5B20DRAFT_mRNA569498	PF07350.20,PF07350.20	Partial	None
gene-F5B20DRAFT_45305	rna-gnl|WGS:JAJKKE|F5B20DRAFT_mRNA45305		None	None
gene-F5B20DRAFT_578800	rna-gnl|WGS:JAJKKE|F5B20DRAFT_mRNA578800	PF03171.27,PF14226.13	Complete	None
gene-F5B20DRAFT_534165	rna-gnl|WGS:JAJKKE|F5B20DRAFT_mRNA534165	PF00400.39,PF00400.39,PF23769.2,PF23869.2	Complete	None
gene-F5B20DRAFT_45379	rna-gnl|WGS:JAJKKE|F5B20DRAFT_mRNA45379		None	None
gene-F5B20DRAFT_534177	rna-gnl|WGS:JAJKKE|F5B20DRAFT_mRNA534177	PF24616.2	Complete	None
gene-F5B20DRAFT_534181	rna-gnl|WGS:JAJKKE|F5B20DRAFT_mRNA534181		None	None
gene-F5B20DRAFT_569502	rna-gnl|WGS:JAJKKE|F5B20DRAFT_mRNA569502	PF06985.18,PF26640.1	Partial	None
gene-F5B20DRAFT_534193	rna-gnl|WGS:JAJKKE|F5B20DRAFT_mRNA534193	PF10294.16	Partial	None
gene-F5B20DRAFT_534194	rna-gnl|WGS:JAJKKE|F5B20DRAFT_mRNA534194		None	None
gene-F5B20DRAFT_534202	rna-gnl|WGS:JAJKKE|F5B20DRAFT_mRNA534202	PF28522.1	Complete	None
gene-F5B20DRAFT_569504	rna-gnl|WGS:JAJKKE|F5B20DRAFT_mRNA569504	PF01221.24	Partial	None
gene-F5B20DRAFT_588142	rna-gnl|WGS:JAJKKE|F5B20DRAFT_mRNA588142	PF00076.29,PF00076.29,PF00076.29,PF00076.29,PF00076.29	Complete	None
gene-F5B20DRAFT_588148	rna-gnl|WGS:JAJKKE|F5B20DRAFT_mRNA588148	PF01285.25	Complete	None
gene-F5B20DRAFT_45754	rna-gnl|WGS:JAJKKE|F5B20DRAFT_mRNA45754	PF24320.2	Partial	None
gene-F5B20DRAFT_588150	rna-gnl|WGS:JAJKKE|F5B20DRAFT_mRNA588150		None	None
gene-F5B20DRAFT_569507	rna-gnl|WGS:JAJKKE|F5B20DRAFT_mRNA569507	PF02225.28,PF04253.21,PF04389.23	Complete	None
gene-F5B20DRAFT_534223	rna-gnl|WGS:JAJKKE|F5B20DRAFT_mRNA534223	PF00135.35,PF20434.6	Partial	None
gene-F5B20DRAFT_534225	rna-gnl|WGS:JAJKKE|F5B20DRAFT_mRNA534225	PF08510.18	Partial	None
gene-F5B20DRAFT_534226	rna-gnl|WGS:JAJKKE|F5B20DRAFT_mRNA534226	PF00022.27	Partial	None
gene-F5B20DRAFT_534228	rna-gnl|WGS:JAJKKE|F5B20DRAFT_mRNA534228	PF01168.27,PF14031.14	Complete	None
gene-F5B20DRAFT_45896	rna-gnl|WGS:JAJKKE|F5B20DRAFT_mRNA45896	PF12157.14	Partial	None
gene-F5B20DRAFT_534238	rna-gnl|WGS:JAJKKE|F5B20DRAFT_mRNA534238		None	None
gene-F5B20DRAFT_45986	rna-gnl|WGS:JAJKKE|F5B20DRAFT_mRNA45986	PF00319.24	Partial	None
gene-F5B20DRAFT_534250	rna-gnl|WGS:JAJKKE|F5B20DRAFT_mRNA534250		None	None
gene-F5B20DRAFT_534252	rna-gnl|WGS:JAJKKE|F5B20DRAFT_mRNA534252		None	None
gene-F5B20DRAFT_578821	rna-gnl|WGS:JAJKKE|F5B20DRAFT_mRNA578821		None	None
gene-F5B20DRAFT_46021	rna-gnl|WGS:JAJKKE|F5B20DRAFT_mRNA46021	PF08101.17	Partial	None
gene-F5B20DRAFT_46093	rna-gnl|WGS:JAJKKE|F5B20DRAFT_mRNA46093	PF03167.26	Partial	None
gene-F5B20DRAFT_46091	rna-gnl|WGS:JAJKKE|F5B20DRAFT_mRNA46091	PF00153.33,PF00153.33,PF00153.33,PF00153.33	Complete	None
gene-F5B20DRAFT_534265	rna-gnl|WGS:JAJKKE|F5B20DRAFT_mRNA534265	PF12937.13,PF19270.5	Complete	None
gene-F5B20DRAFT_578826	rna-gnl|WGS:JAJKKE|F5B20DRAFT_mRNA578826		None	None
gene-F5B20DRAFT_534267	rna-gnl|WGS:JAJKKE|F5B20DRAFT_mRNA534267	PF01717.25	Partial	None
gene-F5B20DRAFT_534269	rna-gnl|WGS:JAJKKE|F5B20DRAFT_mRNA534269	PF00107.33,PF08240.18	Partial	None
gene-F5B20DRAFT_46179	rna-gnl|WGS:JAJKKE|F5B20DRAFT_mRNA46179	PF00067.28	Partial	None
gene-F5B20DRAFT_534272	rna-gnl|WGS:JAJKKE|F5B20DRAFT_mRNA534272		None	None
gene-F5B20DRAFT_569517	rna-gnl|WGS:JAJKKE|F5B20DRAFT_mRNA569517		None	None
gene-F5B20DRAFT_46194	rna-gnl|WGS:JAJKKE|F5B20DRAFT_mRNA46194		None	None
gene-F5B20DRAFT_578832	rna-gnl|WGS:JAJKKE|F5B20DRAFT_mRNA578832	PF04145.21	Partial	None
gene-F5B20DRAFT_534280	rna-gnl|WGS:JAJKKE|F5B20DRAFT_mRNA534280	PF05141.18	Partial	None
gene-F5B20DRAFT_588161	rna-gnl|WGS:JAJKKE|F5B20DRAFT_mRNA588161	PF00067.28	Partial	None
gene-F5B20DRAFT_46482	rna-gnl|WGS:JAJKKE|F5B20DRAFT_mRNA46482	PF00083.31,PF07690.22	Partial	None
gene-F5B20DRAFT_588165	rna-gnl|WGS:JAJKKE|F5B20DRAFT_mRNA588165		None	None
gene-F5B20DRAFT_534288	rna-gnl|WGS:JAJKKE|F5B20DRAFT_mRNA534288	PF01398.27,PF14464.12,PF23594.2	Complete	None
gene-F5B20DRAFT_578838	rna-gnl|WGS:JAJKKE|F5B20DRAFT_mRNA578838	PF00850.25	Partial	None
gene-F5B20DRAFT_569521	rna-gnl|WGS:JAJKKE|F5B20DRAFT_mRNA569521	PF00732.26,PF05199.20,PF13450.13	Complete	None
gene-F5B20DRAFT_578840	rna-gnl|WGS:JAJKKE|F5B20DRAFT_mRNA578840	PF00106.32,PF13561.13	Partial	None
gene-F5B20DRAFT_534293	rna-gnl|WGS:JAJKKE|F5B20DRAFT_mRNA534293	PF13409.13,PF13417.13,PF22041.2	Partial	None
gene-F5B20DRAFT_534299	rna-gnl|WGS:JAJKKE|F5B20DRAFT_mRNA534299	PF00238.25	Partial	None
gene-F5B20DRAFT_46700	rna-gnl|WGS:JAJKKE|F5B20DRAFT_mRNA46700		None	None
gene-F5B20DRAFT_46732	rna-gnl|WGS:JAJKKE|F5B20DRAFT_mRNA46732	PF10310.16	Partial	None
gene-F5B20DRAFT_46720	rna-gnl|WGS:JAJKKE|F5B20DRAFT_mRNA46720		None	None
gene-F5B20DRAFT_534308	rna-gnl|WGS:JAJKKE|F5B20DRAFT_mRNA534308	PF00390.25,PF03949.22	Partial	None
gene-F5B20DRAFT_534309	rna-gnl|WGS:JAJKKE|F5B20DRAFT_mRNA534309	PF06985.18,PF26639.1	Complete	None
gene-F5B20DRAFT_569524	rna-gnl|WGS:JAJKKE|F5B20DRAFT_mRNA569524	PF01494.26,PF07976.20	Complete	None
gene-F5B20DRAFT_588167	rna-gnl|WGS:JAJKKE|F5B20DRAFT_mRNA588167	PF01231.24	Partial	None
gene-F5B20DRAFT_534316	rna-gnl|WGS:JAJKKE|F5B20DRAFT_mRNA534316	PF00067.28	Partial	None
gene-F5B20DRAFT_534317	rna-gnl|WGS:JAJKKE|F5B20DRAFT_mRNA534317	PF07173.18,PF07173.18	Complete	None
gene-F5B20DRAFT_578851	rna-gnl|WGS:JAJKKE|F5B20DRAFT_mRNA578851	PF00545.26	Partial	None
gene-F5B20DRAFT_534318	rna-gnl|WGS:JAJKKE|F5B20DRAFT_mRNA534318	PF12311.14	Partial	None
gene-F5B20DRAFT_46855	rna-gnl|WGS:JAJKKE|F5B20DRAFT_mRNA46855	PF01565.29,PF02913.25	Partial	None
gene-F5B20DRAFT_46851	rna-gnl|WGS:JAJKKE|F5B20DRAFT_mRNA46851	PF00264.26	Partial	None
gene-F5B20DRAFT_578855	rna-gnl|WGS:JAJKKE|F5B20DRAFT_mRNA578855		None	None
gene-F5B20DRAFT_569528	rna-gnl|WGS:JAJKKE|F5B20DRAFT_mRNA569528	PF00172.24,PF04082.24	Complete	None
gene-F5B20DRAFT_46964	rna-gnl|WGS:JAJKKE|F5B20DRAFT_mRNA46964		None	None
gene-F5B20DRAFT_534328	rna-gnl|WGS:JAJKKE|F5B20DRAFT_mRNA534328	PF00107.33,PF08240.18,PF13602.13	Partial	None
gene-F5B20DRAFT_534333	rna-gnl|WGS:JAJKKE|F5B20DRAFT_mRNA534333	PF00106.32,PF08659.17,PF13561.13	Partial	None
gene-F5B20DRAFT_534335	rna-gnl|WGS:JAJKKE|F5B20DRAFT_mRNA534335	PF00106.32,PF08659.17,PF13561.13	Partial	None
gene-F5B20DRAFT_534337	rna-gnl|WGS:JAJKKE|F5B20DRAFT_mRNA534337	PF00172.24,PF11951.14	Partial	None
gene-F5B20DRAFT_534340	rna-gnl|WGS:JAJKKE|F5B20DRAFT_mRNA534340	PF00324.28,PF13520.13	Partial	None
gene-F5B20DRAFT_534342	rna-gnl|WGS:JAJKKE|F5B20DRAFT_mRNA534342	PF00106.32,PF08659.17,PF13561.13	Partial	None
gene-F5B20DRAFT_534343	rna-gnl|WGS:JAJKKE|F5B20DRAFT_mRNA534343	PF00743.26,PF13450.13	Partial	None
gene-F5B20DRAFT_534346	rna-gnl|WGS:JAJKKE|F5B20DRAFT_mRNA534346	PF00248.28	Partial	None
gene-F5B20DRAFT_47171	rna-gnl|WGS:JAJKKE|F5B20DRAFT_mRNA47171	PF00478.32,PF01645.24,PF03060.22	Partial	None
gene-F5B20DRAFT_47203	rna-gnl|WGS:JAJKKE|F5B20DRAFT_mRNA47203	PF01494.26	Partial	None
gene-F5B20DRAFT_534355	rna-gnl|WGS:JAJKKE|F5B20DRAFT_mRNA534355	PF20150.5	Partial	None
gene-F5B20DRAFT_569536	rna-gnl|WGS:JAJKKE|F5B20DRAFT_mRNA569536	PF00368.24,PF02460.25,PF12349.15,PF13323.12	Complete	None
gene-F5B20DRAFT_534357	rna-gnl|WGS:JAJKKE|F5B20DRAFT_mRNA534357	PF00857.27	Partial	None
gene-F5B20DRAFT_588181	rna-gnl|WGS:JAJKKE|F5B20DRAFT_mRNA588181		None	None
gene-F5B20DRAFT_47305	rna-gnl|WGS:JAJKKE|F5B20DRAFT_mRNA47305		None	None
gene-F5B20DRAFT_534361	rna-gnl|WGS:JAJKKE|F5B20DRAFT_mRNA534361		None	None
gene-F5B20DRAFT_534362	rna-gnl|WGS:JAJKKE|F5B20DRAFT_mRNA534362	PF15458.12	Partial	None
gene-F5B20DRAFT_534370	rna-gnl|WGS:JAJKKE|F5B20DRAFT_mRNA534370	PF12955.14	Complete	None
gene-F5B20DRAFT_578874	rna-gnl|WGS:JAJKKE|F5B20DRAFT_mRNA578874		None	None
gene-F5B20DRAFT_47369	rna-gnl|WGS:JAJKKE|F5B20DRAFT_mRNA47369		None	None
gene-F5B20DRAFT_578876	rna-gnl|WGS:JAJKKE|F5B20DRAFT_mRNA578876		None	None
gene-F5B20DRAFT_534380	rna-gnl|WGS:JAJKKE|F5B20DRAFT_mRNA534380		None	None
gene-F5B20DRAFT_588183	rna-gnl|WGS:JAJKKE|F5B20DRAFT_mRNA588183	PF01176.27	Partial	None
gene-F5B20DRAFT_534384	rna-gnl|WGS:JAJKKE|F5B20DRAFT_mRNA534384	PF00067.28	Partial	None
gene-F5B20DRAFT_47423	rna-gnl|WGS:JAJKKE|F5B20DRAFT_mRNA47423	PF00083.31,PF07690.22,PF07690.22	Partial	None
gene-F5B20DRAFT_47446	rna-gnl|WGS:JAJKKE|F5B20DRAFT_mRNA47446	PF00383.30,PF14437.13	Partial	None
gene-F5B20DRAFT_534390	rna-gnl|WGS:JAJKKE|F5B20DRAFT_mRNA534390		None	None
gene-F5B20DRAFT_588184	rna-gnl|WGS:JAJKKE|F5B20DRAFT_mRNA588184	PF01494.26,PF13450.13	Partial	None
gene-F5B20DRAFT_569539	rna-gnl|WGS:JAJKKE|F5B20DRAFT_mRNA569539	PF00027.36,PF00027.36,PF00107.33,PF00646.39,PF08240.18,PF12937.13,PF13516.13,PF13602.13,PF16643.11,PF25372.2	Complete	None
gene-F5B20DRAFT_534404	rna-gnl|WGS:JAJKKE|F5B20DRAFT_mRNA534404	PF01027.27	Partial	None
gene-F5B20DRAFT_534405	rna-gnl|WGS:JAJKKE|F5B20DRAFT_mRNA534405		None	None
gene-F5B20DRAFT_534408	rna-gnl|WGS:JAJKKE|F5B20DRAFT_mRNA534408	PF01625.29	Partial	None
gene-F5B20DRAFT_47734	rna-gnl|WGS:JAJKKE|F5B20DRAFT_mRNA47734	PF01906.25	Partial	None
gene-F5B20DRAFT_534412	rna-gnl|WGS:JAJKKE|F5B20DRAFT_mRNA534412	PF00293.35	Partial	None
gene-F5B20DRAFT_569541	rna-gnl|WGS:JAJKKE|F5B20DRAFT_mRNA569541	PF30669.1	Partial	None
gene-F5B20DRAFT_47770	rna-gnl|WGS:JAJKKE|F5B20DRAFT_mRNA47770		None	None
gene-F5B20DRAFT_578891	rna-gnl|WGS:JAJKKE|F5B20DRAFT_mRNA578891		None	None
gene-F5B20DRAFT_534418	rna-gnl|WGS:JAJKKE|F5B20DRAFT_mRNA534418		None	None
gene-F5B20DRAFT_534423	rna-gnl|WGS:JAJKKE|F5B20DRAFT_mRNA534423	PF00953.27	Partial	None
gene-F5B20DRAFT_569543	rna-gnl|WGS:JAJKKE|F5B20DRAFT_mRNA569543	PF00083.31,PF07690.22	Partial	None
gene-F5B20DRAFT_569544	rna-gnl|WGS:JAJKKE|F5B20DRAFT_mRNA569544	PF00400.39,PF00400.39,PF00400.39	Complete	None
gene-F5B20DRAFT_534427	rna-gnl|WGS:JAJKKE|F5B20DRAFT_mRNA534427		None	None
gene-F5B20DRAFT_534430	rna-gnl|WGS:JAJKKE|F5B20DRAFT_mRNA534430	PF03443.21	Partial	None
gene-F5B20DRAFT_534434	rna-gnl|WGS:JAJKKE|F5B20DRAFT_mRNA534434	PF00096.33	Complete	None
gene-F5B20DRAFT_534436	rna-gnl|WGS:JAJKKE|F5B20DRAFT_mRNA534436	PF12388.15	Partial	None
gene-F5B20DRAFT_588198	rna-gnl|WGS:JAJKKE|F5B20DRAFT_mRNA588198	PF00097.32,PF13445.13,PF13639.13,PF13920.13	Complete	None
gene-F5B20DRAFT_534440	rna-gnl|WGS:JAJKKE|F5B20DRAFT_mRNA534440	PF14580.13	Partial	None
gene-F5B20DRAFT_534443	rna-gnl|WGS:JAJKKE|F5B20DRAFT_mRNA534443	PF00808.30	Partial	None
gene-F5B20DRAFT_534446	rna-gnl|WGS:JAJKKE|F5B20DRAFT_mRNA534446	PF00571.34,PF00654.26	Complete	None
gene-F5B20DRAFT_534450	rna-gnl|WGS:JAJKKE|F5B20DRAFT_mRNA534450		None	None
gene-F5B20DRAFT_578904	rna-gnl|WGS:JAJKKE|F5B20DRAFT_mRNA578904	PF02268.22,PF02751.21	Partial	None
gene-F5B20DRAFT_48180	rna-gnl|WGS:JAJKKE|F5B20DRAFT_mRNA48180	PF00176.30,PF00271.38,PF04851.22	Complete	None
gene-F5B20DRAFT_588202	rna-gnl|WGS:JAJKKE|F5B20DRAFT_mRNA588202		None	None
gene-F5B20DRAFT_534458	rna-gnl|WGS:JAJKKE|F5B20DRAFT_mRNA534458	PF05916.17,PF25005.2	Partial	None
gene-F5B20DRAFT_534460	rna-gnl|WGS:JAJKKE|F5B20DRAFT_mRNA534460		None	None
gene-F5B20DRAFT_534465	rna-gnl|WGS:JAJKKE|F5B20DRAFT_mRNA534465	PF00248.28	Partial	None
gene-F5B20DRAFT_569553	rna-gnl|WGS:JAJKKE|F5B20DRAFT_mRNA569553		None	None
gene-F5B20DRAFT_569554	rna-gnl|WGS:JAJKKE|F5B20DRAFT_mRNA569554	PF00172.24	Complete	None
gene-F5B20DRAFT_48421	rna-gnl|WGS:JAJKKE|F5B20DRAFT_mRNA48421	PF10282.16	Partial	None
gene-F5B20DRAFT_48628	rna-gnl|WGS:JAJKKE|F5B20DRAFT_mRNA48628		None	None
gene-F5B20DRAFT_534529	rna-gnl|WGS:JAJKKE|F5B20DRAFT_mRNA534529	PF06807.20,PF16573.11,PF16575.12	Complete	None
gene-F5B20DRAFT_534530	rna-gnl|WGS:JAJKKE|F5B20DRAFT_mRNA534530	PF03770.23	Partial	None
gene-F5B20DRAFT_534533	rna-gnl|WGS:JAJKKE|F5B20DRAFT_mRNA534533	PF09692.16	Partial	None
gene-F5B20DRAFT_578916	rna-gnl|WGS:JAJKKE|F5B20DRAFT_mRNA578916		None	None
gene-F5B20DRAFT_48714	rna-gnl|WGS:JAJKKE|F5B20DRAFT_mRNA48714	PF06985.18	Partial	None
gene-F5B20DRAFT_534541	rna-gnl|WGS:JAJKKE|F5B20DRAFT_mRNA534541		None	None
gene-F5B20DRAFT_534543	rna-gnl|WGS:JAJKKE|F5B20DRAFT_mRNA534543	PF00850.25	Partial	None
gene-F5B20DRAFT_48793	rna-gnl|WGS:JAJKKE|F5B20DRAFT_mRNA48793	PF01656.30,PF10609.16	Partial	None
gene-F5B20DRAFT_48809	rna-gnl|WGS:JAJKKE|F5B20DRAFT_mRNA48809	PF00241.26	Partial	None
gene-F5B20DRAFT_534551	rna-gnl|WGS:JAJKKE|F5B20DRAFT_mRNA534551	PF03221.23,PF05920.18	Complete	None
gene-F5B20DRAFT_569563	rna-gnl|WGS:JAJKKE|F5B20DRAFT_mRNA569563	PF00067.28	Partial	None
gene-F5B20DRAFT_48892	rna-gnl|WGS:JAJKKE|F5B20DRAFT_mRNA48892		None	None
gene-F5B20DRAFT_578927	rna-gnl|WGS:JAJKKE|F5B20DRAFT_mRNA578927		None	None
gene-F5B20DRAFT_534574	rna-gnl|WGS:JAJKKE|F5B20DRAFT_mRNA534574	PF00750.26,PF05746.22	Complete	None
gene-F5B20DRAFT_578929	rna-gnl|WGS:JAJKKE|F5B20DRAFT_mRNA578929	PF11905.14	Complete	None
gene-F5B20DRAFT_588214	rna-gnl|WGS:JAJKKE|F5B20DRAFT_mRNA588214	PF02219.24,PF21895.2,PF21897.2	Complete	None
gene-F5B20DRAFT_534579	rna-gnl|WGS:JAJKKE|F5B20DRAFT_mRNA534579		None	None
gene-F5B20DRAFT_569566	rna-gnl|WGS:JAJKKE|F5B20DRAFT_mRNA569566	PF01699.30,PF01699.30	Complete	None
gene-F5B20DRAFT_569567	rna-gnl|WGS:JAJKKE|F5B20DRAFT_mRNA569567	PF09362.16	Partial	None
gene-F5B20DRAFT_534591	rna-gnl|WGS:JAJKKE|F5B20DRAFT_mRNA534591		None	None
gene-F5B20DRAFT_534592	rna-gnl|WGS:JAJKKE|F5B20DRAFT_mRNA534592	PF00023.37,PF12796.14,PF12796.14,PF13606.13,PF13637.13,PF13637.13,PF14420.12	Complete	None
gene-F5B20DRAFT_578936	rna-gnl|WGS:JAJKKE|F5B20DRAFT_mRNA578936		None	None
gene-F5B20DRAFT_534595	rna-gnl|WGS:JAJKKE|F5B20DRAFT_mRNA534595	PF07690.22	Partial	None
gene-F5B20DRAFT_534596	rna-gnl|WGS:JAJKKE|F5B20DRAFT_mRNA534596	PF00067.28	Partial	None
gene-F5B20DRAFT_49229	rna-gnl|WGS:JAJKKE|F5B20DRAFT_mRNA49229	PF00083.31,PF07690.22	Partial	None
gene-F5B20DRAFT_49302	rna-gnl|WGS:JAJKKE|F5B20DRAFT_mRNA49302	PF00004.36,PF00628.36,PF07693.21,PF13401.13,PF13831.13,PF14629.13	Complete	None
gene-F5B20DRAFT_49303	rna-gnl|WGS:JAJKKE|F5B20DRAFT_mRNA49303	PF23155.2	Partial	None
gene-F5B20DRAFT_588225	rna-gnl|WGS:JAJKKE|F5B20DRAFT_mRNA588225	PF00610.28,PF00615.25,PF25889.1	Complete	None
gene-F5B20DRAFT_49440	rna-gnl|WGS:JAJKKE|F5B20DRAFT_mRNA49440		None	None
gene-F5B20DRAFT_49602	rna-gnl|WGS:JAJKKE|F5B20DRAFT_mRNA49602	PF05179.21	Partial	None
gene-F5B20DRAFT_49592	rna-gnl|WGS:JAJKKE|F5B20DRAFT_mRNA49592	PF04177.19	Partial	None
gene-F5B20DRAFT_588229	rna-gnl|WGS:JAJKKE|F5B20DRAFT_mRNA588229	PF00270.36,PF00271.38,PF00636.32,PF00636.32,PF03368.20,PF04851.22,PF14622.12,PF24995.2,PF26744.1	Complete	None
gene-F5B20DRAFT_49623	rna-gnl|WGS:JAJKKE|F5B20DRAFT_mRNA49623		None	None
gene-F5B20DRAFT_49636	rna-gnl|WGS:JAJKKE|F5B20DRAFT_mRNA49636		None	None
gene-F5B20DRAFT_588231	rna-gnl|WGS:JAJKKE|F5B20DRAFT_mRNA588231		None	None
gene-F5B20DRAFT_534660	rna-gnl|WGS:JAJKKE|F5B20DRAFT_mRNA534660	PF01088.28	Partial	None
gene-F5B20DRAFT_578953	rna-gnl|WGS:JAJKKE|F5B20DRAFT_mRNA578953		None	None
gene-F5B20DRAFT_534661	rna-gnl|WGS:JAJKKE|F5B20DRAFT_mRNA534661	PF00023.37	Complete	None
gene-F5B20DRAFT_534662	rna-gnl|WGS:JAJKKE|F5B20DRAFT_mRNA534662	PF20150.5	Partial	None
gene-F5B20DRAFT_49691	rna-gnl|WGS:JAJKKE|F5B20DRAFT_mRNA49691	PF00561.27,PF12146.16,PF12697.14	Partial	None
gene-F5B20DRAFT_534667	rna-gnl|WGS:JAJKKE|F5B20DRAFT_mRNA534667	PF00067.28	Partial	None
gene-F5B20DRAFT_534668	rna-gnl|WGS:JAJKKE|F5B20DRAFT_mRNA534668	PF01464.26	Partial	None
gene-F5B20DRAFT_534671	rna-gnl|WGS:JAJKKE|F5B20DRAFT_mRNA534671	PF00561.27,PF12146.16,PF12697.14	Partial	None
gene-F5B20DRAFT_578960	rna-gnl|WGS:JAJKKE|F5B20DRAFT_mRNA578960		None	None
gene-F5B20DRAFT_534676	rna-gnl|WGS:JAJKKE|F5B20DRAFT_mRNA534676	PF03907.19	Partial	None
gene-F5B20DRAFT_534678	rna-gnl|WGS:JAJKKE|F5B20DRAFT_mRNA534678	PF00782.26	Partial	None
gene-F5B20DRAFT_588234	rna-gnl|WGS:JAJKKE|F5B20DRAFT_mRNA588234		None	None
gene-F5B20DRAFT_50079	rna-gnl|WGS:JAJKKE|F5B20DRAFT_mRNA50079		None	None
gene-F5B20DRAFT_578965	rna-gnl|WGS:JAJKKE|F5B20DRAFT_mRNA578965	PF01408.29,PF22685.2	Partial	None
gene-F5B20DRAFT_534688	rna-gnl|WGS:JAJKKE|F5B20DRAFT_mRNA534688	PF12761.14,PF12763.14	Complete	None
gene-F5B20DRAFT_49966	rna-gnl|WGS:JAJKKE|F5B20DRAFT_mRNA49966	PF00070.34,PF07992.21	Complete	None
gene-F5B20DRAFT_49861	rna-gnl|WGS:JAJKKE|F5B20DRAFT_mRNA49861	PF00887.25	Partial	None
gene-F5B20DRAFT_569586	rna-gnl|WGS:JAJKKE|F5B20DRAFT_mRNA569586	PF06087.19	Partial	None
gene-F5B20DRAFT_50248	rna-gnl|WGS:JAJKKE|F5B20DRAFT_mRNA50248	PF00085.27,PF00085.27	Complete	None
gene-F5B20DRAFT_578971	rna-gnl|WGS:JAJKKE|F5B20DRAFT_mRNA578971	PF00614.30,PF00614.30,PF00614.30,PF13091.13	Complete	None
gene-F5B20DRAFT_50266	rna-gnl|WGS:JAJKKE|F5B20DRAFT_mRNA50266	PF08159.18,PF25121.1	Complete	None
gene-F5B20DRAFT_578973	rna-gnl|WGS:JAJKKE|F5B20DRAFT_mRNA578973	PF01494.26,PF13450.13	Partial	None
gene-F5B20DRAFT_569590	rna-gnl|WGS:JAJKKE|F5B20DRAFT_mRNA569590	PF00069.32,PF07714.24,PF26616.1	Complete	None
gene-F5B20DRAFT_578975	rna-gnl|WGS:JAJKKE|F5B20DRAFT_mRNA578975		None	None
gene-F5B20DRAFT_534732	rna-gnl|WGS:JAJKKE|F5B20DRAFT_mRNA534732	PF00083.31,PF07690.22	Partial	None
gene-F5B20DRAFT_534737	rna-gnl|WGS:JAJKKE|F5B20DRAFT_mRNA534737		None	None
gene-F5B20DRAFT_578977	rna-gnl|WGS:JAJKKE|F5B20DRAFT_mRNA578977	PF00067.28	Partial	None
gene-F5B20DRAFT_50586	rna-gnl|WGS:JAJKKE|F5B20DRAFT_mRNA50586	PF21340.5	Partial	None
gene-F5B20DRAFT_50573	rna-gnl|WGS:JAJKKE|F5B20DRAFT_mRNA50573	PF00994.30,PF00994.30,PF03453.23,PF03454.21	Complete	None
gene-F5B20DRAFT_578980	rna-gnl|WGS:JAJKKE|F5B20DRAFT_mRNA578980	PF01900.25	Partial	None
gene-F5B20DRAFT_578981	rna-gnl|WGS:JAJKKE|F5B20DRAFT_mRNA578981	PF03029.24	Partial	None
gene-F5B20DRAFT_50641	rna-gnl|WGS:JAJKKE|F5B20DRAFT_mRNA50641	PF13374.13	Partial	None
gene-F5B20DRAFT_50631	rna-gnl|WGS:JAJKKE|F5B20DRAFT_mRNA50631	PF18637.8	Partial	None
gene-F5B20DRAFT_578983	rna-gnl|WGS:JAJKKE|F5B20DRAFT_mRNA578983	PF00400.39,PF00400.39,PF00400.39	Complete	None
gene-F5B20DRAFT_588241	rna-gnl|WGS:JAJKKE|F5B20DRAFT_mRNA588241		None	None
gene-F5B20DRAFT_534769	rna-gnl|WGS:JAJKKE|F5B20DRAFT_mRNA534769	PF00248.28	Partial	None
gene-F5B20DRAFT_50753	rna-gnl|WGS:JAJKKE|F5B20DRAFT_mRNA50753		None	None
gene-F5B20DRAFT_50717	rna-gnl|WGS:JAJKKE|F5B20DRAFT_mRNA50717	PF00400.39,PF00400.39,PF00400.39,PF00400.39,PF23098.2	Complete	None
gene-F5B20DRAFT_50836	rna-gnl|WGS:JAJKKE|F5B20DRAFT_mRNA50836	PF01817.27	Complete	None
gene-F5B20DRAFT_569599	rna-gnl|WGS:JAJKKE|F5B20DRAFT_mRNA569599	PF13862.12	Partial	None
gene-F5B20DRAFT_50874	rna-gnl|WGS:JAJKKE|F5B20DRAFT_mRNA50874		None	None
gene-F5B20DRAFT_534849	rna-gnl|WGS:JAJKKE|F5B20DRAFT_mRNA534849	PF00854.28	Partial	None
gene-F5B20DRAFT_588248	rna-gnl|WGS:JAJKKE|F5B20DRAFT_mRNA588248		None	None
gene-F5B20DRAFT_578992	rna-gnl|WGS:JAJKKE|F5B20DRAFT_mRNA578992	PF01699.30,PF01699.30	Complete	None
gene-F5B20DRAFT_51384	rna-gnl|WGS:JAJKKE|F5B20DRAFT_mRNA51384	PF00610.28,PF12257.15,PF19418.5,PF29595.1	Complete	None
gene-F5B20DRAFT_569603	rna-gnl|WGS:JAJKKE|F5B20DRAFT_mRNA569603	PF00106.32,PF08659.17,PF13561.13	Partial	None
gene-F5B20DRAFT_534872	rna-gnl|WGS:JAJKKE|F5B20DRAFT_mRNA534872	PF01545.27	Partial	None
gene-F5B20DRAFT_534885	rna-gnl|WGS:JAJKKE|F5B20DRAFT_mRNA534885	PF00743.26,PF13450.13	Partial	None
gene-F5B20DRAFT_588256	rna-gnl|WGS:JAJKKE|F5B20DRAFT_mRNA588256	PF00106.32,PF13561.13	Partial	None
gene-F5B20DRAFT_569615	rna-gnl|WGS:JAJKKE|F5B20DRAFT_mRNA569615	PF04199.20	Partial	None
gene-F5B20DRAFT_534916	rna-gnl|WGS:JAJKKE|F5B20DRAFT_mRNA534916		None	None
gene-F5B20DRAFT_51967	rna-gnl|WGS:JAJKKE|F5B20DRAFT_mRNA51967	PF14636.13	Partial	None
gene-F5B20DRAFT_534929	rna-gnl|WGS:JAJKKE|F5B20DRAFT_mRNA534929	PF02811.27	Partial	None
gene-F5B20DRAFT_52004	rna-gnl|WGS:JAJKKE|F5B20DRAFT_mRNA52004	PF00076.29,PF01480.23	Complete	None
gene-F5B20DRAFT_51996	rna-gnl|WGS:JAJKKE|F5B20DRAFT_mRNA51996	PF07992.21	Partial	None
gene-F5B20DRAFT_534934	rna-gnl|WGS:JAJKKE|F5B20DRAFT_mRNA534934	PF09084.17	Partial	None
gene-F5B20DRAFT_52063	rna-gnl|WGS:JAJKKE|F5B20DRAFT_mRNA52063	PF06516.18	Partial	None
gene-F5B20DRAFT_52053	rna-gnl|WGS:JAJKKE|F5B20DRAFT_mRNA52053		None	None
gene-F5B20DRAFT_579006	rna-gnl|WGS:JAJKKE|F5B20DRAFT_mRNA579006		None	None
gene-F5B20DRAFT_534938	rna-gnl|WGS:JAJKKE|F5B20DRAFT_mRNA534938	PF12311.14	Partial	None
gene-F5B20DRAFT_579009	rna-gnl|WGS:JAJKKE|F5B20DRAFT_mRNA579009		None	None
gene-F5B20DRAFT_52505	rna-gnl|WGS:JAJKKE|F5B20DRAFT_mRNA52505		None	None
gene-F5B20DRAFT_52553	rna-gnl|WGS:JAJKKE|F5B20DRAFT_mRNA52553	PF26616.1	Partial	None
gene-F5B20DRAFT_52386	rna-gnl|WGS:JAJKKE|F5B20DRAFT_mRNA52386	PF00069.32	Partial	None
gene-F5B20DRAFT_569619	rna-gnl|WGS:JAJKKE|F5B20DRAFT_mRNA569619	PF00295.24	Partial	None
gene-F5B20DRAFT_579014	rna-gnl|WGS:JAJKKE|F5B20DRAFT_mRNA579014	PF00378.26,PF16113.11	Partial	None
gene-F5B20DRAFT_579015	rna-gnl|WGS:JAJKKE|F5B20DRAFT_mRNA579015	PF01480.23	Complete	None
gene-F5B20DRAFT_52609	rna-gnl|WGS:JAJKKE|F5B20DRAFT_mRNA52609	PF01165.26	Complete	None
gene-F5B20DRAFT_534968	rna-gnl|WGS:JAJKKE|F5B20DRAFT_mRNA534968	PF07859.20,PF20434.6	Partial	None
gene-F5B20DRAFT_52645	rna-gnl|WGS:JAJKKE|F5B20DRAFT_mRNA52645	PF09962.15	Partial	None
gene-F5B20DRAFT_579020	rna-gnl|WGS:JAJKKE|F5B20DRAFT_mRNA579020		None	None
gene-F5B20DRAFT_588280	rna-gnl|WGS:JAJKKE|F5B20DRAFT_mRNA588280		None	None
gene-F5B20DRAFT_52684	rna-gnl|WGS:JAJKKE|F5B20DRAFT_mRNA52684		None	None
gene-F5B20DRAFT_52708	rna-gnl|WGS:JAJKKE|F5B20DRAFT_mRNA52708	PF00646.39,PF12937.13	Partial	None
gene-F5B20DRAFT_52743	rna-gnl|WGS:JAJKKE|F5B20DRAFT_mRNA52743	PF00117.35	Partial	None
gene-F5B20DRAFT_579025	rna-gnl|WGS:JAJKKE|F5B20DRAFT_mRNA579025	PF11710.15,PF11970.15	Complete	None
gene-F5B20DRAFT_579026	rna-gnl|WGS:JAJKKE|F5B20DRAFT_mRNA579026		None	None
gene-F5B20DRAFT_534983	rna-gnl|WGS:JAJKKE|F5B20DRAFT_mRNA534983	PF00703.28,PF02836.24,PF02837.25,PF16355.12,PF18565.8	Complete	None
gene-F5B20DRAFT_534985	rna-gnl|WGS:JAJKKE|F5B20DRAFT_mRNA534985	PF03403.20	Partial	None
gene-F5B20DRAFT_534989	rna-gnl|WGS:JAJKKE|F5B20DRAFT_mRNA534989		None	None
gene-F5B20DRAFT_534990	rna-gnl|WGS:JAJKKE|F5B20DRAFT_mRNA534990	PF07883.18	Partial	None
gene-F5B20DRAFT_534992	rna-gnl|WGS:JAJKKE|F5B20DRAFT_mRNA534992		None	None
gene-F5B20DRAFT_52936	rna-gnl|WGS:JAJKKE|F5B20DRAFT_mRNA52936	PF07519.18	Partial	None
gene-F5B20DRAFT_52948	rna-gnl|WGS:JAJKKE|F5B20DRAFT_mRNA52948	PF27522.2	Partial	None
gene-F5B20DRAFT_52952	rna-gnl|WGS:JAJKKE|F5B20DRAFT_mRNA52952	PF14661.12	Partial	None
gene-F5B20DRAFT_52989	rna-gnl|WGS:JAJKKE|F5B20DRAFT_mRNA52989		None	None
gene-F5B20DRAFT_53012	rna-gnl|WGS:JAJKKE|F5B20DRAFT_mRNA53012	PF00171.28	Partial	None
gene-F5B20DRAFT_579035	rna-gnl|WGS:JAJKKE|F5B20DRAFT_mRNA579035	PF00732.26,PF05199.20,PF05834.19,PF13450.13	Complete	None
gene-F5B20DRAFT_53023	rna-gnl|WGS:JAJKKE|F5B20DRAFT_mRNA53023	PF00270.36,PF00271.38,PF04851.22,PF13959.12	Complete	None
gene-F5B20DRAFT_535019	rna-gnl|WGS:JAJKKE|F5B20DRAFT_mRNA535019	PF01507.26	Partial	None
gene-F5B20DRAFT_535020	rna-gnl|WGS:JAJKKE|F5B20DRAFT_mRNA535020		None	None
gene-F5B20DRAFT_53134	rna-gnl|WGS:JAJKKE|F5B20DRAFT_mRNA53134	PF00106.32,PF01073.26,PF01370.28,PF02719.22,PF04321.24,PF07993.19,PF08659.17,PF16363.12	Partial	None
gene-F5B20DRAFT_579041	rna-gnl|WGS:JAJKKE|F5B20DRAFT_mRNA579041		None	None
gene-F5B20DRAFT_535040	rna-gnl|WGS:JAJKKE|F5B20DRAFT_mRNA535040	PF01494.26	Partial	None
gene-F5B20DRAFT_53264	rna-gnl|WGS:JAJKKE|F5B20DRAFT_mRNA53264	PF00106.32,PF08659.17,PF13561.13	Partial	None
gene-F5B20DRAFT_535046	rna-gnl|WGS:JAJKKE|F5B20DRAFT_mRNA535046	PF01565.29,PF08031.18	Complete	None
gene-F5B20DRAFT_535049	rna-gnl|WGS:JAJKKE|F5B20DRAFT_mRNA535049		None	None
gene-F5B20DRAFT_579046	rna-gnl|WGS:JAJKKE|F5B20DRAFT_mRNA579046	PF00106.32,PF00107.33,PF00109.33,PF00550.32,PF00698.27,PF02801.29,PF08240.18,PF08659.17,PF13602.13,PF14765.13,PF16197.12,PF21089.4,PF22621.3,PF23114.1,PF23297.2	Complete	None
gene-F5B20DRAFT_53596	rna-gnl|WGS:JAJKKE|F5B20DRAFT_mRNA53596	PF00240.30,PF11976.15	Partial	None
gene-F5B20DRAFT_579048	rna-gnl|WGS:JAJKKE|F5B20DRAFT_mRNA579048	PF00412.29,PF00412.29,PF00412.29	Complete	None
gene-F5B20DRAFT_535073	rna-gnl|WGS:JAJKKE|F5B20DRAFT_mRNA535073	PF07690.22	Partial	None
gene-F5B20DRAFT_535076	rna-gnl|WGS:JAJKKE|F5B20DRAFT_mRNA535076	PF00549.25,PF00549.25,PF02629.26,PF13607.12	Complete	None
gene-F5B20DRAFT_53974	rna-gnl|WGS:JAJKKE|F5B20DRAFT_mRNA53974		None	None
gene-F5B20DRAFT_579051	rna-gnl|WGS:JAJKKE|F5B20DRAFT_mRNA579051		None	None
gene-F5B20DRAFT_579052	rna-gnl|WGS:JAJKKE|F5B20DRAFT_mRNA579052	PF03781.24,PF10017.16,PF10017.16,PF12867.13	Complete	None
gene-F5B20DRAFT_54316	rna-gnl|WGS:JAJKKE|F5B20DRAFT_mRNA54316	PF01008.24	Partial	None
gene-F5B20DRAFT_54407	rna-gnl|WGS:JAJKKE|F5B20DRAFT_mRNA54407	PF20150.5	Partial	None
gene-F5B20DRAFT_54406	rna-gnl|WGS:JAJKKE|F5B20DRAFT_mRNA54406		None	None
gene-F5B20DRAFT_535102	rna-gnl|WGS:JAJKKE|F5B20DRAFT_mRNA535102	PF01702.26	Partial	None
gene-F5B20DRAFT_535104	rna-gnl|WGS:JAJKKE|F5B20DRAFT_mRNA535104		None	None
gene-F5B20DRAFT_535105	rna-gnl|WGS:JAJKKE|F5B20DRAFT_mRNA535105	PF10356.16,PF10356.16	Partial	None
gene-F5B20DRAFT_54450	rna-gnl|WGS:JAJKKE|F5B20DRAFT_mRNA54450	PF11221.14	Partial	None
gene-F5B20DRAFT_54454	rna-gnl|WGS:JAJKKE|F5B20DRAFT_mRNA54454	PF00702.33,PF13419.13	Partial	None
gene-F5B20DRAFT_535111	rna-gnl|WGS:JAJKKE|F5B20DRAFT_mRNA535111		None	None
gene-F5B20DRAFT_579061	rna-gnl|WGS:JAJKKE|F5B20DRAFT_mRNA579061	PF00013.36,PF00013.36,PF24563.2,PF29031.1,PF29529.1,PF29984.1,PF29998.1	Complete	None
gene-F5B20DRAFT_54593	rna-gnl|WGS:JAJKKE|F5B20DRAFT_mRNA54593	PF00583.32,PF13673.14	Complete	None
gene-F5B20DRAFT_535129	rna-gnl|WGS:JAJKKE|F5B20DRAFT_mRNA535129	PF01926.30,PF02421.25,PF06858.21,PF08155.17,PF17835.7	Complete	None
gene-F5B20DRAFT_535130	rna-gnl|WGS:JAJKKE|F5B20DRAFT_mRNA535130	PF00156.34	Partial	None
gene-F5B20DRAFT_535132	rna-gnl|WGS:JAJKKE|F5B20DRAFT_mRNA535132		None	None
gene-F5B20DRAFT_569657	rna-gnl|WGS:JAJKKE|F5B20DRAFT_mRNA569657	PF04082.24	Complete	None
gene-F5B20DRAFT_535153	rna-gnl|WGS:JAJKKE|F5B20DRAFT_mRNA535153	PF06984.19	Partial	None
gene-F5B20DRAFT_535155	rna-gnl|WGS:JAJKKE|F5B20DRAFT_mRNA535155	PF00996.25	Partial	None
gene-F5B20DRAFT_569659	rna-gnl|WGS:JAJKKE|F5B20DRAFT_mRNA569659		None	None
gene-F5B20DRAFT_55655	rna-gnl|WGS:JAJKKE|F5B20DRAFT_mRNA55655	PF08672.18,PF25773.2,PF26557.1	Complete	None
gene-F5B20DRAFT_535213	rna-gnl|WGS:JAJKKE|F5B20DRAFT_mRNA535213		None	None
gene-F5B20DRAFT_55992	rna-gnl|WGS:JAJKKE|F5B20DRAFT_mRNA55992		None	None
gene-F5B20DRAFT_55887	rna-gnl|WGS:JAJKKE|F5B20DRAFT_mRNA55887	PF12678.14,PF12861.14,PF13639.13	Complete	None
gene-F5B20DRAFT_535233	rna-gnl|WGS:JAJKKE|F5B20DRAFT_mRNA535233	PF00400.39,PF00400.39,PF00400.39,PF00400.39,PF00400.39,PF00400.39,PF00400.39,PF00400.39,PF04003.18,PF25172.2,PF25173.2	Complete	None
gene-F5B20DRAFT_535234	rna-gnl|WGS:JAJKKE|F5B20DRAFT_mRNA535234	PF04045.20	Partial	None
gene-F5B20DRAFT_535235	rna-gnl|WGS:JAJKKE|F5B20DRAFT_mRNA535235		None	None
gene-F5B20DRAFT_569663	rna-gnl|WGS:JAJKKE|F5B20DRAFT_mRNA569663		None	None
gene-F5B20DRAFT_535236	rna-gnl|WGS:JAJKKE|F5B20DRAFT_mRNA535236		None	None
gene-F5B20DRAFT_56123	rna-gnl|WGS:JAJKKE|F5B20DRAFT_mRNA56123	PF00856.34	Partial	None
gene-F5B20DRAFT_56129	rna-gnl|WGS:JAJKKE|F5B20DRAFT_mRNA56129	PF00702.33,PF12710.14	Partial	None
gene-F5B20DRAFT_535239	rna-gnl|WGS:JAJKKE|F5B20DRAFT_mRNA535239	PF02270.23,PF17683.7	Complete	None
gene-F5B20DRAFT_535251	rna-gnl|WGS:JAJKKE|F5B20DRAFT_mRNA535251	PF00642.31,PF00642.31	Complete	None
gene-F5B20DRAFT_569668	rna-gnl|WGS:JAJKKE|F5B20DRAFT_mRNA569668	PF08238.19,PF08238.19,PF08238.19	Complete	None
gene-F5B20DRAFT_56879	rna-gnl|WGS:JAJKKE|F5B20DRAFT_mRNA56879	PF00170.27,PF03131.23,PF07716.21	Complete	None
gene-F5B20DRAFT_56907	rna-gnl|WGS:JAJKKE|F5B20DRAFT_mRNA56907		None	None
gene-F5B20DRAFT_56777	rna-gnl|WGS:JAJKKE|F5B20DRAFT_mRNA56777	PF03914.24,PF26702.1	Complete	None
gene-F5B20DRAFT_535285	rna-gnl|WGS:JAJKKE|F5B20DRAFT_mRNA535285	PF05405.20	Partial	None
gene-F5B20DRAFT_535289	rna-gnl|WGS:JAJKKE|F5B20DRAFT_mRNA535289	PF09814.15	Partial	None
gene-F5B20DRAFT_535290	rna-gnl|WGS:JAJKKE|F5B20DRAFT_mRNA535290	PF14027.12	Partial	None
gene-F5B20DRAFT_535293	rna-gnl|WGS:JAJKKE|F5B20DRAFT_mRNA535293	PF03215.22,PF25812.2	Complete	None
gene-F5B20DRAFT_535297	rna-gnl|WGS:JAJKKE|F5B20DRAFT_mRNA535297		None	None
gene-F5B20DRAFT_57052	rna-gnl|WGS:JAJKKE|F5B20DRAFT_mRNA57052	PF12716.13	Partial	None
gene-F5B20DRAFT_569675	rna-gnl|WGS:JAJKKE|F5B20DRAFT_mRNA569675	PF03029.24	Partial	None
gene-F5B20DRAFT_588352	rna-gnl|WGS:JAJKKE|F5B20DRAFT_mRNA588352	PF00438.26,PF02772.22,PF02773.22	Complete	None
gene-F5B20DRAFT_535309	rna-gnl|WGS:JAJKKE|F5B20DRAFT_mRNA535309		None	None
gene-F5B20DRAFT_588356	rna-gnl|WGS:JAJKKE|F5B20DRAFT_mRNA588356	PF00004.36,PF00004.36,PF00004.36,PF13086.13,PF13087.13,PF13245.13,PF17866.9	Complete	None
gene-F5B20DRAFT_535315	rna-gnl|WGS:JAJKKE|F5B20DRAFT_mRNA535315	PF29557.1	Partial	None
gene-F5B20DRAFT_588359	rna-gnl|WGS:JAJKKE|F5B20DRAFT_mRNA588359		None	None
gene-F5B20DRAFT_535324	rna-gnl|WGS:JAJKKE|F5B20DRAFT_mRNA535324	PF01368.28	Partial	None
gene-F5B20DRAFT_535329	rna-gnl|WGS:JAJKKE|F5B20DRAFT_mRNA535329	PF13380.13	Partial	None
gene-F5B20DRAFT_535331	rna-gnl|WGS:JAJKKE|F5B20DRAFT_mRNA535331	PF08241.19,PF08242.19,PF13489.13,PF13649.13	Partial	None
gene-F5B20DRAFT_535336	rna-gnl|WGS:JAJKKE|F5B20DRAFT_mRNA535336	PF13499.13,PF13833.13	Complete	None
gene-F5B20DRAFT_535340	rna-gnl|WGS:JAJKKE|F5B20DRAFT_mRNA535340	PF01432.27	Partial	None
gene-F5B20DRAFT_579102	rna-gnl|WGS:JAJKKE|F5B20DRAFT_mRNA579102	PF01464.26	Partial	None
gene-F5B20DRAFT_57331	rna-gnl|WGS:JAJKKE|F5B20DRAFT_mRNA57331	PF00653.28,PF00653.28	Partial	None
gene-F5B20DRAFT_57346	rna-gnl|WGS:JAJKKE|F5B20DRAFT_mRNA57346	PF07690.22	Partial	None
gene-F5B20DRAFT_535351	rna-gnl|WGS:JAJKKE|F5B20DRAFT_mRNA535351		None	None
gene-F5B20DRAFT_57378	rna-gnl|WGS:JAJKKE|F5B20DRAFT_mRNA57378	PF01485.28,PF01485.28	Complete	None
gene-F5B20DRAFT_588365	rna-gnl|WGS:JAJKKE|F5B20DRAFT_mRNA588365		None	None
gene-F5B20DRAFT_535360	rna-gnl|WGS:JAJKKE|F5B20DRAFT_mRNA535360		None	None
gene-F5B20DRAFT_535361	rna-gnl|WGS:JAJKKE|F5B20DRAFT_mRNA535361	PF13813.12	Complete	None
gene-F5B20DRAFT_57403	rna-gnl|WGS:JAJKKE|F5B20DRAFT_mRNA57403	PF00891.25	Partial	None
gene-F5B20DRAFT_57409	rna-gnl|WGS:JAJKKE|F5B20DRAFT_mRNA57409	PF00106.32,PF08659.17,PF13561.13,PF23441.1	Partial	None
gene-F5B20DRAFT_588367	rna-gnl|WGS:JAJKKE|F5B20DRAFT_mRNA588367	PF20684.4	Partial	None
gene-F5B20DRAFT_57598	rna-gnl|WGS:JAJKKE|F5B20DRAFT_mRNA57598	PF22784.2	Partial	None
gene-F5B20DRAFT_535386	rna-gnl|WGS:JAJKKE|F5B20DRAFT_mRNA535386	PF03661.19	Partial	None
gene-F5B20DRAFT_569690	rna-gnl|WGS:JAJKKE|F5B20DRAFT_mRNA569690	PF01758.22	Partial	None
gene-F5B20DRAFT_57628	rna-gnl|WGS:JAJKKE|F5B20DRAFT_mRNA57628	PF10294.16	Partial	None
gene-F5B20DRAFT_57640	rna-gnl|WGS:JAJKKE|F5B20DRAFT_mRNA57640		None	None
gene-F5B20DRAFT_535391	rna-gnl|WGS:JAJKKE|F5B20DRAFT_mRNA535391	PF00134.29	Partial	None
gene-F5B20DRAFT_535392	rna-gnl|WGS:JAJKKE|F5B20DRAFT_mRNA535392	PF02089.22	Partial	None
gene-F5B20DRAFT_535393	rna-gnl|WGS:JAJKKE|F5B20DRAFT_mRNA535393	PF00687.27	Partial	None
gene-F5B20DRAFT_535394	rna-gnl|WGS:JAJKKE|F5B20DRAFT_mRNA535394	PF01213.25,PF21938.2	Partial	None
gene-F5B20DRAFT_57776	rna-gnl|WGS:JAJKKE|F5B20DRAFT_mRNA57776	PF01370.28,PF07993.19	Partial	None
gene-F5B20DRAFT_57681	rna-gnl|WGS:JAJKKE|F5B20DRAFT_mRNA57681	PF00620.33	Complete	None
gene-F5B20DRAFT_57845	rna-gnl|WGS:JAJKKE|F5B20DRAFT_mRNA57845		None	None
gene-F5B20DRAFT_57792	rna-gnl|WGS:JAJKKE|F5B20DRAFT_mRNA57792		None	None
gene-F5B20DRAFT_535405	rna-gnl|WGS:JAJKKE|F5B20DRAFT_mRNA535405		None	None
gene-F5B20DRAFT_535412	rna-gnl|WGS:JAJKKE|F5B20DRAFT_mRNA535412		None	None
gene-F5B20DRAFT_535416	rna-gnl|WGS:JAJKKE|F5B20DRAFT_mRNA535416	PF13639.13,PF22958.3,PF22999.3,PF23009.2,PF23280.2	Complete	None
gene-F5B20DRAFT_579128	rna-gnl|WGS:JAJKKE|F5B20DRAFT_mRNA579128		None	None
gene-F5B20DRAFT_569699	rna-gnl|WGS:JAJKKE|F5B20DRAFT_mRNA569699	PF12710.14	Partial	None
gene-F5B20DRAFT_58115	rna-gnl|WGS:JAJKKE|F5B20DRAFT_mRNA58115	PF05546.17	Partial	None
gene-F5B20DRAFT_57975	rna-gnl|WGS:JAJKKE|F5B20DRAFT_mRNA57975	PF00069.32,PF00130.29,PF00130.29,PF00433.30,PF02185.23,PF02185.23,PF07714.24	Complete	None
gene-F5B20DRAFT_58171	rna-gnl|WGS:JAJKKE|F5B20DRAFT_mRNA58171		None	None
gene-F5B20DRAFT_535426	rna-gnl|WGS:JAJKKE|F5B20DRAFT_mRNA535426		None	None
gene-F5B20DRAFT_58212	rna-gnl|WGS:JAJKKE|F5B20DRAFT_mRNA58212		None	None
gene-F5B20DRAFT_58244	rna-gnl|WGS:JAJKKE|F5B20DRAFT_mRNA58244		None	None
gene-F5B20DRAFT_535434	rna-gnl|WGS:JAJKKE|F5B20DRAFT_mRNA535434		None	None
gene-F5B20DRAFT_535438	rna-gnl|WGS:JAJKKE|F5B20DRAFT_mRNA535438	PF09139.18	Partial	None
gene-F5B20DRAFT_58333	rna-gnl|WGS:JAJKKE|F5B20DRAFT_mRNA58333	PF05557.19	Partial	None
gene-F5B20DRAFT_535442	rna-gnl|WGS:JAJKKE|F5B20DRAFT_mRNA535442	PF00611.29,PF10291.15	Complete	None
gene-F5B20DRAFT_58358	rna-gnl|WGS:JAJKKE|F5B20DRAFT_mRNA58358	PF00069.32,PF07714.24	Partial	None
gene-F5B20DRAFT_579141	rna-gnl|WGS:JAJKKE|F5B20DRAFT_mRNA579141	PF13469.13,PF17784.8	Partial	None
gene-F5B20DRAFT_535447	rna-gnl|WGS:JAJKKE|F5B20DRAFT_mRNA535447	PF00106.32,PF01370.28,PF08659.17,PF13561.13	Partial	None
gene-F5B20DRAFT_535448	rna-gnl|WGS:JAJKKE|F5B20DRAFT_mRNA535448	PF07690.22,PF07690.22	Partial	None
gene-F5B20DRAFT_58518	rna-gnl|WGS:JAJKKE|F5B20DRAFT_mRNA58518	PF01176.27	Partial	None
gene-F5B20DRAFT_58436	rna-gnl|WGS:JAJKKE|F5B20DRAFT_mRNA58436	PF05208.20	Partial	None
gene-F5B20DRAFT_58547	rna-gnl|WGS:JAJKKE|F5B20DRAFT_mRNA58547	PF01266.31	Partial	None
gene-F5B20DRAFT_58797	rna-gnl|WGS:JAJKKE|F5B20DRAFT_mRNA58797		None	None
gene-F5B20DRAFT_579148	rna-gnl|WGS:JAJKKE|F5B20DRAFT_mRNA579148	PF10383.16,PF16761.11	Complete	None
gene-F5B20DRAFT_535483	rna-gnl|WGS:JAJKKE|F5B20DRAFT_mRNA535483	PF00300.28	Partial	None
gene-F5B20DRAFT_588377	rna-gnl|WGS:JAJKKE|F5B20DRAFT_mRNA588377	PF00856.34	Partial	None
gene-F5B20DRAFT_588382	rna-gnl|WGS:JAJKKE|F5B20DRAFT_mRNA588382		None	None
gene-F5B20DRAFT_535489	rna-gnl|WGS:JAJKKE|F5B20DRAFT_mRNA535489		None	None
gene-F5B20DRAFT_535492	rna-gnl|WGS:JAJKKE|F5B20DRAFT_mRNA535492	PF10334.17,PF10337.16,PF11744.15,PF13515.13	Complete	None
gene-F5B20DRAFT_535495	rna-gnl|WGS:JAJKKE|F5B20DRAFT_mRNA535495	PF03398.20	Partial	None
gene-F5B20DRAFT_579154	rna-gnl|WGS:JAJKKE|F5B20DRAFT_mRNA579154		None	None
gene-F5B20DRAFT_58965	rna-gnl|WGS:JAJKKE|F5B20DRAFT_mRNA58965		None	None
gene-F5B20DRAFT_579156	rna-gnl|WGS:JAJKKE|F5B20DRAFT_mRNA579156	PF01217.27	Partial	None
gene-F5B20DRAFT_59036	rna-gnl|WGS:JAJKKE|F5B20DRAFT_mRNA59036	PF00106.32,PF08659.17,PF13561.13	Partial	None
gene-F5B20DRAFT_59014	rna-gnl|WGS:JAJKKE|F5B20DRAFT_mRNA59014		None	None
gene-F5B20DRAFT_569717	rna-gnl|WGS:JAJKKE|F5B20DRAFT_mRNA569717	PF02269.23,PF04072.21	Complete	None
gene-F5B20DRAFT_59261	rna-gnl|WGS:JAJKKE|F5B20DRAFT_mRNA59261		None	None
gene-F5B20DRAFT_59200	rna-gnl|WGS:JAJKKE|F5B20DRAFT_mRNA59200	PF00107.33,PF08240.18	Partial	None
gene-F5B20DRAFT_59152	rna-gnl|WGS:JAJKKE|F5B20DRAFT_mRNA59152	PF00067.28	Partial	None
gene-F5B20DRAFT_59102	rna-gnl|WGS:JAJKKE|F5B20DRAFT_mRNA59102	PF03446.22,PF03807.24,PF09130.17	Complete	None
gene-F5B20DRAFT_588386	rna-gnl|WGS:JAJKKE|F5B20DRAFT_mRNA588386	PF00076.29,PF13865.12	Complete	None
gene-F5B20DRAFT_535555	rna-gnl|WGS:JAJKKE|F5B20DRAFT_mRNA535555		None	None
gene-F5B20DRAFT_535556	rna-gnl|WGS:JAJKKE|F5B20DRAFT_mRNA535556	PF08045.17	Partial	None
gene-F5B20DRAFT_59986	rna-gnl|WGS:JAJKKE|F5B20DRAFT_mRNA59986	PF00348.23	Partial	None
gene-F5B20DRAFT_535561	rna-gnl|WGS:JAJKKE|F5B20DRAFT_mRNA535561	PF00067.28	Partial	None
gene-F5B20DRAFT_535562	rna-gnl|WGS:JAJKKE|F5B20DRAFT_mRNA535562	PF00106.32,PF00107.33,PF00109.33,PF00550.32,PF00698.27,PF02801.29,PF08240.18,PF08659.17,PF13561.13,PF13602.13,PF14765.13,PF16197.12,PF21089.4,PF23114.1	Complete	None
gene-F5B20DRAFT_60141	rna-gnl|WGS:JAJKKE|F5B20DRAFT_mRNA60141	PF00106.32,PF13561.13	Partial	None
gene-F5B20DRAFT_579172	rna-gnl|WGS:JAJKKE|F5B20DRAFT_mRNA579172	PF20684.4	Partial	None
gene-F5B20DRAFT_579173	rna-gnl|WGS:JAJKKE|F5B20DRAFT_mRNA579173		None	None
gene-F5B20DRAFT_60238	rna-gnl|WGS:JAJKKE|F5B20DRAFT_mRNA60238	PF06398.18	Partial	None
gene-F5B20DRAFT_60246	rna-gnl|WGS:JAJKKE|F5B20DRAFT_mRNA60246	PF14382.13,PF21266.4	Partial	None
gene-F5B20DRAFT_60241	rna-gnl|WGS:JAJKKE|F5B20DRAFT_mRNA60241	PF00171.28	Partial	None
gene-F5B20DRAFT_535589	rna-gnl|WGS:JAJKKE|F5B20DRAFT_mRNA535589	PF01776.23	Partial	None
gene-F5B20DRAFT_535594	rna-gnl|WGS:JAJKKE|F5B20DRAFT_mRNA535594	PF00153.33,PF00153.33,PF00153.33	Complete	None
gene-F5B20DRAFT_60305	rna-gnl|WGS:JAJKKE|F5B20DRAFT_mRNA60305		None	None
gene-F5B20DRAFT_60350	rna-gnl|WGS:JAJKKE|F5B20DRAFT_mRNA60350		None	None
gene-F5B20DRAFT_535599	rna-gnl|WGS:JAJKKE|F5B20DRAFT_mRNA535599	PF00023.37,PF00023.37,PF00023.37,PF00023.37,PF00023.37,PF12796.14,PF12796.14,PF12796.14,PF24883.3	Complete	None
gene-F5B20DRAFT_535606	rna-gnl|WGS:JAJKKE|F5B20DRAFT_mRNA535606		None	None
gene-F5B20DRAFT_60418	rna-gnl|WGS:JAJKKE|F5B20DRAFT_mRNA60418	PF01476.27,PF08881.16	Complete	None
gene-F5B20DRAFT_569735	rna-gnl|WGS:JAJKKE|F5B20DRAFT_mRNA569735	PF01593.31,PF13450.13	Partial	None
gene-F5B20DRAFT_60467	rna-gnl|WGS:JAJKKE|F5B20DRAFT_mRNA60467		None	None
gene-F5B20DRAFT_535616	rna-gnl|WGS:JAJKKE|F5B20DRAFT_mRNA535616		None	None
gene-F5B20DRAFT_535617	rna-gnl|WGS:JAJKKE|F5B20DRAFT_mRNA535617	PF20684.4	Partial	None
gene-F5B20DRAFT_60504	rna-gnl|WGS:JAJKKE|F5B20DRAFT_mRNA60504		None	None
gene-F5B20DRAFT_60503	rna-gnl|WGS:JAJKKE|F5B20DRAFT_mRNA60503	PF05630.17	Partial	None
gene-F5B20DRAFT_588410	rna-gnl|WGS:JAJKKE|F5B20DRAFT_mRNA588410	PF01490.25,PF13520.13	Partial	None
gene-F5B20DRAFT_535628	rna-gnl|WGS:JAJKKE|F5B20DRAFT_mRNA535628		None	None
gene-F5B20DRAFT_60567	rna-gnl|WGS:JAJKKE|F5B20DRAFT_mRNA60567	PF01380.28	Partial	None
gene-F5B20DRAFT_535634	rna-gnl|WGS:JAJKKE|F5B20DRAFT_mRNA535634		None	None
gene-F5B20DRAFT_60741	rna-gnl|WGS:JAJKKE|F5B20DRAFT_mRNA60741	PF10180.15	Complete	None
gene-F5B20DRAFT_60592	rna-gnl|WGS:JAJKKE|F5B20DRAFT_mRNA60592	PF00227.32,PF10584.15	Partial	None
gene-F5B20DRAFT_60594	rna-gnl|WGS:JAJKKE|F5B20DRAFT_mRNA60594		None	None
gene-F5B20DRAFT_60870	rna-gnl|WGS:JAJKKE|F5B20DRAFT_mRNA60870		None	None
gene-F5B20DRAFT_569740	rna-gnl|WGS:JAJKKE|F5B20DRAFT_mRNA569740	PF15456.12	Complete	None
gene-F5B20DRAFT_535664	rna-gnl|WGS:JAJKKE|F5B20DRAFT_mRNA535664	PF01433.27,PF09127.18,PF17900.7	Complete	None
gene-F5B20DRAFT_61089	rna-gnl|WGS:JAJKKE|F5B20DRAFT_mRNA61089	PF00225.30,PF00498.32,PF12423.14,PF12473.14,PF16183.11,PF16796.12	Complete	None
gene-F5B20DRAFT_579199	rna-gnl|WGS:JAJKKE|F5B20DRAFT_mRNA579199		None	None
gene-F5B20DRAFT_535669	rna-gnl|WGS:JAJKKE|F5B20DRAFT_mRNA535669	PF03595.23	Partial	None
gene-F5B20DRAFT_535671	rna-gnl|WGS:JAJKKE|F5B20DRAFT_mRNA535671		None	None
gene-F5B20DRAFT_61110	rna-gnl|WGS:JAJKKE|F5B20DRAFT_mRNA61110	PF00106.32,PF13561.13	Partial	None
gene-F5B20DRAFT_588416	rna-gnl|WGS:JAJKKE|F5B20DRAFT_mRNA588416		None	None
gene-F5B20DRAFT_579205	rna-gnl|WGS:JAJKKE|F5B20DRAFT_mRNA579205	PF03595.23	Partial	None
gene-F5B20DRAFT_535678	rna-gnl|WGS:JAJKKE|F5B20DRAFT_mRNA535678	PF01341.24	Partial	None
gene-F5B20DRAFT_579207	rna-gnl|WGS:JAJKKE|F5B20DRAFT_mRNA579207	PF06609.19,PF07690.22	Partial	None
gene-F5B20DRAFT_588420	rna-gnl|WGS:JAJKKE|F5B20DRAFT_mRNA588420	PF01593.31,PF13450.13	Partial	None
gene-F5B20DRAFT_579209	rna-gnl|WGS:JAJKKE|F5B20DRAFT_mRNA579209	PF00173.34,PF00441.30,PF02770.25,PF02771.22	Complete	None
gene-F5B20DRAFT_588422	rna-gnl|WGS:JAJKKE|F5B20DRAFT_mRNA588422	PF06609.19,PF07690.22,PF07690.22	Partial	None
gene-F5B20DRAFT_579211	rna-gnl|WGS:JAJKKE|F5B20DRAFT_mRNA579211		None	None
gene-F5B20DRAFT_61537	rna-gnl|WGS:JAJKKE|F5B20DRAFT_mRNA61537	PF01728.26	Partial	None
gene-F5B20DRAFT_61567	rna-gnl|WGS:JAJKKE|F5B20DRAFT_mRNA61567	PF30690.1	Partial	None
gene-F5B20DRAFT_535724	rna-gnl|WGS:JAJKKE|F5B20DRAFT_mRNA535724		None	None
gene-F5B20DRAFT_535725	rna-gnl|WGS:JAJKKE|F5B20DRAFT_mRNA535725	PF04756.20	Partial	None
gene-F5B20DRAFT_535727	rna-gnl|WGS:JAJKKE|F5B20DRAFT_mRNA535727	PF13329.14	Partial	None
gene-F5B20DRAFT_535729	rna-gnl|WGS:JAJKKE|F5B20DRAFT_mRNA535729	PF06985.18	Partial	None
gene-F5B20DRAFT_535731	rna-gnl|WGS:JAJKKE|F5B20DRAFT_mRNA535731	PF01179.28,PF09248.16	Complete	None
gene-F5B20DRAFT_535733	rna-gnl|WGS:JAJKKE|F5B20DRAFT_mRNA535733		None	None
gene-F5B20DRAFT_569758	rna-gnl|WGS:JAJKKE|F5B20DRAFT_mRNA569758	PF00067.28	Partial	None
gene-F5B20DRAFT_61703	rna-gnl|WGS:JAJKKE|F5B20DRAFT_mRNA61703	PF13468.13	Partial	None
gene-F5B20DRAFT_535784	rna-gnl|WGS:JAJKKE|F5B20DRAFT_mRNA535784	PF26176.1,PF26177.1	Complete	None
gene-F5B20DRAFT_61778	rna-gnl|WGS:JAJKKE|F5B20DRAFT_mRNA61778	PF06985.18,PF26639.1	Complete	None
gene-F5B20DRAFT_61659	rna-gnl|WGS:JAJKKE|F5B20DRAFT_mRNA61659		None	None
gene-F5B20DRAFT_535787	rna-gnl|WGS:JAJKKE|F5B20DRAFT_mRNA535787	PF07992.21	Partial	None
gene-F5B20DRAFT_535788	rna-gnl|WGS:JAJKKE|F5B20DRAFT_mRNA535788		None	None
gene-F5B20DRAFT_579226	rna-gnl|WGS:JAJKKE|F5B20DRAFT_mRNA579226		None	None
gene-F5B20DRAFT_535791	rna-gnl|WGS:JAJKKE|F5B20DRAFT_mRNA535791		None	None
gene-F5B20DRAFT_579228	rna-gnl|WGS:JAJKKE|F5B20DRAFT_mRNA579228	PF00702.33,PF13242.13,PF13419.13	Complete	None
gene-F5B20DRAFT_62092	rna-gnl|WGS:JAJKKE|F5B20DRAFT_mRNA62092	PF00069.32,PF03109.23,PF07714.24	Partial	None
gene-F5B20DRAFT_535799	rna-gnl|WGS:JAJKKE|F5B20DRAFT_mRNA535799	PF00017.31,PF00575.30,PF14632.12,PF14633.13,PF14635.13,PF14639.12,PF14641.12,PF17674.8,PF21710.4,PF22706.2	Complete	None
gene-F5B20DRAFT_579231	rna-gnl|WGS:JAJKKE|F5B20DRAFT_mRNA579231	PF00169.36,PF01237.24,PF15409.14	Complete	None
gene-F5B20DRAFT_62196	rna-gnl|WGS:JAJKKE|F5B20DRAFT_mRNA62196	PF01301.26,PF13364.13,PF21317.4,PF21467.4	Complete	None
gene-F5B20DRAFT_62195	rna-gnl|WGS:JAJKKE|F5B20DRAFT_mRNA62195	PF01940.22	Partial	None
gene-F5B20DRAFT_588439	rna-gnl|WGS:JAJKKE|F5B20DRAFT_mRNA588439	PF00394.29,PF07731.21,PF07732.22	Complete	None
gene-F5B20DRAFT_579235	rna-gnl|WGS:JAJKKE|F5B20DRAFT_mRNA579235	PF00109.33,PF00550.32,PF00550.32,PF00698.27,PF00975.27,PF02801.29,PF14765.13,PF16073.11,PF22621.3	Complete	None
gene-F5B20DRAFT_62473	rna-gnl|WGS:JAJKKE|F5B20DRAFT_mRNA62473		None	None
gene-F5B20DRAFT_62429	rna-gnl|WGS:JAJKKE|F5B20DRAFT_mRNA62429	PF00172.24,PF08493.16	Complete	None
gene-F5B20DRAFT_535857	rna-gnl|WGS:JAJKKE|F5B20DRAFT_mRNA535857	PF00106.32,PF08659.17,PF13561.13	Partial	None
gene-F5B20DRAFT_62501	rna-gnl|WGS:JAJKKE|F5B20DRAFT_mRNA62501	PF00096.33,PF00172.24	Complete	None
gene-F5B20DRAFT_535874	rna-gnl|WGS:JAJKKE|F5B20DRAFT_mRNA535874	PF00623.26,PF04983.24,PF04997.18,PF04998.23,PF05000.23	Complete	None
gene-F5B20DRAFT_63039	rna-gnl|WGS:JAJKKE|F5B20DRAFT_mRNA63039	PF02862.23,PF23463.2,PF23465.2	Complete	None
gene-F5B20DRAFT_62988	rna-gnl|WGS:JAJKKE|F5B20DRAFT_mRNA62988		None	None
gene-F5B20DRAFT_535890	rna-gnl|WGS:JAJKKE|F5B20DRAFT_mRNA535890	PF08573.16	Complete	None
gene-F5B20DRAFT_579243	rna-gnl|WGS:JAJKKE|F5B20DRAFT_mRNA579243	PF00443.36,PF13423.13	Complete	None
gene-F5B20DRAFT_63152	rna-gnl|WGS:JAJKKE|F5B20DRAFT_mRNA63152		None	None
gene-F5B20DRAFT_63167	rna-gnl|WGS:JAJKKE|F5B20DRAFT_mRNA63167		None	None
gene-F5B20DRAFT_63258	rna-gnl|WGS:JAJKKE|F5B20DRAFT_mRNA63258	PF16335.11,PF17168.11	Partial	None
gene-F5B20DRAFT_535915	rna-gnl|WGS:JAJKKE|F5B20DRAFT_mRNA535915	PF04734.19,PF17048.12,PF17048.12	Complete	None
gene-F5B20DRAFT_63561	rna-gnl|WGS:JAJKKE|F5B20DRAFT_mRNA63561	PF05700.17	Partial	None
gene-F5B20DRAFT_579249	rna-gnl|WGS:JAJKKE|F5B20DRAFT_mRNA579249	PF00027.36,PF00027.36,PF02197.23	Complete	None
gene-F5B20DRAFT_535924	rna-gnl|WGS:JAJKKE|F5B20DRAFT_mRNA535924		None	None
gene-F5B20DRAFT_63653	rna-gnl|WGS:JAJKKE|F5B20DRAFT_mRNA63653	PF01467.33	Partial	None
gene-F5B20DRAFT_535929	rna-gnl|WGS:JAJKKE|F5B20DRAFT_mRNA535929	PF05721.20	Partial	None
gene-F5B20DRAFT_535931	rna-gnl|WGS:JAJKKE|F5B20DRAFT_mRNA535931		None	None
gene-F5B20DRAFT_63683	rna-gnl|WGS:JAJKKE|F5B20DRAFT_mRNA63683	PF00076.29,PF00076.29	Partial	None
gene-F5B20DRAFT_63694	rna-gnl|WGS:JAJKKE|F5B20DRAFT_mRNA63694		None	None
gene-F5B20DRAFT_63764	rna-gnl|WGS:JAJKKE|F5B20DRAFT_mRNA63764	PF00566.26,PF23436.2	Complete	None
gene-F5B20DRAFT_579254	rna-gnl|WGS:JAJKKE|F5B20DRAFT_mRNA579254		None	None
gene-F5B20DRAFT_588454	rna-gnl|WGS:JAJKKE|F5B20DRAFT_mRNA588454	PF00067.28	Partial	None
gene-F5B20DRAFT_579256	rna-gnl|WGS:JAJKKE|F5B20DRAFT_mRNA579256		None	None
gene-F5B20DRAFT_579257	rna-gnl|WGS:JAJKKE|F5B20DRAFT_mRNA579257	PF00083.31,PF07690.22	Partial	None
gene-F5B20DRAFT_588463	rna-gnl|WGS:JAJKKE|F5B20DRAFT_mRNA588463		None	None
gene-F5B20DRAFT_535950	rna-gnl|WGS:JAJKKE|F5B20DRAFT_mRNA535950	PF00248.28	Partial	None
gene-F5B20DRAFT_579260	rna-gnl|WGS:JAJKKE|F5B20DRAFT_mRNA579260	PF07690.22	Partial	None
gene-F5B20DRAFT_588467	rna-gnl|WGS:JAJKKE|F5B20DRAFT_mRNA588467		None	None
gene-F5B20DRAFT_63966	rna-gnl|WGS:JAJKKE|F5B20DRAFT_mRNA63966	PF00069.32,PF07714.24	Partial	None
gene-F5B20DRAFT_63932	rna-gnl|WGS:JAJKKE|F5B20DRAFT_mRNA63932	PF01451.28	Partial	None
gene-F5B20DRAFT_64041	rna-gnl|WGS:JAJKKE|F5B20DRAFT_mRNA64041	PF00106.32,PF08659.17,PF13561.13,PF23441.1	Partial	None
gene-F5B20DRAFT_588473	rna-gnl|WGS:JAJKKE|F5B20DRAFT_mRNA588473	PF00732.26,PF00890.31,PF05199.20,PF13450.13	Complete	None
gene-F5B20DRAFT_579266	rna-gnl|WGS:JAJKKE|F5B20DRAFT_mRNA579266	PF11937.14	Partial	None
gene-F5B20DRAFT_535982	rna-gnl|WGS:JAJKKE|F5B20DRAFT_mRNA535982		None	None
gene-F5B20DRAFT_535983	rna-gnl|WGS:JAJKKE|F5B20DRAFT_mRNA535983	PF01408.29,PF22725.2	Partial	None
gene-F5B20DRAFT_588475	rna-gnl|WGS:JAJKKE|F5B20DRAFT_mRNA588475	PF00067.28	Partial	None
gene-F5B20DRAFT_535986	rna-gnl|WGS:JAJKKE|F5B20DRAFT_mRNA535986	PF00106.32,PF01370.28,PF08659.17,PF13561.13	Partial	None
gene-F5B20DRAFT_579272	rna-gnl|WGS:JAJKKE|F5B20DRAFT_mRNA579272	PF01565.29,PF08031.18	Complete	None
gene-F5B20DRAFT_579273	rna-gnl|WGS:JAJKKE|F5B20DRAFT_mRNA579273	PF08240.18,PF27599.1	Complete	None
gene-F5B20DRAFT_588480	rna-gnl|WGS:JAJKKE|F5B20DRAFT_mRNA588480	PF00109.33,PF00698.27,PF01073.26,PF01370.28,PF02801.29,PF07993.19,PF08241.19,PF08242.19,PF08659.17,PF13489.13,PF13649.13,PF13847.13,PF14765.13,PF16197.12,PF21089.4,PF22336.3,PF22621.3	Complete	None
gene-F5B20DRAFT_569803	rna-gnl|WGS:JAJKKE|F5B20DRAFT_mRNA569803	PF00890.31,PF01134.29,PF01266.31,PF12831.14,PF13450.13	Partial	None
gene-F5B20DRAFT_64453	rna-gnl|WGS:JAJKKE|F5B20DRAFT_mRNA64453		None	None
gene-F5B20DRAFT_64392	rna-gnl|WGS:JAJKKE|F5B20DRAFT_mRNA64392	PF00331.27	Partial	None
gene-F5B20DRAFT_64257	rna-gnl|WGS:JAJKKE|F5B20DRAFT_mRNA64257	PF00082.28,PF06280.19	Complete	None
gene-F5B20DRAFT_536005	rna-gnl|WGS:JAJKKE|F5B20DRAFT_mRNA536005	PF06609.19,PF07690.22	Partial	None
gene-F5B20DRAFT_536007	rna-gnl|WGS:JAJKKE|F5B20DRAFT_mRNA536007		None	None
gene-F5B20DRAFT_64492	rna-gnl|WGS:JAJKKE|F5B20DRAFT_mRNA64492		None	None
gene-F5B20DRAFT_64476	rna-gnl|WGS:JAJKKE|F5B20DRAFT_mRNA64476	PF21711.4,PF21711.4	Partial	None
gene-F5B20DRAFT_588481	rna-gnl|WGS:JAJKKE|F5B20DRAFT_mRNA588481	PF00023.37,PF00023.37,PF13606.13	Complete	None
gene-F5B20DRAFT_536014	rna-gnl|WGS:JAJKKE|F5B20DRAFT_mRNA536014		None	None
gene-F5B20DRAFT_569809	rna-gnl|WGS:JAJKKE|F5B20DRAFT_mRNA569809	PF00487.31,PF11960.14	Partial	None
gene-F5B20DRAFT_64554	rna-gnl|WGS:JAJKKE|F5B20DRAFT_mRNA64554	PF01494.26,PF13450.13	Partial	None
gene-F5B20DRAFT_588482	rna-gnl|WGS:JAJKKE|F5B20DRAFT_mRNA588482		None	None
gene-F5B20DRAFT_579288	rna-gnl|WGS:JAJKKE|F5B20DRAFT_mRNA579288	PF00024.33,PF08277.19	Complete	None
gene-F5B20DRAFT_579289	rna-gnl|WGS:JAJKKE|F5B20DRAFT_mRNA579289	PF00024.33,PF00024.33	Complete	None
gene-F5B20DRAFT_536021	rna-gnl|WGS:JAJKKE|F5B20DRAFT_mRNA536021	PF11563.15	Partial	None
gene-F5B20DRAFT_536023	rna-gnl|WGS:JAJKKE|F5B20DRAFT_mRNA536023	PF00856.34	Partial	None
gene-F5B20DRAFT_569812	rna-gnl|WGS:JAJKKE|F5B20DRAFT_mRNA569812	PF11991.14	Partial	None
gene-F5B20DRAFT_536028	rna-gnl|WGS:JAJKKE|F5B20DRAFT_mRNA536028	PF01494.26	Partial	None
gene-F5B20DRAFT_579294	rna-gnl|WGS:JAJKKE|F5B20DRAFT_mRNA579294	PF00891.25	Partial	None
gene-F5B20DRAFT_536040	rna-gnl|WGS:JAJKKE|F5B20DRAFT_mRNA536040	PF00561.27,PF02129.25,PF12146.16,PF12697.14	Partial	None
gene-F5B20DRAFT_569816	rna-gnl|WGS:JAJKKE|F5B20DRAFT_mRNA569816	PF01135.26,PF01209.25,PF02353.27,PF05175.21,PF08241.19,PF08242.19,PF13489.13,PF13649.13,PF13847.13	Partial	None
gene-F5B20DRAFT_64819	rna-gnl|WGS:JAJKKE|F5B20DRAFT_mRNA64819	PF00067.28	Partial	None
gene-F5B20DRAFT_569818	rna-gnl|WGS:JAJKKE|F5B20DRAFT_mRNA569818	PF01063.25	Partial	None
gene-F5B20DRAFT_588488	rna-gnl|WGS:JAJKKE|F5B20DRAFT_mRNA588488		None	None
gene-F5B20DRAFT_569819	rna-gnl|WGS:JAJKKE|F5B20DRAFT_mRNA569819	PF00300.28	Partial	None
gene-F5B20DRAFT_588491	rna-gnl|WGS:JAJKKE|F5B20DRAFT_mRNA588491	PF06985.18,PF26639.1	Complete	None
gene-F5B20DRAFT_64849	rna-gnl|WGS:JAJKKE|F5B20DRAFT_mRNA64849	PF01593.31,PF13450.13	Complete	None
gene-F5B20DRAFT_569822	rna-gnl|WGS:JAJKKE|F5B20DRAFT_mRNA569822	PF07690.22	Partial	None
gene-F5B20DRAFT_579304	rna-gnl|WGS:JAJKKE|F5B20DRAFT_mRNA579304	PF02668.23	Partial	None
gene-F5B20DRAFT_569824	rna-gnl|WGS:JAJKKE|F5B20DRAFT_mRNA569824	PF00004.36,PF22942.2,PF23232.2	Complete	None
gene-F5B20DRAFT_588516	rna-gnl|WGS:JAJKKE|F5B20DRAFT_mRNA588516	PF24809.2	Partial	None
gene-F5B20DRAFT_536073	rna-gnl|WGS:JAJKKE|F5B20DRAFT_mRNA536073		None	None
gene-F5B20DRAFT_65038	rna-gnl|WGS:JAJKKE|F5B20DRAFT_mRNA65038		None	None
gene-F5B20DRAFT_65045	rna-gnl|WGS:JAJKKE|F5B20DRAFT_mRNA65045	PF01222.23	Partial	None
gene-F5B20DRAFT_569828	rna-gnl|WGS:JAJKKE|F5B20DRAFT_mRNA569828	PF04042.22,PF29084.1	Complete	None
gene-F5B20DRAFT_536084	rna-gnl|WGS:JAJKKE|F5B20DRAFT_mRNA536084		None	None
gene-F5B20DRAFT_65094	rna-gnl|WGS:JAJKKE|F5B20DRAFT_mRNA65094	PF07470.20	Partial	None
gene-F5B20DRAFT_569830	rna-gnl|WGS:JAJKKE|F5B20DRAFT_mRNA569830		None	None
gene-F5B20DRAFT_579313	rna-gnl|WGS:JAJKKE|F5B20DRAFT_mRNA579313	PF00069.32,PF07714.24,PF08587.18,PF14531.13,PF16579.12	Complete	None
gene-F5B20DRAFT_65174	rna-gnl|WGS:JAJKKE|F5B20DRAFT_mRNA65174	PF01266.31,PF13450.13	Partial	None
gene-F5B20DRAFT_588530	rna-gnl|WGS:JAJKKE|F5B20DRAFT_mRNA588530	PF06985.18,PF26640.1	Partial	None
gene-F5B20DRAFT_536114	rna-gnl|WGS:JAJKKE|F5B20DRAFT_mRNA536114	PF01873.24	Partial	None
gene-F5B20DRAFT_579317	rna-gnl|WGS:JAJKKE|F5B20DRAFT_mRNA579317	PF19117.6	Partial	None
gene-F5B20DRAFT_569835	rna-gnl|WGS:JAJKKE|F5B20DRAFT_mRNA569835		None	None
gene-F5B20DRAFT_536126	rna-gnl|WGS:JAJKKE|F5B20DRAFT_mRNA536126	PF00389.37,PF02826.26	Partial	None
gene-F5B20DRAFT_536130	rna-gnl|WGS:JAJKKE|F5B20DRAFT_mRNA536130	PF08241.19,PF13649.13,PF27593.1	Partial	None
gene-F5B20DRAFT_579322	rna-gnl|WGS:JAJKKE|F5B20DRAFT_mRNA579322		None	None
gene-F5B20DRAFT_536135	rna-gnl|WGS:JAJKKE|F5B20DRAFT_mRNA536135		None	None
gene-F5B20DRAFT_65613	rna-gnl|WGS:JAJKKE|F5B20DRAFT_mRNA65613	PF11374.14	Partial	None
gene-F5B20DRAFT_65606	rna-gnl|WGS:JAJKKE|F5B20DRAFT_mRNA65606		None	None
gene-F5B20DRAFT_65727	rna-gnl|WGS:JAJKKE|F5B20DRAFT_mRNA65727		None	None
gene-F5B20DRAFT_579325	rna-gnl|WGS:JAJKKE|F5B20DRAFT_mRNA579325	PF01084.27	Complete	None
gene-F5B20DRAFT_536139	rna-gnl|WGS:JAJKKE|F5B20DRAFT_mRNA536139	PF00163.25,PF01479.31	Complete	None
gene-F5B20DRAFT_536140	rna-gnl|WGS:JAJKKE|F5B20DRAFT_mRNA536140	PF00176.30,PF00271.38,PF04851.22,PF14773.12,PF16203.12,PF25806.1	Complete	None
gene-F5B20DRAFT_536143	rna-gnl|WGS:JAJKKE|F5B20DRAFT_mRNA536143	PF09792.15	Complete	None
gene-F5B20DRAFT_588534	rna-gnl|WGS:JAJKKE|F5B20DRAFT_mRNA588534	PF01565.29	Partial	None
gene-F5B20DRAFT_65801	rna-gnl|WGS:JAJKKE|F5B20DRAFT_mRNA65801		None	None
gene-F5B20DRAFT_579331	rna-gnl|WGS:JAJKKE|F5B20DRAFT_mRNA579331	PF00150.25,PF03198.21	Partial	None
gene-F5B20DRAFT_536157	rna-gnl|WGS:JAJKKE|F5B20DRAFT_mRNA536157		None	None
gene-F5B20DRAFT_588536	rna-gnl|WGS:JAJKKE|F5B20DRAFT_mRNA588536		None	None
gene-F5B20DRAFT_588538	rna-gnl|WGS:JAJKKE|F5B20DRAFT_mRNA588538		None	None
gene-F5B20DRAFT_66153	rna-gnl|WGS:JAJKKE|F5B20DRAFT_mRNA66153		None	None
gene-F5B20DRAFT_569861	rna-gnl|WGS:JAJKKE|F5B20DRAFT_mRNA569861		None	None
gene-F5B20DRAFT_536165	rna-gnl|WGS:JAJKKE|F5B20DRAFT_mRNA536165	PF00106.32,PF08659.17,PF13561.13	Partial	None
gene-F5B20DRAFT_66553	rna-gnl|WGS:JAJKKE|F5B20DRAFT_mRNA66553		None	None
gene-F5B20DRAFT_579340	rna-gnl|WGS:JAJKKE|F5B20DRAFT_mRNA579340	PF00400.39,PF00400.39,PF00400.39,PF00400.39,PF00400.39	Complete	None
gene-F5B20DRAFT_66257	rna-gnl|WGS:JAJKKE|F5B20DRAFT_mRNA66257	PF00069.32,PF07714.24	Partial	None
gene-F5B20DRAFT_536175	rna-gnl|WGS:JAJKKE|F5B20DRAFT_mRNA536175	PF01565.29	Partial	None
gene-F5B20DRAFT_66837	rna-gnl|WGS:JAJKKE|F5B20DRAFT_mRNA66837	PF00288.33,PF08544.19	Complete	None
gene-F5B20DRAFT_588541	rna-gnl|WGS:JAJKKE|F5B20DRAFT_mRNA588541	PF04145.21	Partial	None
gene-F5B20DRAFT_67046	rna-gnl|WGS:JAJKKE|F5B20DRAFT_mRNA67046	PF00106.32,PF08659.17,PF13561.13	Partial	None
gene-F5B20DRAFT_579346	rna-gnl|WGS:JAJKKE|F5B20DRAFT_mRNA579346		None	None
gene-F5B20DRAFT_536191	rna-gnl|WGS:JAJKKE|F5B20DRAFT_mRNA536191	PF00067.28	Partial	None
gene-F5B20DRAFT_588546	rna-gnl|WGS:JAJKKE|F5B20DRAFT_mRNA588546	PF00069.32,PF07714.24	Partial	None
gene-F5B20DRAFT_579349	rna-gnl|WGS:JAJKKE|F5B20DRAFT_mRNA579349	PF20237.4	Partial	None
gene-F5B20DRAFT_536198	rna-gnl|WGS:JAJKKE|F5B20DRAFT_mRNA536198		None	None
gene-F5B20DRAFT_569855	rna-gnl|WGS:JAJKKE|F5B20DRAFT_mRNA569855		None	None
gene-F5B20DRAFT_536203	rna-gnl|WGS:JAJKKE|F5B20DRAFT_mRNA536203	PF00734.24,PF03443.21	Complete	None
gene-F5B20DRAFT_67114	rna-gnl|WGS:JAJKKE|F5B20DRAFT_mRNA67114	PF00172.24,PF11951.14	Partial	None
gene-F5B20DRAFT_569858	rna-gnl|WGS:JAJKKE|F5B20DRAFT_mRNA569858	PF00743.26,PF07992.21,PF13434.13,PF13450.13,PF13738.13	Partial	None
gene-F5B20DRAFT_536206	rna-gnl|WGS:JAJKKE|F5B20DRAFT_mRNA536206	PF00246.30	Partial	None
gene-F5B20DRAFT_67227	rna-gnl|WGS:JAJKKE|F5B20DRAFT_mRNA67227	PF00069.32,PF07714.24	Partial	None
gene-F5B20DRAFT_536214	rna-gnl|WGS:JAJKKE|F5B20DRAFT_mRNA536214		None	None
gene-F5B20DRAFT_569864	rna-gnl|WGS:JAJKKE|F5B20DRAFT_mRNA569864	PF27239.2	Complete	None
gene-F5B20DRAFT_67394	rna-gnl|WGS:JAJKKE|F5B20DRAFT_mRNA67394		None	None
gene-F5B20DRAFT_67361	rna-gnl|WGS:JAJKKE|F5B20DRAFT_mRNA67361	PF00701.29	Partial	None
gene-F5B20DRAFT_536226	rna-gnl|WGS:JAJKKE|F5B20DRAFT_mRNA536226	PF13640.13	Partial	None
gene-F5B20DRAFT_536227	rna-gnl|WGS:JAJKKE|F5B20DRAFT_mRNA536227	PF01753.25	Complete	None
gene-F5B20DRAFT_588554	rna-gnl|WGS:JAJKKE|F5B20DRAFT_mRNA588554	PF06985.18,PF26639.1	Complete	None
gene-F5B20DRAFT_536230	rna-gnl|WGS:JAJKKE|F5B20DRAFT_mRNA536230		None	None
gene-F5B20DRAFT_536232	rna-gnl|WGS:JAJKKE|F5B20DRAFT_mRNA536232		None	None
gene-F5B20DRAFT_536235	rna-gnl|WGS:JAJKKE|F5B20DRAFT_mRNA536235	PF03663.21	Partial	None
gene-F5B20DRAFT_67505	rna-gnl|WGS:JAJKKE|F5B20DRAFT_mRNA67505		None	None
gene-F5B20DRAFT_67559	rna-gnl|WGS:JAJKKE|F5B20DRAFT_mRNA67559	PF01209.25,PF05401.17,PF08241.19,PF08242.19,PF13489.13,PF13649.13	Partial	None
gene-F5B20DRAFT_579369	rna-gnl|WGS:JAJKKE|F5B20DRAFT_mRNA579369		None	None
gene-F5B20DRAFT_569871	rna-gnl|WGS:JAJKKE|F5B20DRAFT_mRNA569871	PF00083.31,PF07690.22	Partial	None
gene-F5B20DRAFT_536246	rna-gnl|WGS:JAJKKE|F5B20DRAFT_mRNA536246	PF00652.29,PF14200.13	Partial	None
gene-F5B20DRAFT_536249	rna-gnl|WGS:JAJKKE|F5B20DRAFT_mRNA536249		None	None
gene-F5B20DRAFT_67631	rna-gnl|WGS:JAJKKE|F5B20DRAFT_mRNA67631	PF00026.29,PF14543.12	Partial	None
gene-F5B20DRAFT_569873	rna-gnl|WGS:JAJKKE|F5B20DRAFT_mRNA569873	PF00067.28	Partial	None
gene-F5B20DRAFT_536267	rna-gnl|WGS:JAJKKE|F5B20DRAFT_mRNA536267	PF13181.13,PF13374.13,PF13374.13,PF13374.13	Complete	None
gene-F5B20DRAFT_569875	rna-gnl|WGS:JAJKKE|F5B20DRAFT_mRNA569875		None	None
gene-F5B20DRAFT_579378	rna-gnl|WGS:JAJKKE|F5B20DRAFT_mRNA579378		None	None
gene-F5B20DRAFT_67945	rna-gnl|WGS:JAJKKE|F5B20DRAFT_mRNA67945		None	None
gene-F5B20DRAFT_588567	rna-gnl|WGS:JAJKKE|F5B20DRAFT_mRNA588567		None	None
gene-F5B20DRAFT_68184	rna-gnl|WGS:JAJKKE|F5B20DRAFT_mRNA68184	PF00023.37,PF00023.37,PF04383.20,PF12796.14	Complete	None
gene-F5B20DRAFT_536343	rna-gnl|WGS:JAJKKE|F5B20DRAFT_mRNA536343	PF00023.37,PF00023.37,PF00023.37,PF00023.37,PF00023.37,PF12796.14,PF12796.14,PF12796.14,PF12796.14,PF12796.14,PF13606.13,PF13637.13,PF13637.13	Complete	None
gene-F5B20DRAFT_68195	rna-gnl|WGS:JAJKKE|F5B20DRAFT_mRNA68195	PF00248.28	Partial	None
gene-F5B20DRAFT_536351	rna-gnl|WGS:JAJKKE|F5B20DRAFT_mRNA536351	PF00892.27	Partial	None
gene-F5B20DRAFT_536355	rna-gnl|WGS:JAJKKE|F5B20DRAFT_mRNA536355	PF12937.13	Partial	None
gene-F5B20DRAFT_579387	rna-gnl|WGS:JAJKKE|F5B20DRAFT_mRNA579387	PF01717.25	Partial	None
gene-F5B20DRAFT_536369	rna-gnl|WGS:JAJKKE|F5B20DRAFT_mRNA536369	PF00149.34,PF02872.24	Complete	None
gene-F5B20DRAFT_579389	rna-gnl|WGS:JAJKKE|F5B20DRAFT_mRNA579389	PF10342.16	Partial	None
gene-F5B20DRAFT_579390	rna-gnl|WGS:JAJKKE|F5B20DRAFT_mRNA579390		None	None
gene-F5B20DRAFT_579391	rna-gnl|WGS:JAJKKE|F5B20DRAFT_mRNA579391	PF10294.16	Partial	None
gene-F5B20DRAFT_569884	rna-gnl|WGS:JAJKKE|F5B20DRAFT_mRNA569884	PF01282.26	Partial	None
gene-F5B20DRAFT_68455	rna-gnl|WGS:JAJKKE|F5B20DRAFT_mRNA68455		None	None
gene-F5B20DRAFT_68405	rna-gnl|WGS:JAJKKE|F5B20DRAFT_mRNA68405		None	None
gene-F5B20DRAFT_536381	rna-gnl|WGS:JAJKKE|F5B20DRAFT_mRNA536381	PF01238.28,PF20511.5,PF20512.4	Complete	None
gene-F5B20DRAFT_536383	rna-gnl|WGS:JAJKKE|F5B20DRAFT_mRNA536383	PF07039.18	Partial	None
gene-F5B20DRAFT_536388	rna-gnl|WGS:JAJKKE|F5B20DRAFT_mRNA536388	PF00025.28,PF00071.29,PF04670.19,PF08477.20,PF09439.17	Partial	None
gene-F5B20DRAFT_68569	rna-gnl|WGS:JAJKKE|F5B20DRAFT_mRNA68569	PF00069.32,PF07714.24	Partial	None
gene-F5B20DRAFT_68581	rna-gnl|WGS:JAJKKE|F5B20DRAFT_mRNA68581	PF00022.27	Partial	None
gene-F5B20DRAFT_68610	rna-gnl|WGS:JAJKKE|F5B20DRAFT_mRNA68610	PF01177.28	Partial	None
gene-F5B20DRAFT_579401	rna-gnl|WGS:JAJKKE|F5B20DRAFT_mRNA579401	PF00083.31,PF07690.22	Partial	None
gene-F5B20DRAFT_68558	rna-gnl|WGS:JAJKKE|F5B20DRAFT_mRNA68558	PF00324.28,PF13520.13	Partial	None
gene-F5B20DRAFT_536422	rna-gnl|WGS:JAJKKE|F5B20DRAFT_mRNA536422		None	None
gene-F5B20DRAFT_569893	rna-gnl|WGS:JAJKKE|F5B20DRAFT_mRNA569893	PF20150.5	Partial	None
gene-F5B20DRAFT_579404	rna-gnl|WGS:JAJKKE|F5B20DRAFT_mRNA579404	PF30672.1	Partial	None
gene-F5B20DRAFT_579405	rna-gnl|WGS:JAJKKE|F5B20DRAFT_mRNA579405	PF17875.8	Complete	None
gene-F5B20DRAFT_68869	rna-gnl|WGS:JAJKKE|F5B20DRAFT_mRNA68869		None	None
gene-F5B20DRAFT_579406	rna-gnl|WGS:JAJKKE|F5B20DRAFT_mRNA579406		None	None
gene-F5B20DRAFT_579407	rna-gnl|WGS:JAJKKE|F5B20DRAFT_mRNA579407	PF00076.29,PF00160.27	Complete	None
gene-F5B20DRAFT_69528	rna-gnl|WGS:JAJKKE|F5B20DRAFT_mRNA69528	PF00172.24	Complete	None
gene-F5B20DRAFT_588571	rna-gnl|WGS:JAJKKE|F5B20DRAFT_mRNA588571	PF00106.32,PF08659.17,PF13561.13	Partial	None
gene-F5B20DRAFT_569898	rna-gnl|WGS:JAJKKE|F5B20DRAFT_mRNA569898	PF05577.19,PF05577.19	Partial	None
gene-F5B20DRAFT_579411	rna-gnl|WGS:JAJKKE|F5B20DRAFT_mRNA579411		None	None
gene-F5B20DRAFT_536478	rna-gnl|WGS:JAJKKE|F5B20DRAFT_mRNA536478	PF24054.2	Partial	None
gene-F5B20DRAFT_536481	rna-gnl|WGS:JAJKKE|F5B20DRAFT_mRNA536481	PF00925.26	Partial	None
gene-F5B20DRAFT_579414	rna-gnl|WGS:JAJKKE|F5B20DRAFT_mRNA579414		None	None
gene-F5B20DRAFT_69698	rna-gnl|WGS:JAJKKE|F5B20DRAFT_mRNA69698	PF00487.31	Partial	None
gene-F5B20DRAFT_569902	rna-gnl|WGS:JAJKKE|F5B20DRAFT_mRNA569902	PF01370.28,PF07993.19,PF23562.3	Complete	None
gene-F5B20DRAFT_536494	rna-gnl|WGS:JAJKKE|F5B20DRAFT_mRNA536494	PF00583.32,PF13673.14	Partial	None
gene-F5B20DRAFT_536495	rna-gnl|WGS:JAJKKE|F5B20DRAFT_mRNA536495		None	None
gene-F5B20DRAFT_588583	rna-gnl|WGS:JAJKKE|F5B20DRAFT_mRNA588583	PF11807.14	Partial	None
gene-F5B20DRAFT_579419	rna-gnl|WGS:JAJKKE|F5B20DRAFT_mRNA579419	PF11807.14	Partial	None
gene-F5B20DRAFT_579420	rna-gnl|WGS:JAJKKE|F5B20DRAFT_mRNA579420	PF11807.14	Partial	None
gene-F5B20DRAFT_588591	rna-gnl|WGS:JAJKKE|F5B20DRAFT_mRNA588591	PF00106.32,PF00107.33,PF00109.33,PF00550.32,PF00698.27,PF01209.25,PF02801.29,PF08240.18,PF08241.19,PF08242.19,PF08659.17,PF13489.13,PF13561.13,PF13602.13,PF13649.13,PF13847.13,PF14765.13,PF21089.4,PF23297.2	Complete	None
gene-F5B20DRAFT_569907	rna-gnl|WGS:JAJKKE|F5B20DRAFT_mRNA569907	PF00067.28	Partial	None
gene-F5B20DRAFT_579423	rna-gnl|WGS:JAJKKE|F5B20DRAFT_mRNA579423		None	None
gene-F5B20DRAFT_69843	rna-gnl|WGS:JAJKKE|F5B20DRAFT_mRNA69843		None	None
gene-F5B20DRAFT_69883	rna-gnl|WGS:JAJKKE|F5B20DRAFT_mRNA69883	PF01487.23	Partial	None
gene-F5B20DRAFT_569909	rna-gnl|WGS:JAJKKE|F5B20DRAFT_mRNA569909	PF00172.24,PF04082.24	Partial	None
gene-F5B20DRAFT_70124	rna-gnl|WGS:JAJKKE|F5B20DRAFT_mRNA70124	PF01794.26,PF08022.19,PF08030.18	Complete	None
gene-F5B20DRAFT_536566	rna-gnl|WGS:JAJKKE|F5B20DRAFT_mRNA536566		None	None
gene-F5B20DRAFT_579429	rna-gnl|WGS:JAJKKE|F5B20DRAFT_mRNA579429		None	None
gene-F5B20DRAFT_70189	rna-gnl|WGS:JAJKKE|F5B20DRAFT_mRNA70189	PF04479.19	Partial	None
gene-F5B20DRAFT_536570	rna-gnl|WGS:JAJKKE|F5B20DRAFT_mRNA536570	PF02089.22,PF05057.22,PF07819.20,PF24096.3	Partial	None
gene-F5B20DRAFT_70207	rna-gnl|WGS:JAJKKE|F5B20DRAFT_mRNA70207		None	None
gene-F5B20DRAFT_579434	rna-gnl|WGS:JAJKKE|F5B20DRAFT_mRNA579434	PF00450.29	Partial	None
gene-F5B20DRAFT_579435	rna-gnl|WGS:JAJKKE|F5B20DRAFT_mRNA579435		None	None
gene-F5B20DRAFT_70422	rna-gnl|WGS:JAJKKE|F5B20DRAFT_mRNA70422	PF00018.35,PF00169.36,PF07647.25,PF07653.24,PF14604.13	Complete	None
gene-F5B20DRAFT_536598	rna-gnl|WGS:JAJKKE|F5B20DRAFT_mRNA536598	PF10744.15	Partial	None
gene-F5B20DRAFT_70496	rna-gnl|WGS:JAJKKE|F5B20DRAFT_mRNA70496		None	None
gene-F5B20DRAFT_536610	rna-gnl|WGS:JAJKKE|F5B20DRAFT_mRNA536610	PF01987.24	Partial	None
gene-F5B20DRAFT_536615	rna-gnl|WGS:JAJKKE|F5B20DRAFT_mRNA536615	PF03171.27,PF14226.13	Complete	None
gene-F5B20DRAFT_588605	rna-gnl|WGS:JAJKKE|F5B20DRAFT_mRNA588605	PF00891.25,PF08100.19	Partial	None
gene-F5B20DRAFT_569915	rna-gnl|WGS:JAJKKE|F5B20DRAFT_mRNA569915	PF20684.4	Partial	None
gene-F5B20DRAFT_536664	rna-gnl|WGS:JAJKKE|F5B20DRAFT_mRNA536664	PF01565.29	Partial	None
gene-F5B20DRAFT_536667	rna-gnl|WGS:JAJKKE|F5B20DRAFT_mRNA536667	PF00657.29,PF13472.13	Partial	None
gene-F5B20DRAFT_579444	rna-gnl|WGS:JAJKKE|F5B20DRAFT_mRNA579444	PF01494.26	Partial	None
gene-F5B20DRAFT_588611	rna-gnl|WGS:JAJKKE|F5B20DRAFT_mRNA588611		None	None
gene-F5B20DRAFT_70881	rna-gnl|WGS:JAJKKE|F5B20DRAFT_mRNA70881		None	None
gene-F5B20DRAFT_588613	rna-gnl|WGS:JAJKKE|F5B20DRAFT_mRNA588613	PF09444.16	Complete	None
gene-F5B20DRAFT_70889	rna-gnl|WGS:JAJKKE|F5B20DRAFT_mRNA70889	PF12767.13	Partial	None
gene-F5B20DRAFT_536679	rna-gnl|WGS:JAJKKE|F5B20DRAFT_mRNA536679	PF04130.19,PF17681.7	Partial	None
gene-F5B20DRAFT_569920	rna-gnl|WGS:JAJKKE|F5B20DRAFT_mRNA569920	PF00069.32,PF07714.24	Complete	None
gene-F5B20DRAFT_579452	rna-gnl|WGS:JAJKKE|F5B20DRAFT_mRNA579452		None	None
gene-F5B20DRAFT_70936	rna-gnl|WGS:JAJKKE|F5B20DRAFT_mRNA70936	PF00082.28,PF06280.19	Complete	None
gene-F5B20DRAFT_70962	rna-gnl|WGS:JAJKKE|F5B20DRAFT_mRNA70962		None	None
gene-F5B20DRAFT_71014	rna-gnl|WGS:JAJKKE|F5B20DRAFT_mRNA71014	PF01734.28	Partial	None
gene-F5B20DRAFT_569923	rna-gnl|WGS:JAJKKE|F5B20DRAFT_mRNA569923	PF00083.31,PF07690.22	Partial	None
gene-F5B20DRAFT_536696	rna-gnl|WGS:JAJKKE|F5B20DRAFT_mRNA536696		None	None
gene-F5B20DRAFT_71167	rna-gnl|WGS:JAJKKE|F5B20DRAFT_mRNA71167	PF04616.21,PF22704.3	Complete	None
gene-F5B20DRAFT_579459	rna-gnl|WGS:JAJKKE|F5B20DRAFT_mRNA579459	PF01055.33,PF13802.13,PF21365.4	Complete	None
gene-F5B20DRAFT_536703	rna-gnl|WGS:JAJKKE|F5B20DRAFT_mRNA536703		None	None
gene-F5B20DRAFT_536705	rna-gnl|WGS:JAJKKE|F5B20DRAFT_mRNA536705	PF00326.28,PF01738.25,PF07859.20,PF20434.6	Partial	None
gene-F5B20DRAFT_536706	rna-gnl|WGS:JAJKKE|F5B20DRAFT_mRNA536706		None	None
gene-F5B20DRAFT_579463	rna-gnl|WGS:JAJKKE|F5B20DRAFT_mRNA579463	PF24494.2	Partial	None
gene-F5B20DRAFT_588623	rna-gnl|WGS:JAJKKE|F5B20DRAFT_mRNA588623		None	None
gene-F5B20DRAFT_536715	rna-gnl|WGS:JAJKKE|F5B20DRAFT_mRNA536715	PF20237.4	Partial	None
gene-F5B20DRAFT_536716	rna-gnl|WGS:JAJKKE|F5B20DRAFT_mRNA536716		None	None
gene-F5B20DRAFT_536717	rna-gnl|WGS:JAJKKE|F5B20DRAFT_mRNA536717	PF04115.19	Partial	None
gene-F5B20DRAFT_71375	rna-gnl|WGS:JAJKKE|F5B20DRAFT_mRNA71375	PF00145.24,PF00176.30	Complete	None
gene-F5B20DRAFT_536728	rna-gnl|WGS:JAJKKE|F5B20DRAFT_mRNA536728		None	None
gene-F5B20DRAFT_536734	rna-gnl|WGS:JAJKKE|F5B20DRAFT_mRNA536734	PF00935.26	Partial	None
gene-F5B20DRAFT_579470	rna-gnl|WGS:JAJKKE|F5B20DRAFT_mRNA579470	PF07690.22	Partial	None
gene-F5B20DRAFT_71744	rna-gnl|WGS:JAJKKE|F5B20DRAFT_mRNA71744	PF11885.14	Partial	None
gene-F5B20DRAFT_569929	rna-gnl|WGS:JAJKKE|F5B20DRAFT_mRNA569929	PF00067.28	Partial	None
gene-F5B20DRAFT_579474	rna-gnl|WGS:JAJKKE|F5B20DRAFT_mRNA579474	PF16983.12,PF16983.12	Complete	None
gene-F5B20DRAFT_71837	rna-gnl|WGS:JAJKKE|F5B20DRAFT_mRNA71837		None	None
gene-F5B20DRAFT_536770	rna-gnl|WGS:JAJKKE|F5B20DRAFT_mRNA536770	PF00250.25,PF00498.32	Complete	None
gene-F5B20DRAFT_536772	rna-gnl|WGS:JAJKKE|F5B20DRAFT_mRNA536772	PF00293.35	Partial	None
gene-F5B20DRAFT_71856	rna-gnl|WGS:JAJKKE|F5B20DRAFT_mRNA71856	PF00075.31	Partial	None
gene-F5B20DRAFT_536775	rna-gnl|WGS:JAJKKE|F5B20DRAFT_mRNA536775	PF00472.27,PF03462.24	Complete	None
gene-F5B20DRAFT_71887	rna-gnl|WGS:JAJKKE|F5B20DRAFT_mRNA71887	PF00450.29	Partial	None
gene-F5B20DRAFT_536779	rna-gnl|WGS:JAJKKE|F5B20DRAFT_mRNA536779	PF04707.21	Partial	None
gene-F5B20DRAFT_536782	rna-gnl|WGS:JAJKKE|F5B20DRAFT_mRNA536782	PF00462.31	Partial	None
gene-F5B20DRAFT_536785	rna-gnl|WGS:JAJKKE|F5B20DRAFT_mRNA536785	PF01019.28	Partial	None
gene-F5B20DRAFT_71961	rna-gnl|WGS:JAJKKE|F5B20DRAFT_mRNA71961		None	None
gene-F5B20DRAFT_71977	rna-gnl|WGS:JAJKKE|F5B20DRAFT_mRNA71977		None	None
gene-F5B20DRAFT_579486	rna-gnl|WGS:JAJKKE|F5B20DRAFT_mRNA579486		None	None
gene-F5B20DRAFT_588635	rna-gnl|WGS:JAJKKE|F5B20DRAFT_mRNA588635	PF01209.25,PF08241.19,PF08242.19,PF13489.13,PF13649.13,PF13847.13	Partial	None
gene-F5B20DRAFT_536795	rna-gnl|WGS:JAJKKE|F5B20DRAFT_mRNA536795	PF00106.32,PF08659.17,PF13561.13	Partial	None
gene-F5B20DRAFT_579489	rna-gnl|WGS:JAJKKE|F5B20DRAFT_mRNA579489	PF00732.26,PF00890.31,PF01494.26,PF05199.20	Complete	None
gene-F5B20DRAFT_588639	rna-gnl|WGS:JAJKKE|F5B20DRAFT_mRNA588639	PF06985.18,PF26639.1	Complete	None
gene-F5B20DRAFT_72034	rna-gnl|WGS:JAJKKE|F5B20DRAFT_mRNA72034		None	None
gene-F5B20DRAFT_536802	rna-gnl|WGS:JAJKKE|F5B20DRAFT_mRNA536802		None	None
gene-F5B20DRAFT_588643	rna-gnl|WGS:JAJKKE|F5B20DRAFT_mRNA588643	PF01694.29	Partial	None
gene-F5B20DRAFT_536810	rna-gnl|WGS:JAJKKE|F5B20DRAFT_mRNA536810	PF00583.32,PF13302.14	Partial	None
gene-F5B20DRAFT_72099	rna-gnl|WGS:JAJKKE|F5B20DRAFT_mRNA72099	PF00083.31,PF06609.19,PF07690.22	Partial	None
gene-F5B20DRAFT_569937	rna-gnl|WGS:JAJKKE|F5B20DRAFT_mRNA569937	PF20684.4	Partial	None
gene-F5B20DRAFT_536833	rna-gnl|WGS:JAJKKE|F5B20DRAFT_mRNA536833	PF01058.30	Partial	None
gene-F5B20DRAFT_72350	rna-gnl|WGS:JAJKKE|F5B20DRAFT_mRNA72350		None	None
gene-F5B20DRAFT_72348	rna-gnl|WGS:JAJKKE|F5B20DRAFT_mRNA72348		None	None
gene-F5B20DRAFT_72371	rna-gnl|WGS:JAJKKE|F5B20DRAFT_mRNA72371	PF01180.28	Partial	None
gene-F5B20DRAFT_588647	rna-gnl|WGS:JAJKKE|F5B20DRAFT_mRNA588647	PF00097.32,PF13445.13	Complete	None
gene-F5B20DRAFT_579502	rna-gnl|WGS:JAJKKE|F5B20DRAFT_mRNA579502	PF16561.12	Partial	None
gene-F5B20DRAFT_579503	rna-gnl|WGS:JAJKKE|F5B20DRAFT_mRNA579503	PF04082.24	Complete	None
gene-F5B20DRAFT_72576	rna-gnl|WGS:JAJKKE|F5B20DRAFT_mRNA72576	PF01467.33	Partial	None
gene-F5B20DRAFT_72664	rna-gnl|WGS:JAJKKE|F5B20DRAFT_mRNA72664	PF00646.39,PF12937.13	Complete	None
gene-F5B20DRAFT_536897	rna-gnl|WGS:JAJKKE|F5B20DRAFT_mRNA536897	PF03645.20	Partial	None
gene-F5B20DRAFT_72793	rna-gnl|WGS:JAJKKE|F5B20DRAFT_mRNA72793	PF02656.21	Partial	None
gene-F5B20DRAFT_72761	rna-gnl|WGS:JAJKKE|F5B20DRAFT_mRNA72761	PF01918.28	Partial	None
gene-F5B20DRAFT_72894	rna-gnl|WGS:JAJKKE|F5B20DRAFT_mRNA72894	PF25909.1	Complete	None
gene-F5B20DRAFT_536933	rna-gnl|WGS:JAJKKE|F5B20DRAFT_mRNA536933	PF00168.37,PF00397.33,PF00397.33,PF00397.33,PF00632.31	Complete	None
gene-F5B20DRAFT_579511	rna-gnl|WGS:JAJKKE|F5B20DRAFT_mRNA579511	PF00076.29	Partial	None
gene-F5B20DRAFT_536945	rna-gnl|WGS:JAJKKE|F5B20DRAFT_mRNA536945	PF01636.30,PF02958.27,PF07914.18	Partial	None
gene-F5B20DRAFT_536948	rna-gnl|WGS:JAJKKE|F5B20DRAFT_mRNA536948	PF01055.33,PF13802.13,PF21365.4	Complete	None
gene-F5B20DRAFT_536949	rna-gnl|WGS:JAJKKE|F5B20DRAFT_mRNA536949	PF00137.27,PF00137.27	Partial	None
gene-F5B20DRAFT_579515	rna-gnl|WGS:JAJKKE|F5B20DRAFT_mRNA579515	PF01248.32	Partial	None
gene-F5B20DRAFT_73140	rna-gnl|WGS:JAJKKE|F5B20DRAFT_mRNA73140	PF02383.24,PF12456.15	Complete	None
gene-F5B20DRAFT_588655	rna-gnl|WGS:JAJKKE|F5B20DRAFT_mRNA588655	PF11312.15	Partial	None
gene-F5B20DRAFT_536959	rna-gnl|WGS:JAJKKE|F5B20DRAFT_mRNA536959	PF00456.27,PF02779.30,PF02780.26,PF22613.2	Complete	None
gene-F5B20DRAFT_588671	rna-gnl|WGS:JAJKKE|F5B20DRAFT_mRNA588671	PF17233.8	Partial	None
gene-F5B20DRAFT_73297	rna-gnl|WGS:JAJKKE|F5B20DRAFT_mRNA73297	PF13515.13	Complete	None
gene-F5B20DRAFT_73303	rna-gnl|WGS:JAJKKE|F5B20DRAFT_mRNA73303	PF07970.18,PF13850.12	Partial	None
gene-F5B20DRAFT_536967	rna-gnl|WGS:JAJKKE|F5B20DRAFT_mRNA536967	PF00569.24,PF00569.24,PF00569.24,PF16158.12	Complete	None
gene-F5B20DRAFT_73840	rna-gnl|WGS:JAJKKE|F5B20DRAFT_mRNA73840	PF09405.16	Partial	None
gene-F5B20DRAFT_73848	rna-gnl|WGS:JAJKKE|F5B20DRAFT_mRNA73848	PF00026.29,PF14543.12	Partial	None
gene-F5B20DRAFT_536974	rna-gnl|WGS:JAJKKE|F5B20DRAFT_mRNA536974	PF01063.25	Partial	None
gene-F5B20DRAFT_73856	rna-gnl|WGS:JAJKKE|F5B20DRAFT_mRNA73856	PF13176.13,PF13181.13,PF13181.13,PF13432.13,PF13432.13,PF14559.13	Complete	None
gene-F5B20DRAFT_588693	rna-gnl|WGS:JAJKKE|F5B20DRAFT_mRNA588693		None	None
gene-F5B20DRAFT_588699	rna-gnl|WGS:JAJKKE|F5B20DRAFT_mRNA588699	PF03959.20	Partial	None
gene-F5B20DRAFT_588705	rna-gnl|WGS:JAJKKE|F5B20DRAFT_mRNA588705	PF00106.32,PF00107.33,PF00109.33,PF00550.32,PF00698.27,PF02801.29,PF08659.17,PF13561.13,PF14765.13,PF16197.12,PF21089.4,PF22621.3,PF23114.1,PF23297.2	Complete	None
gene-F5B20DRAFT_536980	rna-gnl|WGS:JAJKKE|F5B20DRAFT_mRNA536980	PF13911.13	Partial	None
gene-F5B20DRAFT_536987	rna-gnl|WGS:JAJKKE|F5B20DRAFT_mRNA536987		None	None
gene-F5B20DRAFT_74055	rna-gnl|WGS:JAJKKE|F5B20DRAFT_mRNA74055	PF04427.24	Partial	None
gene-F5B20DRAFT_74059	rna-gnl|WGS:JAJKKE|F5B20DRAFT_mRNA74059		None	None
gene-F5B20DRAFT_536992	rna-gnl|WGS:JAJKKE|F5B20DRAFT_mRNA536992	PF00804.32,PF05739.27	Complete	None
gene-F5B20DRAFT_536998	rna-gnl|WGS:JAJKKE|F5B20DRAFT_mRNA536998	PF09286.17	Partial	None
gene-F5B20DRAFT_588712	rna-gnl|WGS:JAJKKE|F5B20DRAFT_mRNA588712	PF00202.28	Partial	None
gene-F5B20DRAFT_74241	rna-gnl|WGS:JAJKKE|F5B20DRAFT_mRNA74241	PF00083.31,PF07690.22	Partial	None
gene-F5B20DRAFT_537006	rna-gnl|WGS:JAJKKE|F5B20DRAFT_mRNA537006	PF00248.28	Partial	None
gene-F5B20DRAFT_588715	rna-gnl|WGS:JAJKKE|F5B20DRAFT_mRNA588715		None	None
gene-F5B20DRAFT_537014	rna-gnl|WGS:JAJKKE|F5B20DRAFT_mRNA537014	PF13813.12	Complete	None
gene-F5B20DRAFT_537015	rna-gnl|WGS:JAJKKE|F5B20DRAFT_mRNA537015		None	None
gene-F5B20DRAFT_569961	rna-gnl|WGS:JAJKKE|F5B20DRAFT_mRNA569961	PF00018.35,PF03114.24,PF07653.24,PF14604.13	Complete	None
gene-F5B20DRAFT_74315	rna-gnl|WGS:JAJKKE|F5B20DRAFT_mRNA74315	PF00266.26,PF01041.24,PF01212.28	Partial	None
gene-F5B20DRAFT_579543	rna-gnl|WGS:JAJKKE|F5B20DRAFT_mRNA579543	PF05532.18	Partial	None
gene-F5B20DRAFT_74480	rna-gnl|WGS:JAJKKE|F5B20DRAFT_mRNA74480	PF05368.20,PF13460.13	Partial	None
gene-F5B20DRAFT_569963	rna-gnl|WGS:JAJKKE|F5B20DRAFT_mRNA569963	PF00962.29,PF19326.6	Partial	None
gene-F5B20DRAFT_74348	rna-gnl|WGS:JAJKKE|F5B20DRAFT_mRNA74348	PF01968.25,PF02538.20,PF05378.20,PF19278.5	Complete	None
gene-F5B20DRAFT_537043	rna-gnl|WGS:JAJKKE|F5B20DRAFT_mRNA537043	PF00787.30,PF02194.21,PF08628.18	Complete	None
gene-F5B20DRAFT_537044	rna-gnl|WGS:JAJKKE|F5B20DRAFT_mRNA537044	PF02229.23	Partial	None
gene-F5B20DRAFT_588719	rna-gnl|WGS:JAJKKE|F5B20DRAFT_mRNA588719		None	None
gene-F5B20DRAFT_74528	rna-gnl|WGS:JAJKKE|F5B20DRAFT_mRNA74528		None	None
gene-F5B20DRAFT_74534	rna-gnl|WGS:JAJKKE|F5B20DRAFT_mRNA74534	PF00533.34	Complete	None
gene-F5B20DRAFT_75697	rna-gnl|WGS:JAJKKE|F5B20DRAFT_mRNA75697	PF00501.35,PF13193.13,PF16177.12	Complete	None
gene-F5B20DRAFT_579554	rna-gnl|WGS:JAJKKE|F5B20DRAFT_mRNA579554	PF13535.12,PF18130.7	Complete	None
gene-F5B20DRAFT_579555	rna-gnl|WGS:JAJKKE|F5B20DRAFT_mRNA579555	PF07690.22	Partial	None
gene-F5B20DRAFT_537124	rna-gnl|WGS:JAJKKE|F5B20DRAFT_mRNA537124		None	None
gene-F5B20DRAFT_76151	rna-gnl|WGS:JAJKKE|F5B20DRAFT_mRNA76151	PF00107.33,PF08240.18,PF13602.13	Partial	None
gene-F5B20DRAFT_579558	rna-gnl|WGS:JAJKKE|F5B20DRAFT_mRNA579558	PF01738.25,PF01738.25	Partial	None
gene-F5B20DRAFT_537131	rna-gnl|WGS:JAJKKE|F5B20DRAFT_mRNA537131	PF01336.32,PF02721.22,PF04057.19,PF08646.17,PF16900.12	Complete	None
gene-F5B20DRAFT_537136	rna-gnl|WGS:JAJKKE|F5B20DRAFT_mRNA537136	PF22788.3	Partial	None
gene-F5B20DRAFT_579561	rna-gnl|WGS:JAJKKE|F5B20DRAFT_mRNA579561	PF01036.25	Partial	None
gene-F5B20DRAFT_76262	rna-gnl|WGS:JAJKKE|F5B20DRAFT_mRNA76262	PF07519.18	Partial	None
gene-F5B20DRAFT_76227	rna-gnl|WGS:JAJKKE|F5B20DRAFT_mRNA76227	PF00578.28,PF08534.17	Partial	None
gene-F5B20DRAFT_537143	rna-gnl|WGS:JAJKKE|F5B20DRAFT_mRNA537143	PF01257.26	Partial	None
gene-F5B20DRAFT_537145	rna-gnl|WGS:JAJKKE|F5B20DRAFT_mRNA537145	PF01344.32,PF07646.22	Complete	None
gene-F5B20DRAFT_76400	rna-gnl|WGS:JAJKKE|F5B20DRAFT_mRNA76400		None	None
gene-F5B20DRAFT_579567	rna-gnl|WGS:JAJKKE|F5B20DRAFT_mRNA579567	PF00096.33	Complete	None
gene-F5B20DRAFT_537184	rna-gnl|WGS:JAJKKE|F5B20DRAFT_mRNA537184		None	None
gene-F5B20DRAFT_77048	rna-gnl|WGS:JAJKKE|F5B20DRAFT_mRNA77048	PF00173.34	Partial	None
gene-F5B20DRAFT_77117	rna-gnl|WGS:JAJKKE|F5B20DRAFT_mRNA77117		None	None
gene-F5B20DRAFT_579570	rna-gnl|WGS:JAJKKE|F5B20DRAFT_mRNA579570		None	None
gene-F5B20DRAFT_579571	rna-gnl|WGS:JAJKKE|F5B20DRAFT_mRNA579571	PF00170.27	Partial	None
gene-F5B20DRAFT_77263	rna-gnl|WGS:JAJKKE|F5B20DRAFT_mRNA77263		None	None
gene-F5B20DRAFT_579573	rna-gnl|WGS:JAJKKE|F5B20DRAFT_mRNA579573		None	None
gene-F5B20DRAFT_537226	rna-gnl|WGS:JAJKKE|F5B20DRAFT_mRNA537226	PF01435.25	Partial	None
gene-F5B20DRAFT_77332	rna-gnl|WGS:JAJKKE|F5B20DRAFT_mRNA77332		None	None
gene-F5B20DRAFT_77368	rna-gnl|WGS:JAJKKE|F5B20DRAFT_mRNA77368	PF00067.28	Partial	None
gene-F5B20DRAFT_579577	rna-gnl|WGS:JAJKKE|F5B20DRAFT_mRNA579577		None	None
gene-F5B20DRAFT_537247	rna-gnl|WGS:JAJKKE|F5B20DRAFT_mRNA537247	PF00383.30,PF14437.13	Complete	None
gene-F5B20DRAFT_569975	rna-gnl|WGS:JAJKKE|F5B20DRAFT_mRNA569975	PF00899.28,PF16420.11	Partial	None
gene-F5B20DRAFT_579580	rna-gnl|WGS:JAJKKE|F5B20DRAFT_mRNA579580		None	None
gene-F5B20DRAFT_77537	rna-gnl|WGS:JAJKKE|F5B20DRAFT_mRNA77537	PF00083.31,PF07690.22	Partial	None
gene-F5B20DRAFT_537255	rna-gnl|WGS:JAJKKE|F5B20DRAFT_mRNA537255	PF00226.37	Partial	None
gene-F5B20DRAFT_77739	rna-gnl|WGS:JAJKKE|F5B20DRAFT_mRNA77739		None	None
gene-F5B20DRAFT_77991	rna-gnl|WGS:JAJKKE|F5B20DRAFT_mRNA77991	PF00646.39,PF12937.13	Partial	None
gene-F5B20DRAFT_537293	rna-gnl|WGS:JAJKKE|F5B20DRAFT_mRNA537293	PF00487.31,PF08557.16	Partial	None
gene-F5B20DRAFT_537296	rna-gnl|WGS:JAJKKE|F5B20DRAFT_mRNA537296	PF00635.33	Partial	None
gene-F5B20DRAFT_78730	rna-gnl|WGS:JAJKKE|F5B20DRAFT_mRNA78730	PF00789.27,PF24560.2	Complete	None
gene-F5B20DRAFT_78255	rna-gnl|WGS:JAJKKE|F5B20DRAFT_mRNA78255	PF00428.25	Partial	None
gene-F5B20DRAFT_78968	rna-gnl|WGS:JAJKKE|F5B20DRAFT_mRNA78968	PF10303.15,PF10303.15	Complete	None
gene-F5B20DRAFT_537312	rna-gnl|WGS:JAJKKE|F5B20DRAFT_mRNA537312	PF03795.21	Partial	None
gene-F5B20DRAFT_78465	rna-gnl|WGS:JAJKKE|F5B20DRAFT_mRNA78465		None	None
gene-F5B20DRAFT_78483	rna-gnl|WGS:JAJKKE|F5B20DRAFT_mRNA78483	PF00501.35,PF13193.13	Complete	None
gene-F5B20DRAFT_78564	rna-gnl|WGS:JAJKKE|F5B20DRAFT_mRNA78564	PF01585.29	Complete	None
gene-F5B20DRAFT_579595	rna-gnl|WGS:JAJKKE|F5B20DRAFT_mRNA579595		None	None
gene-F5B20DRAFT_579596	rna-gnl|WGS:JAJKKE|F5B20DRAFT_mRNA579596	PF00730.32	Complete	None
gene-F5B20DRAFT_79064	rna-gnl|WGS:JAJKKE|F5B20DRAFT_mRNA79064	PF03452.21	Partial	None
gene-F5B20DRAFT_537341	rna-gnl|WGS:JAJKKE|F5B20DRAFT_mRNA537341	PF02271.22	Partial	None
gene-F5B20DRAFT_588774	rna-gnl|WGS:JAJKKE|F5B20DRAFT_mRNA588774	PF00153.33,PF00153.33,PF00153.33	Complete	None
gene-F5B20DRAFT_579600	rna-gnl|WGS:JAJKKE|F5B20DRAFT_mRNA579600	PF00067.28	Partial	None
gene-F5B20DRAFT_569982	rna-gnl|WGS:JAJKKE|F5B20DRAFT_mRNA569982	PF00106.32,PF01370.28,PF08659.17,PF13561.13	Partial	None
gene-F5B20DRAFT_537376	rna-gnl|WGS:JAJKKE|F5B20DRAFT_mRNA537376		None	None
gene-F5B20DRAFT_79395	rna-gnl|WGS:JAJKKE|F5B20DRAFT_mRNA79395	PF00651.38	Partial	None
gene-F5B20DRAFT_537383	rna-gnl|WGS:JAJKKE|F5B20DRAFT_mRNA537383	PF01544.24	Partial	None
gene-F5B20DRAFT_79588	rna-gnl|WGS:JAJKKE|F5B20DRAFT_mRNA79588	PF08426.16	Partial	None
gene-F5B20DRAFT_537385	rna-gnl|WGS:JAJKKE|F5B20DRAFT_mRNA537385		None	None
gene-F5B20DRAFT_79686	rna-gnl|WGS:JAJKKE|F5B20DRAFT_mRNA79686	PF00106.32,PF08659.17,PF13561.13	Partial	None
gene-F5B20DRAFT_537390	rna-gnl|WGS:JAJKKE|F5B20DRAFT_mRNA537390	PF01565.29	Partial	None
gene-F5B20DRAFT_569985	rna-gnl|WGS:JAJKKE|F5B20DRAFT_mRNA569985	PF13242.13,PF13344.13	Complete	None
gene-F5B20DRAFT_579609	rna-gnl|WGS:JAJKKE|F5B20DRAFT_mRNA579609		None	None
gene-F5B20DRAFT_537394	rna-gnl|WGS:JAJKKE|F5B20DRAFT_mRNA537394		None	None
gene-F5B20DRAFT_79912	rna-gnl|WGS:JAJKKE|F5B20DRAFT_mRNA79912	PF00172.24	Partial	None
gene-F5B20DRAFT_588784	rna-gnl|WGS:JAJKKE|F5B20DRAFT_mRNA588784	PF00732.26,PF05199.20,PF13450.13,PF16010.11	Complete	None
gene-F5B20DRAFT_79919	rna-gnl|WGS:JAJKKE|F5B20DRAFT_mRNA79919	PF03443.21	Partial	None
gene-F5B20DRAFT_79799	rna-gnl|WGS:JAJKKE|F5B20DRAFT_mRNA79799	PF02586.20	Partial	None
gene-F5B20DRAFT_579614	rna-gnl|WGS:JAJKKE|F5B20DRAFT_mRNA579614	PF00153.33,PF00153.33,PF00153.33,PF17135.10	Complete	None
gene-F5B20DRAFT_537424	rna-gnl|WGS:JAJKKE|F5B20DRAFT_mRNA537424	PF00076.29	Partial	None
gene-F5B20DRAFT_537428	rna-gnl|WGS:JAJKKE|F5B20DRAFT_mRNA537428	PF03062.25,PF13813.12	Complete	None
gene-F5B20DRAFT_537430	rna-gnl|WGS:JAJKKE|F5B20DRAFT_mRNA537430	PF00307.37,PF00307.37,PF00307.37,PF00307.37	Complete	None
gene-F5B20DRAFT_537432	rna-gnl|WGS:JAJKKE|F5B20DRAFT_mRNA537432		None	None
gene-F5B20DRAFT_537433	rna-gnl|WGS:JAJKKE|F5B20DRAFT_mRNA537433	PF10639.16	Partial	None
gene-F5B20DRAFT_80276	rna-gnl|WGS:JAJKKE|F5B20DRAFT_mRNA80276		None	None
gene-F5B20DRAFT_80284	rna-gnl|WGS:JAJKKE|F5B20DRAFT_mRNA80284	PF00168.37	Partial	None
gene-F5B20DRAFT_588800	rna-gnl|WGS:JAJKKE|F5B20DRAFT_mRNA588800	PF00400.39,PF00400.39,PF00400.39,PF09384.16	Complete	None
gene-F5B20DRAFT_537443	rna-gnl|WGS:JAJKKE|F5B20DRAFT_mRNA537443	PF00378.26,PF16113.11	Partial	None
gene-F5B20DRAFT_80323	rna-gnl|WGS:JAJKKE|F5B20DRAFT_mRNA80323		None	None
gene-F5B20DRAFT_537447	rna-gnl|WGS:JAJKKE|F5B20DRAFT_mRNA537447		None	None
gene-F5B20DRAFT_537452	rna-gnl|WGS:JAJKKE|F5B20DRAFT_mRNA537452	PF00248.28	Partial	None
gene-F5B20DRAFT_537460	rna-gnl|WGS:JAJKKE|F5B20DRAFT_mRNA537460	PF00400.39,PF00400.39,PF00400.39,PF00400.39,PF00400.39	Complete	None
gene-F5B20DRAFT_537464	rna-gnl|WGS:JAJKKE|F5B20DRAFT_mRNA537464	PF04101.23,PF04101.23	Partial	None
gene-F5B20DRAFT_537467	rna-gnl|WGS:JAJKKE|F5B20DRAFT_mRNA537467	PF10213.15	Partial	None
gene-F5B20DRAFT_537470	rna-gnl|WGS:JAJKKE|F5B20DRAFT_mRNA537470		None	None
gene-F5B20DRAFT_80616	rna-gnl|WGS:JAJKKE|F5B20DRAFT_mRNA80616	PF01926.30,PF02421.25,PF08438.17	Complete	None
gene-F5B20DRAFT_80500	rna-gnl|WGS:JAJKKE|F5B20DRAFT_mRNA80500		None	None
gene-F5B20DRAFT_80493	rna-gnl|WGS:JAJKKE|F5B20DRAFT_mRNA80493	PF00172.24,PF04082.24	Partial	None
gene-F5B20DRAFT_537555	rna-gnl|WGS:JAJKKE|F5B20DRAFT_mRNA537555	PF03009.24	Partial	None
gene-F5B20DRAFT_588818	rna-gnl|WGS:JAJKKE|F5B20DRAFT_mRNA588818		None	None
gene-F5B20DRAFT_537560	rna-gnl|WGS:JAJKKE|F5B20DRAFT_mRNA537560	PF06699.17	Partial	None
gene-F5B20DRAFT_537561	rna-gnl|WGS:JAJKKE|F5B20DRAFT_mRNA537561	PF01997.22	Partial	None
gene-F5B20DRAFT_537565	rna-gnl|WGS:JAJKKE|F5B20DRAFT_mRNA537565	PF06108.19	Partial	None
gene-F5B20DRAFT_537569	rna-gnl|WGS:JAJKKE|F5B20DRAFT_mRNA537569	PF00890.31,PF01593.31,PF13450.13	Partial	None
gene-F5B20DRAFT_80891	rna-gnl|WGS:JAJKKE|F5B20DRAFT_mRNA80891		None	None
gene-F5B20DRAFT_588825	rna-gnl|WGS:JAJKKE|F5B20DRAFT_mRNA588825		None	None
gene-F5B20DRAFT_579643	rna-gnl|WGS:JAJKKE|F5B20DRAFT_mRNA579643	PF07971.19,PF17678.8	Partial	None
gene-F5B20DRAFT_537582	rna-gnl|WGS:JAJKKE|F5B20DRAFT_mRNA537582	PF01248.32	Partial	None
gene-F5B20DRAFT_80994	rna-gnl|WGS:JAJKKE|F5B20DRAFT_mRNA80994	PF08570.16	Partial	None
gene-F5B20DRAFT_537585	rna-gnl|WGS:JAJKKE|F5B20DRAFT_mRNA537585	PF11374.14	Partial	None
gene-F5B20DRAFT_81050	rna-gnl|WGS:JAJKKE|F5B20DRAFT_mRNA81050		None	None
gene-F5B20DRAFT_81061	rna-gnl|WGS:JAJKKE|F5B20DRAFT_mRNA81061	PF03031.25	Complete	None
gene-F5B20DRAFT_537593	rna-gnl|WGS:JAJKKE|F5B20DRAFT_mRNA537593	PF01008.24	Partial	None
gene-F5B20DRAFT_588831	rna-gnl|WGS:JAJKKE|F5B20DRAFT_mRNA588831		None	None
gene-F5B20DRAFT_579651	rna-gnl|WGS:JAJKKE|F5B20DRAFT_mRNA579651	PF00583.32,PF08445.17,PF13508.14,PF13673.14	Partial	None
gene-F5B20DRAFT_537607	rna-gnl|WGS:JAJKKE|F5B20DRAFT_mRNA537607	PF00106.32,PF01370.28,PF02719.22,PF08659.17,PF13561.13	Partial	None
gene-F5B20DRAFT_537608	rna-gnl|WGS:JAJKKE|F5B20DRAFT_mRNA537608	PF00133.29,PF09334.18,PF19303.6	Complete	None
gene-F5B20DRAFT_81170	rna-gnl|WGS:JAJKKE|F5B20DRAFT_mRNA81170	PF09811.15	Partial	None
gene-F5B20DRAFT_81124	rna-gnl|WGS:JAJKKE|F5B20DRAFT_mRNA81124	PF27885.1,PF27886.1	Partial	None
gene-F5B20DRAFT_537616	rna-gnl|WGS:JAJKKE|F5B20DRAFT_mRNA537616	PF02939.22	Partial	None
gene-F5B20DRAFT_537618	rna-gnl|WGS:JAJKKE|F5B20DRAFT_mRNA537618	PF01145.32	Partial	None
gene-F5B20DRAFT_537620	rna-gnl|WGS:JAJKKE|F5B20DRAFT_mRNA537620	PF28365.1	Complete	None
gene-F5B20DRAFT_81362	rna-gnl|WGS:JAJKKE|F5B20DRAFT_mRNA81362	PF05057.22	Partial	None
gene-F5B20DRAFT_537625	rna-gnl|WGS:JAJKKE|F5B20DRAFT_mRNA537625	PF00578.28,PF08534.17,PF10417.15	Complete	None
gene-F5B20DRAFT_537626	rna-gnl|WGS:JAJKKE|F5B20DRAFT_mRNA537626	PF00633.30,PF00730.32	Complete	None
gene-F5B20DRAFT_81385	rna-gnl|WGS:JAJKKE|F5B20DRAFT_mRNA81385	PF01428.24	Partial	None
gene-F5B20DRAFT_579663	rna-gnl|WGS:JAJKKE|F5B20DRAFT_mRNA579663	PF00107.33,PF08240.18	Partial	None
gene-F5B20DRAFT_537634	rna-gnl|WGS:JAJKKE|F5B20DRAFT_mRNA537634		None	None
gene-F5B20DRAFT_570010	rna-gnl|WGS:JAJKKE|F5B20DRAFT_mRNA570010	PF00106.32,PF08659.17,PF13561.13	Partial	None
gene-F5B20DRAFT_537639	rna-gnl|WGS:JAJKKE|F5B20DRAFT_mRNA537639		None	None
gene-F5B20DRAFT_588842	rna-gnl|WGS:JAJKKE|F5B20DRAFT_mRNA588842	PF24883.3,PF25053.1	Complete	None
gene-F5B20DRAFT_537645	rna-gnl|WGS:JAJKKE|F5B20DRAFT_mRNA537645	PF00576.28	Partial	None
gene-F5B20DRAFT_537648	rna-gnl|WGS:JAJKKE|F5B20DRAFT_mRNA537648	PF01656.30,PF02374.22,PF13614.13	Partial	None
gene-F5B20DRAFT_81884	rna-gnl|WGS:JAJKKE|F5B20DRAFT_mRNA81884	PF04909.21	Partial	None
gene-F5B20DRAFT_537649	rna-gnl|WGS:JAJKKE|F5B20DRAFT_mRNA537649	PF26146.1	Partial	None
gene-F5B20DRAFT_81911	rna-gnl|WGS:JAJKKE|F5B20DRAFT_mRNA81911	PF06687.18	Partial	None
gene-F5B20DRAFT_81928	rna-gnl|WGS:JAJKKE|F5B20DRAFT_mRNA81928	PF08783.18,PF13696.12,PF30896.1	Complete	None
gene-F5B20DRAFT_537655	rna-gnl|WGS:JAJKKE|F5B20DRAFT_mRNA537655	PF28357.1	Partial	None
gene-F5B20DRAFT_579680	rna-gnl|WGS:JAJKKE|F5B20DRAFT_mRNA579680	PF07690.22	Partial	None
gene-F5B20DRAFT_82288	rna-gnl|WGS:JAJKKE|F5B20DRAFT_mRNA82288	PF04828.23	Partial	None
gene-F5B20DRAFT_537667	rna-gnl|WGS:JAJKKE|F5B20DRAFT_mRNA537667	PF10075.16	Partial	None
gene-F5B20DRAFT_537669	rna-gnl|WGS:JAJKKE|F5B20DRAFT_mRNA537669	PF04194.19,PF30657.1	Complete	None
gene-F5B20DRAFT_82336	rna-gnl|WGS:JAJKKE|F5B20DRAFT_mRNA82336		None	None
gene-F5B20DRAFT_537672	rna-gnl|WGS:JAJKKE|F5B20DRAFT_mRNA537672	PF14479.12	Partial	None
gene-F5B20DRAFT_588859	rna-gnl|WGS:JAJKKE|F5B20DRAFT_mRNA588859		None	None
gene-F5B20DRAFT_579688	rna-gnl|WGS:JAJKKE|F5B20DRAFT_mRNA579688	PF01636.30	Partial	None
gene-F5B20DRAFT_537685	rna-gnl|WGS:JAJKKE|F5B20DRAFT_mRNA537685	PF01042.27	Partial	None
gene-F5B20DRAFT_537686	rna-gnl|WGS:JAJKKE|F5B20DRAFT_mRNA537686	PF31075.1	Partial	None
gene-F5B20DRAFT_537690	rna-gnl|WGS:JAJKKE|F5B20DRAFT_mRNA537690	PF00076.29	Complete	None
gene-F5B20DRAFT_537697	rna-gnl|WGS:JAJKKE|F5B20DRAFT_mRNA537697	PF00472.27	Partial	None
gene-F5B20DRAFT_570014	rna-gnl|WGS:JAJKKE|F5B20DRAFT_mRNA570014	PF00069.32,PF07714.24	Partial	None
gene-F5B20DRAFT_537709	rna-gnl|WGS:JAJKKE|F5B20DRAFT_mRNA537709	PF01569.28,PF14378.13	Complete	None
gene-F5B20DRAFT_579695	rna-gnl|WGS:JAJKKE|F5B20DRAFT_mRNA579695	PF00389.37,PF02826.26	Partial	None
gene-F5B20DRAFT_82889	rna-gnl|WGS:JAJKKE|F5B20DRAFT_mRNA82889	PF00230.26	Partial	None
gene-F5B20DRAFT_570019	rna-gnl|WGS:JAJKKE|F5B20DRAFT_mRNA570019	PF00106.32,PF08659.17,PF13561.13	Partial	None
gene-F5B20DRAFT_82923	rna-gnl|WGS:JAJKKE|F5B20DRAFT_mRNA82923		None	None
gene-F5B20DRAFT_537723	rna-gnl|WGS:JAJKKE|F5B20DRAFT_mRNA537723	PF00117.35,PF00958.28,PF02540.24,PF07722.20	Complete	None
gene-F5B20DRAFT_537725	rna-gnl|WGS:JAJKKE|F5B20DRAFT_mRNA537725	PF00107.33,PF08240.18,PF13602.13	Partial	None
gene-F5B20DRAFT_83036	rna-gnl|WGS:JAJKKE|F5B20DRAFT_mRNA83036	PF00732.26,PF05199.20	Complete	None
gene-F5B20DRAFT_83119	rna-gnl|WGS:JAJKKE|F5B20DRAFT_mRNA83119		None	None
gene-F5B20DRAFT_570023	rna-gnl|WGS:JAJKKE|F5B20DRAFT_mRNA570023	PF19086.6	Partial	None
gene-F5B20DRAFT_537769	rna-gnl|WGS:JAJKKE|F5B20DRAFT_mRNA537769	PF00067.28	Partial	None
gene-F5B20DRAFT_537775	rna-gnl|WGS:JAJKKE|F5B20DRAFT_mRNA537775	PF20684.4	Partial	None
gene-F5B20DRAFT_537776	rna-gnl|WGS:JAJKKE|F5B20DRAFT_mRNA537776	PF07247.18	Partial	None
gene-F5B20DRAFT_579705	rna-gnl|WGS:JAJKKE|F5B20DRAFT_mRNA579705	PF00583.32	Partial	None
gene-F5B20DRAFT_588864	rna-gnl|WGS:JAJKKE|F5B20DRAFT_mRNA588864	PF01532.27	Partial	None
gene-F5B20DRAFT_537783	rna-gnl|WGS:JAJKKE|F5B20DRAFT_mRNA537783		None	None
gene-F5B20DRAFT_537786	rna-gnl|WGS:JAJKKE|F5B20DRAFT_mRNA537786	PF00324.28,PF13520.13	Partial	None
gene-F5B20DRAFT_570028	rna-gnl|WGS:JAJKKE|F5B20DRAFT_mRNA570028	PF06687.18,PF12351.14	Partial	None
gene-F5B20DRAFT_83541	rna-gnl|WGS:JAJKKE|F5B20DRAFT_mRNA83541	PF01738.25	Partial	None
gene-F5B20DRAFT_83533	rna-gnl|WGS:JAJKKE|F5B20DRAFT_mRNA83533		None	None
gene-F5B20DRAFT_537795	rna-gnl|WGS:JAJKKE|F5B20DRAFT_mRNA537795	PF09362.16	Partial	None
gene-F5B20DRAFT_537799	rna-gnl|WGS:JAJKKE|F5B20DRAFT_mRNA537799	PF20684.4	Partial	None
gene-F5B20DRAFT_579714	rna-gnl|WGS:JAJKKE|F5B20DRAFT_mRNA579714	PF00070.34,PF00890.31,PF01266.31,PF01593.31,PF12831.14,PF13450.13	Partial	None
gene-F5B20DRAFT_537804	rna-gnl|WGS:JAJKKE|F5B20DRAFT_mRNA537804	PF00004.36,PF22942.2	Complete	None
gene-F5B20DRAFT_537808	rna-gnl|WGS:JAJKKE|F5B20DRAFT_mRNA537808	PF00294.30	Partial	None
gene-F5B20DRAFT_537810	rna-gnl|WGS:JAJKKE|F5B20DRAFT_mRNA537810	PF00270.36,PF00271.38,PF04851.22	Complete	None
gene-F5B20DRAFT_83777	rna-gnl|WGS:JAJKKE|F5B20DRAFT_mRNA83777	PF00270.36,PF00271.38	Complete	None
gene-F5B20DRAFT_83797	rna-gnl|WGS:JAJKKE|F5B20DRAFT_mRNA83797	PF00226.37	Partial	None
gene-F5B20DRAFT_83870	rna-gnl|WGS:JAJKKE|F5B20DRAFT_mRNA83870	PF00326.28,PF02230.23	Partial	None
gene-F5B20DRAFT_579721	rna-gnl|WGS:JAJKKE|F5B20DRAFT_mRNA579721	PF13468.13	Partial	None
gene-F5B20DRAFT_537833	rna-gnl|WGS:JAJKKE|F5B20DRAFT_mRNA537833		None	None
gene-F5B20DRAFT_537834	rna-gnl|WGS:JAJKKE|F5B20DRAFT_mRNA537834	PF01565.29	Partial	None
gene-F5B20DRAFT_537836	rna-gnl|WGS:JAJKKE|F5B20DRAFT_mRNA537836	PF00106.32,PF01370.28,PF08659.17,PF13561.13	Partial	None
gene-F5B20DRAFT_588868	rna-gnl|WGS:JAJKKE|F5B20DRAFT_mRNA588868	PF01565.29,PF08031.18	Complete	None
gene-F5B20DRAFT_537839	rna-gnl|WGS:JAJKKE|F5B20DRAFT_mRNA537839	PF02637.24,PF02934.21	Complete	None
gene-F5B20DRAFT_537841	rna-gnl|WGS:JAJKKE|F5B20DRAFT_mRNA537841	PF20237.4	Partial	None
gene-F5B20DRAFT_537846	rna-gnl|WGS:JAJKKE|F5B20DRAFT_mRNA537846	PF04828.23	Partial	None
gene-F5B20DRAFT_588874	rna-gnl|WGS:JAJKKE|F5B20DRAFT_mRNA588874		None	None
gene-F5B20DRAFT_588879	rna-gnl|WGS:JAJKKE|F5B20DRAFT_mRNA588879		None	None
gene-F5B20DRAFT_84044	rna-gnl|WGS:JAJKKE|F5B20DRAFT_mRNA84044	PF00291.32	Partial	None
gene-F5B20DRAFT_579732	rna-gnl|WGS:JAJKKE|F5B20DRAFT_mRNA579732	PF05046.20	Partial	None
gene-F5B20DRAFT_537857	rna-gnl|WGS:JAJKKE|F5B20DRAFT_mRNA537857	PF01399.34,PF09440.16,PF21357.3	Complete	None
gene-F5B20DRAFT_570043	rna-gnl|WGS:JAJKKE|F5B20DRAFT_mRNA570043	PF00005.34,PF01061.30,PF19055.7,PF19055.7	Complete	None
gene-F5B20DRAFT_570044	rna-gnl|WGS:JAJKKE|F5B20DRAFT_mRNA570044	PF00067.28	Partial	None
gene-F5B20DRAFT_570045	rna-gnl|WGS:JAJKKE|F5B20DRAFT_mRNA570045	PF00067.28,PF00067.28	Partial	None
gene-F5B20DRAFT_537886	rna-gnl|WGS:JAJKKE|F5B20DRAFT_mRNA537886	PF00106.32,PF13561.13	Partial	None
gene-F5B20DRAFT_579738	rna-gnl|WGS:JAJKKE|F5B20DRAFT_mRNA579738	PF20684.4	Partial	None
gene-F5B20DRAFT_537892	rna-gnl|WGS:JAJKKE|F5B20DRAFT_mRNA537892	PF00172.24	Complete	None
gene-F5B20DRAFT_579740	rna-gnl|WGS:JAJKKE|F5B20DRAFT_mRNA579740	PF06985.18	Partial	None
gene-F5B20DRAFT_537895	rna-gnl|WGS:JAJKKE|F5B20DRAFT_mRNA537895	PF07110.18	Partial	None
gene-F5B20DRAFT_579742	rna-gnl|WGS:JAJKKE|F5B20DRAFT_mRNA579742	PF01565.29	Partial	None
gene-F5B20DRAFT_588895	rna-gnl|WGS:JAJKKE|F5B20DRAFT_mRNA588895	PF00732.26,PF00732.26,PF05199.20	Complete	None
gene-F5B20DRAFT_84513	rna-gnl|WGS:JAJKKE|F5B20DRAFT_mRNA84513	PF05719.17	Partial	None
gene-F5B20DRAFT_84516	rna-gnl|WGS:JAJKKE|F5B20DRAFT_mRNA84516	PF08620.16,PF08621.16	Complete	None
gene-F5B20DRAFT_537914	rna-gnl|WGS:JAJKKE|F5B20DRAFT_mRNA537914		None	None
gene-F5B20DRAFT_537916	rna-gnl|WGS:JAJKKE|F5B20DRAFT_mRNA537916	PF08729.16	Complete	None
gene-F5B20DRAFT_570053	rna-gnl|WGS:JAJKKE|F5B20DRAFT_mRNA570053	PF00106.32,PF08659.17,PF13561.13	Partial	None
gene-F5B20DRAFT_84537	rna-gnl|WGS:JAJKKE|F5B20DRAFT_mRNA84537	PF20237.4	Partial	None
gene-F5B20DRAFT_84587	rna-gnl|WGS:JAJKKE|F5B20DRAFT_mRNA84587	PF00150.25,PF26410.1	Partial	None
gene-F5B20DRAFT_84597	rna-gnl|WGS:JAJKKE|F5B20DRAFT_mRNA84597	PF04935.18,PF15459.12	Partial	None
gene-F5B20DRAFT_84614	rna-gnl|WGS:JAJKKE|F5B20DRAFT_mRNA84614		None	None
gene-F5B20DRAFT_537933	rna-gnl|WGS:JAJKKE|F5B20DRAFT_mRNA537933	PF03171.27,PF14226.13	Complete	None
gene-F5B20DRAFT_537938	rna-gnl|WGS:JAJKKE|F5B20DRAFT_mRNA537938	PF00246.30	Partial	None
gene-F5B20DRAFT_84729	rna-gnl|WGS:JAJKKE|F5B20DRAFT_mRNA84729		None	None
gene-F5B20DRAFT_84737	rna-gnl|WGS:JAJKKE|F5B20DRAFT_mRNA84737		None	None
gene-F5B20DRAFT_588905	rna-gnl|WGS:JAJKKE|F5B20DRAFT_mRNA588905	PF19535.5	Partial	None
gene-F5B20DRAFT_537941	rna-gnl|WGS:JAJKKE|F5B20DRAFT_mRNA537941		None	None
gene-F5B20DRAFT_588907	rna-gnl|WGS:JAJKKE|F5B20DRAFT_mRNA588907	PF11915.14,PF11915.14	Complete	None
gene-F5B20DRAFT_537945	rna-gnl|WGS:JAJKKE|F5B20DRAFT_mRNA537945	PF06985.18,PF26639.1	Complete	None
gene-F5B20DRAFT_537947	rna-gnl|WGS:JAJKKE|F5B20DRAFT_mRNA537947	PF00118.30	Partial	None
gene-F5B20DRAFT_84856	rna-gnl|WGS:JAJKKE|F5B20DRAFT_mRNA84856	PF20150.5	Partial	None
gene-F5B20DRAFT_84826	rna-gnl|WGS:JAJKKE|F5B20DRAFT_mRNA84826	PF01593.31,PF07156.21,PF13450.13	Partial	None
gene-F5B20DRAFT_84801	rna-gnl|WGS:JAJKKE|F5B20DRAFT_mRNA84801	PF01544.24	Complete	None
gene-F5B20DRAFT_537955	rna-gnl|WGS:JAJKKE|F5B20DRAFT_mRNA537955	PF07690.22	Partial	None
gene-F5B20DRAFT_588914	rna-gnl|WGS:JAJKKE|F5B20DRAFT_mRNA588914	PF00285.27	Partial	None
gene-F5B20DRAFT_570063	rna-gnl|WGS:JAJKKE|F5B20DRAFT_mRNA570063	PF04437.20	Partial	None
gene-F5B20DRAFT_85018	rna-gnl|WGS:JAJKKE|F5B20DRAFT_mRNA85018	PF00153.33,PF00153.33,PF00153.33	Complete	None
gene-F5B20DRAFT_85028	rna-gnl|WGS:JAJKKE|F5B20DRAFT_mRNA85028	PF06912.17	Partial	None
gene-F5B20DRAFT_588922	rna-gnl|WGS:JAJKKE|F5B20DRAFT_mRNA588922	PF00023.37,PF00023.37,PF00023.37,PF00069.32,PF07714.24,PF12796.14,PF12796.14,PF13606.13,PF13637.13	Complete	None
gene-F5B20DRAFT_85075	rna-gnl|WGS:JAJKKE|F5B20DRAFT_mRNA85075		None	None
gene-F5B20DRAFT_579777	rna-gnl|WGS:JAJKKE|F5B20DRAFT_mRNA579777	PF02458.21	Partial	None
gene-F5B20DRAFT_537974	rna-gnl|WGS:JAJKKE|F5B20DRAFT_mRNA537974	PF20684.4	Partial	None
gene-F5B20DRAFT_579779	rna-gnl|WGS:JAJKKE|F5B20DRAFT_mRNA579779	PF24883.3	Partial	None
gene-F5B20DRAFT_85153	rna-gnl|WGS:JAJKKE|F5B20DRAFT_mRNA85153	PF01565.29	Partial	None
gene-F5B20DRAFT_570068	rna-gnl|WGS:JAJKKE|F5B20DRAFT_mRNA570068	PF00106.32	Partial	None
gene-F5B20DRAFT_579782	rna-gnl|WGS:JAJKKE|F5B20DRAFT_mRNA579782	PF00102.33,PF22784.2	Complete	None
gene-F5B20DRAFT_85385	rna-gnl|WGS:JAJKKE|F5B20DRAFT_mRNA85385	PF03211.20	Partial	None
gene-F5B20DRAFT_570071	rna-gnl|WGS:JAJKKE|F5B20DRAFT_mRNA570071	PF11704.14	Partial	None
gene-F5B20DRAFT_85290	rna-gnl|WGS:JAJKKE|F5B20DRAFT_mRNA85290	PF00004.36,PF05673.20,PF07724.21,PF07728.21,PF16450.12	Partial	None
gene-F5B20DRAFT_85279	rna-gnl|WGS:JAJKKE|F5B20DRAFT_mRNA85279		None	None
gene-F5B20DRAFT_570073	rna-gnl|WGS:JAJKKE|F5B20DRAFT_mRNA570073	PF01425.27	Partial	None
gene-F5B20DRAFT_538023	rna-gnl|WGS:JAJKKE|F5B20DRAFT_mRNA538023	PF10294.16,PF13489.13	Partial	None
gene-F5B20DRAFT_570075	rna-gnl|WGS:JAJKKE|F5B20DRAFT_mRNA570075	PF00752.24,PF00867.24,PF07690.22	Complete	None
gene-F5B20DRAFT_588932	rna-gnl|WGS:JAJKKE|F5B20DRAFT_mRNA588932		None	None
gene-F5B20DRAFT_538043	rna-gnl|WGS:JAJKKE|F5B20DRAFT_mRNA538043	PF00106.32,PF08659.17	Partial	None
gene-F5B20DRAFT_538044	rna-gnl|WGS:JAJKKE|F5B20DRAFT_mRNA538044	PF00106.32,PF08659.17,PF13561.13	Partial	None
gene-F5B20DRAFT_85787	rna-gnl|WGS:JAJKKE|F5B20DRAFT_mRNA85787	PF01794.26,PF08022.19,PF08030.18	Complete	None
gene-F5B20DRAFT_538053	rna-gnl|WGS:JAJKKE|F5B20DRAFT_mRNA538053	PF00179.32	Partial	None
gene-F5B20DRAFT_85824	rna-gnl|WGS:JAJKKE|F5B20DRAFT_mRNA85824	PF00441.30,PF02770.25,PF02771.22,PF08028.17	Complete	None
gene-F5B20DRAFT_579799	rna-gnl|WGS:JAJKKE|F5B20DRAFT_mRNA579799		None	None
gene-F5B20DRAFT_t36	gene-F5B20DRAFT_t36		None	None
gene-F5B20DRAFT_85819	rna-gnl|WGS:JAJKKE|F5B20DRAFT_mRNA85819	PF09801.15	Partial	None
gene-F5B20DRAFT_538082	rna-gnl|WGS:JAJKKE|F5B20DRAFT_mRNA538082	PF02297.23	Partial	None
gene-F5B20DRAFT_579802	rna-gnl|WGS:JAJKKE|F5B20DRAFT_mRNA579802		None	None
gene-F5B20DRAFT_579804	rna-gnl|WGS:JAJKKE|F5B20DRAFT_mRNA579804	PF01504.25	Partial	None
gene-F5B20DRAFT_588935	rna-gnl|WGS:JAJKKE|F5B20DRAFT_mRNA588935		None	None
gene-F5B20DRAFT_538088	rna-gnl|WGS:JAJKKE|F5B20DRAFT_mRNA538088	PF20150.5	Partial	None
gene-F5B20DRAFT_588939	rna-gnl|WGS:JAJKKE|F5B20DRAFT_mRNA588939		None	None
gene-F5B20DRAFT_579808	rna-gnl|WGS:JAJKKE|F5B20DRAFT_mRNA579808	PF01476.27,PF30526.1	Complete	None
gene-F5B20DRAFT_538100	rna-gnl|WGS:JAJKKE|F5B20DRAFT_mRNA538100	PF01370.28,PF05368.20,PF13460.13	Partial	None
gene-F5B20DRAFT_588940	rna-gnl|WGS:JAJKKE|F5B20DRAFT_mRNA588940	PF00106.32,PF00107.33,PF00109.33,PF00550.32,PF00698.27,PF02801.29,PF08240.18,PF08241.19,PF08242.19,PF08659.17,PF13489.13,PF13561.13,PF13602.13,PF13847.13,PF14765.13,PF16197.12,PF21089.4	Complete	None
gene-F5B20DRAFT_538104	rna-gnl|WGS:JAJKKE|F5B20DRAFT_mRNA538104	PF20684.4	Partial	None
gene-F5B20DRAFT_538108	rna-gnl|WGS:JAJKKE|F5B20DRAFT_mRNA538108	PF07859.20,PF10340.16,PF20434.6	Partial	None
gene-F5B20DRAFT_538114	rna-gnl|WGS:JAJKKE|F5B20DRAFT_mRNA538114	PF00135.35,PF00135.35,PF07859.20,PF20434.6	Partial	None
gene-F5B20DRAFT_86362	rna-gnl|WGS:JAJKKE|F5B20DRAFT_mRNA86362	PF20150.5	Partial	None
gene-F5B20DRAFT_86360	rna-gnl|WGS:JAJKKE|F5B20DRAFT_mRNA86360	PF05147.20	Partial	None
gene-F5B20DRAFT_579816	rna-gnl|WGS:JAJKKE|F5B20DRAFT_mRNA579816		None	None
gene-F5B20DRAFT_570088	rna-gnl|WGS:JAJKKE|F5B20DRAFT_mRNA570088	PF00443.36	Complete	None
gene-F5B20DRAFT_538128	rna-gnl|WGS:JAJKKE|F5B20DRAFT_mRNA538128	PF28358.1	Complete	None
gene-F5B20DRAFT_570090	rna-gnl|WGS:JAJKKE|F5B20DRAFT_mRNA570090	PF10307.16	Partial	None
gene-F5B20DRAFT_86486	rna-gnl|WGS:JAJKKE|F5B20DRAFT_mRNA86486	PF02594.22	Partial	None
gene-F5B20DRAFT_86477	rna-gnl|WGS:JAJKKE|F5B20DRAFT_mRNA86477	PF01896.26	Partial	None
gene-F5B20DRAFT_538140	rna-gnl|WGS:JAJKKE|F5B20DRAFT_mRNA538140		None	None
gene-F5B20DRAFT_588958	rna-gnl|WGS:JAJKKE|F5B20DRAFT_mRNA588958	PF00106.32,PF00109.33,PF00698.27,PF02801.29,PF08659.17,PF14765.13,PF16197.12,PF21089.4,PF22336.3	Complete	None
gene-F5B20DRAFT_86768	rna-gnl|WGS:JAJKKE|F5B20DRAFT_mRNA86768	PF00072.31,PF00447.24	Complete	None
gene-F5B20DRAFT_86902	rna-gnl|WGS:JAJKKE|F5B20DRAFT_mRNA86902	PF02020.25,PF25084.2,PF25087.2	Complete	None
gene-F5B20DRAFT_538176	rna-gnl|WGS:JAJKKE|F5B20DRAFT_mRNA538176	PF03881.21	Partial	None
gene-F5B20DRAFT_538186	rna-gnl|WGS:JAJKKE|F5B20DRAFT_mRNA538186		None	None
gene-F5B20DRAFT_579830	rna-gnl|WGS:JAJKKE|F5B20DRAFT_mRNA579830		None	None
gene-F5B20DRAFT_87025	rna-gnl|WGS:JAJKKE|F5B20DRAFT_mRNA87025	PF06985.18	Partial	None
gene-F5B20DRAFT_579832	rna-gnl|WGS:JAJKKE|F5B20DRAFT_mRNA579832		None	None
gene-F5B20DRAFT_570096	rna-gnl|WGS:JAJKKE|F5B20DRAFT_mRNA570096	PF27710.1,PF27710.1	Partial	None
gene-F5B20DRAFT_87080	rna-gnl|WGS:JAJKKE|F5B20DRAFT_mRNA87080	PF00488.28,PF01624.26,PF05188.24,PF05190.24,PF05192.24	Complete	None
gene-F5B20DRAFT_579835	rna-gnl|WGS:JAJKKE|F5B20DRAFT_mRNA579835		None	None
gene-F5B20DRAFT_538198	rna-gnl|WGS:JAJKKE|F5B20DRAFT_mRNA538198	PF00578.28,PF08534.17	Partial	None
gene-F5B20DRAFT_87155	rna-gnl|WGS:JAJKKE|F5B20DRAFT_mRNA87155	PF00097.32,PF01485.28,PF01485.28,PF19422.5,PF21235.5,PF22191.3,PF22605.3	Complete	None
gene-F5B20DRAFT_538205	rna-gnl|WGS:JAJKKE|F5B20DRAFT_mRNA538205	PF00752.24,PF00867.24	Partial	None
gene-F5B20DRAFT_579839	rna-gnl|WGS:JAJKKE|F5B20DRAFT_mRNA579839	PF11176.14	Partial	None
gene-F5B20DRAFT_87244	rna-gnl|WGS:JAJKKE|F5B20DRAFT_mRNA87244	PF02330.22	Partial	None
gene-F5B20DRAFT_579841	rna-gnl|WGS:JAJKKE|F5B20DRAFT_mRNA579841		None	None
gene-F5B20DRAFT_87522	rna-gnl|WGS:JAJKKE|F5B20DRAFT_mRNA87522	PF00457.25	Partial	None
gene-F5B20DRAFT_87350	rna-gnl|WGS:JAJKKE|F5B20DRAFT_mRNA87350	PF02458.21,PF22664.2	Partial	None
gene-F5B20DRAFT_87652	rna-gnl|WGS:JAJKKE|F5B20DRAFT_mRNA87652	PF01757.29	Partial	None
gene-F5B20DRAFT_538250	rna-gnl|WGS:JAJKKE|F5B20DRAFT_mRNA538250		None	None
gene-F5B20DRAFT_588984	rna-gnl|WGS:JAJKKE|F5B20DRAFT_mRNA588984		None	None
gene-F5B20DRAFT_579848	rna-gnl|WGS:JAJKKE|F5B20DRAFT_mRNA579848		None	None
gene-F5B20DRAFT_538253	rna-gnl|WGS:JAJKKE|F5B20DRAFT_mRNA538253		None	None
gene-F5B20DRAFT_579850	rna-gnl|WGS:JAJKKE|F5B20DRAFT_mRNA579850		None	None
gene-F5B20DRAFT_579851	rna-gnl|WGS:JAJKKE|F5B20DRAFT_mRNA579851		None	None
gene-F5B20DRAFT_88045	rna-gnl|WGS:JAJKKE|F5B20DRAFT_mRNA88045	PF09362.16	Partial	None
gene-F5B20DRAFT_88058	rna-gnl|WGS:JAJKKE|F5B20DRAFT_mRNA88058	PF00067.28	Partial	None
gene-F5B20DRAFT_88133	rna-gnl|WGS:JAJKKE|F5B20DRAFT_mRNA88133		None	None
gene-F5B20DRAFT_538287	rna-gnl|WGS:JAJKKE|F5B20DRAFT_mRNA538287	PF00069.32,PF07714.24	Partial	None
gene-F5B20DRAFT_88249	rna-gnl|WGS:JAJKKE|F5B20DRAFT_mRNA88249	PF03169.21	Partial	None
gene-F5B20DRAFT_538296	rna-gnl|WGS:JAJKKE|F5B20DRAFT_mRNA538296	PF01636.30,PF03881.21	Partial	None
gene-F5B20DRAFT_538301	rna-gnl|WGS:JAJKKE|F5B20DRAFT_mRNA538301	PF00083.31,PF06609.19,PF07690.22	Partial	None
gene-F5B20DRAFT_538309	rna-gnl|WGS:JAJKKE|F5B20DRAFT_mRNA538309	PF00400.39,PF22939.3,PF24883.3	Complete	None
gene-F5B20DRAFT_538319	rna-gnl|WGS:JAJKKE|F5B20DRAFT_mRNA538319	PF00295.24	Partial	None
gene-F5B20DRAFT_88502	rna-gnl|WGS:JAJKKE|F5B20DRAFT_mRNA88502	PF01083.29	Partial	None
gene-F5B20DRAFT_538325	rna-gnl|WGS:JAJKKE|F5B20DRAFT_mRNA538325	PF00107.33,PF08240.18	Partial	None
gene-F5B20DRAFT_88570	rna-gnl|WGS:JAJKKE|F5B20DRAFT_mRNA88570	PF07690.22	Partial	None
gene-F5B20DRAFT_538331	rna-gnl|WGS:JAJKKE|F5B20DRAFT_mRNA538331	PF00172.24,PF04082.24	Partial	None
gene-F5B20DRAFT_538336	rna-gnl|WGS:JAJKKE|F5B20DRAFT_mRNA538336	PF00732.26,PF00890.31,PF05199.20	Complete	None
gene-F5B20DRAFT_88812	rna-gnl|WGS:JAJKKE|F5B20DRAFT_mRNA88812	PF00501.35,PF00550.32,PF01370.28,PF07993.19,PF23562.3	Complete	None
gene-F5B20DRAFT_538343	rna-gnl|WGS:JAJKKE|F5B20DRAFT_mRNA538343	PF00248.28	Partial	None
gene-F5B20DRAFT_538344	rna-gnl|WGS:JAJKKE|F5B20DRAFT_mRNA538344	PF01135.26,PF01564.24,PF01596.24,PF03602.22,PF08241.19,PF13578.13,PF13649.13	Partial	None
gene-F5B20DRAFT_538347	rna-gnl|WGS:JAJKKE|F5B20DRAFT_mRNA538347		None	None
gene-F5B20DRAFT_538355	rna-gnl|WGS:JAJKKE|F5B20DRAFT_mRNA538355	PF00501.35,PF01370.28,PF07993.19,PF23562.3	Complete	None
gene-F5B20DRAFT_89122	rna-gnl|WGS:JAJKKE|F5B20DRAFT_mRNA89122	PF13302.14	Partial	None
gene-F5B20DRAFT_89123	rna-gnl|WGS:JAJKKE|F5B20DRAFT_mRNA89123	PF07859.20,PF10340.16,PF20434.6	Partial	None
gene-F5B20DRAFT_89144	rna-gnl|WGS:JAJKKE|F5B20DRAFT_mRNA89144	PF00005.34,PF00664.29	Complete	None
gene-F5B20DRAFT_570127	rna-gnl|WGS:JAJKKE|F5B20DRAFT_mRNA570127	PF00135.35,PF07859.20,PF20434.6	Partial	None
gene-F5B20DRAFT_579873	rna-gnl|WGS:JAJKKE|F5B20DRAFT_mRNA579873	PF06985.18	Complete	None
gene-F5B20DRAFT_579874	rna-gnl|WGS:JAJKKE|F5B20DRAFT_mRNA579874		None	None
gene-F5B20DRAFT_538387	rna-gnl|WGS:JAJKKE|F5B20DRAFT_mRNA538387	PF00026.29	Partial	None
gene-F5B20DRAFT_579877	rna-gnl|WGS:JAJKKE|F5B20DRAFT_mRNA579877	PF10483.16	Partial	None
gene-F5B20DRAFT_89321	rna-gnl|WGS:JAJKKE|F5B20DRAFT_mRNA89321	PF00227.32,PF10584.15	Partial	None
gene-F5B20DRAFT_538395	rna-gnl|WGS:JAJKKE|F5B20DRAFT_mRNA538395	PF04133.20	Partial	None
gene-F5B20DRAFT_89351	rna-gnl|WGS:JAJKKE|F5B20DRAFT_mRNA89351		None	None
gene-F5B20DRAFT_89346	rna-gnl|WGS:JAJKKE|F5B20DRAFT_mRNA89346	PF00566.26,PF23436.2	Complete	None
gene-F5B20DRAFT_89422	rna-gnl|WGS:JAJKKE|F5B20DRAFT_mRNA89422	PF14475.12	Partial	None
gene-F5B20DRAFT_570135	rna-gnl|WGS:JAJKKE|F5B20DRAFT_mRNA570135	PF01778.23,PF04874.20	Partial	None
gene-F5B20DRAFT_570136	rna-gnl|WGS:JAJKKE|F5B20DRAFT_mRNA570136	PF01926.30,PF10396.15,PF12631.13	Complete	None
gene-F5B20DRAFT_579884	rna-gnl|WGS:JAJKKE|F5B20DRAFT_mRNA579884		None	None
gene-F5B20DRAFT_538415	rna-gnl|WGS:JAJKKE|F5B20DRAFT_mRNA538415	PF01494.26	Partial	None
gene-F5B20DRAFT_89495	rna-gnl|WGS:JAJKKE|F5B20DRAFT_mRNA89495	PF04934.20	Partial	None
gene-F5B20DRAFT_538417	rna-gnl|WGS:JAJKKE|F5B20DRAFT_mRNA538417	PF10159.15	Partial	None
gene-F5B20DRAFT_538419	rna-gnl|WGS:JAJKKE|F5B20DRAFT_mRNA538419	PF12449.14,PF25794.2	Partial	None
gene-F5B20DRAFT_538420	rna-gnl|WGS:JAJKKE|F5B20DRAFT_mRNA538420	PF00270.36,PF00271.38,PF04408.30,PF07717.23,PF21010.3	Complete	None
gene-F5B20DRAFT_538421	rna-gnl|WGS:JAJKKE|F5B20DRAFT_mRNA538421	PF03171.27,PF14226.13	Complete	None
gene-F5B20DRAFT_570141	rna-gnl|WGS:JAJKKE|F5B20DRAFT_mRNA570141	PF10178.15	Partial	None
gene-F5B20DRAFT_89630	rna-gnl|WGS:JAJKKE|F5B20DRAFT_mRNA89630	PF00702.33,PF13419.13	Partial	None
gene-F5B20DRAFT_589023	rna-gnl|WGS:JAJKKE|F5B20DRAFT_mRNA589023		None	None
gene-F5B20DRAFT_538436	rna-gnl|WGS:JAJKKE|F5B20DRAFT_mRNA538436		None	None
gene-F5B20DRAFT_538437	rna-gnl|WGS:JAJKKE|F5B20DRAFT_mRNA538437	PF04199.20	Partial	None
gene-F5B20DRAFT_90030	rna-gnl|WGS:JAJKKE|F5B20DRAFT_mRNA90030	PF00149.34	Partial	None
gene-F5B20DRAFT_589025	rna-gnl|WGS:JAJKKE|F5B20DRAFT_mRNA589025	PF00106.32,PF08659.17,PF13561.13	Partial	None
gene-F5B20DRAFT_579899	rna-gnl|WGS:JAJKKE|F5B20DRAFT_mRNA579899	PF02668.23	Partial	None
gene-F5B20DRAFT_538462	rna-gnl|WGS:JAJKKE|F5B20DRAFT_mRNA538462	PF06985.18	Partial	None
gene-F5B20DRAFT_589034	rna-gnl|WGS:JAJKKE|F5B20DRAFT_mRNA589034		None	None
gene-F5B20DRAFT_90059	rna-gnl|WGS:JAJKKE|F5B20DRAFT_mRNA90059	PF09423.16	Partial	None
gene-F5B20DRAFT_538465	rna-gnl|WGS:JAJKKE|F5B20DRAFT_mRNA538465	PF01105.30	Partial	None
gene-F5B20DRAFT_538467	rna-gnl|WGS:JAJKKE|F5B20DRAFT_mRNA538467	PF02731.21	Partial	None
gene-F5B20DRAFT_90113	rna-gnl|WGS:JAJKKE|F5B20DRAFT_mRNA90113	PF26113.1	Partial	None
gene-F5B20DRAFT_538478	rna-gnl|WGS:JAJKKE|F5B20DRAFT_mRNA538478	PF14124.12	Partial	None
gene-F5B20DRAFT_538479	rna-gnl|WGS:JAJKKE|F5B20DRAFT_mRNA538479	PF01661.28	Partial	None
gene-F5B20DRAFT_570152	rna-gnl|WGS:JAJKKE|F5B20DRAFT_mRNA570152		None	None
gene-F5B20DRAFT_579909	rna-gnl|WGS:JAJKKE|F5B20DRAFT_mRNA579909		None	None
gene-F5B20DRAFT_538484	rna-gnl|WGS:JAJKKE|F5B20DRAFT_mRNA538484	PF02466.25	Partial	None
gene-F5B20DRAFT_538487	rna-gnl|WGS:JAJKKE|F5B20DRAFT_mRNA538487	PF00956.24	Partial	None
gene-F5B20DRAFT_90283	rna-gnl|WGS:JAJKKE|F5B20DRAFT_mRNA90283	PF03663.21	Partial	None
gene-F5B20DRAFT_90290	rna-gnl|WGS:JAJKKE|F5B20DRAFT_mRNA90290	PF06985.18	Complete	None
gene-F5B20DRAFT_90304	rna-gnl|WGS:JAJKKE|F5B20DRAFT_mRNA90304	PF00707.28	Complete	None
gene-F5B20DRAFT_90305	rna-gnl|WGS:JAJKKE|F5B20DRAFT_mRNA90305	PF10502.15,PF10502.15	Partial	None
gene-F5B20DRAFT_90321	rna-gnl|WGS:JAJKKE|F5B20DRAFT_mRNA90321	PF00514.30,PF00514.30,PF00514.30,PF00514.30,PF00514.30,PF00514.30,PF00514.30,PF04826.20,PF05804.18,PF25598.2	Complete	None
gene-F5B20DRAFT_579917	rna-gnl|WGS:JAJKKE|F5B20DRAFT_mRNA579917	PF00571.34,PF00571.34,PF00571.34	Complete	None
gene-F5B20DRAFT_579918	rna-gnl|WGS:JAJKKE|F5B20DRAFT_mRNA579918	PF00620.33	Partial	None
gene-F5B20DRAFT_579919	rna-gnl|WGS:JAJKKE|F5B20DRAFT_mRNA579919	PF00106.32,PF13561.13	Partial	None
gene-F5B20DRAFT_90544	rna-gnl|WGS:JAJKKE|F5B20DRAFT_mRNA90544	PF00172.24	Partial	None
gene-F5B20DRAFT_90550	rna-gnl|WGS:JAJKKE|F5B20DRAFT_mRNA90550		None	None
gene-F5B20DRAFT_538530	rna-gnl|WGS:JAJKKE|F5B20DRAFT_mRNA538530	PF00149.34	Partial	None
gene-F5B20DRAFT_570164	rna-gnl|WGS:JAJKKE|F5B20DRAFT_mRNA570164	PF00082.28	Partial	None
gene-F5B20DRAFT_579923	rna-gnl|WGS:JAJKKE|F5B20DRAFT_mRNA579923		None	None
gene-F5B20DRAFT_589054	rna-gnl|WGS:JAJKKE|F5B20DRAFT_mRNA589054	PF00023.37,PF00023.37,PF00023.37,PF00023.37,PF00023.37,PF00023.37,PF00023.37,PF00622.37,PF12796.14,PF12796.14,PF12796.14,PF12796.14,PF12796.14,PF12796.14,PF12796.14,PF12796.14,PF13857.13,PF22939.3,PF24883.3	Complete	None
gene-F5B20DRAFT_570165	rna-gnl|WGS:JAJKKE|F5B20DRAFT_mRNA570165	PF00881.30	Partial	None
gene-F5B20DRAFT_538540	rna-gnl|WGS:JAJKKE|F5B20DRAFT_mRNA538540	PF00175.27,PF00667.27	Complete	None
gene-F5B20DRAFT_90794	rna-gnl|WGS:JAJKKE|F5B20DRAFT_mRNA90794	PF01494.26	Partial	None
gene-F5B20DRAFT_570169	rna-gnl|WGS:JAJKKE|F5B20DRAFT_mRNA570169	PF00067.28	Partial	None
gene-F5B20DRAFT_589057	rna-gnl|WGS:JAJKKE|F5B20DRAFT_mRNA589057	PF08881.16	Partial	None
gene-F5B20DRAFT_90859	rna-gnl|WGS:JAJKKE|F5B20DRAFT_mRNA90859		None	None
gene-F5B20DRAFT_90990	rna-gnl|WGS:JAJKKE|F5B20DRAFT_mRNA90990	PF02037.34,PF18592.7	Complete	None
gene-F5B20DRAFT_91014	rna-gnl|WGS:JAJKKE|F5B20DRAFT_mRNA91014	PF24340.2,PF24344.2,PF24345.2	Complete	None
gene-F5B20DRAFT_538557	rna-gnl|WGS:JAJKKE|F5B20DRAFT_mRNA538557		None	None
gene-F5B20DRAFT_538558	rna-gnl|WGS:JAJKKE|F5B20DRAFT_mRNA538558	PF00378.26,PF16113.11	Partial	None
gene-F5B20DRAFT_538564	rna-gnl|WGS:JAJKKE|F5B20DRAFT_mRNA538564	PF01565.29	Partial	None
gene-F5B20DRAFT_589061	rna-gnl|WGS:JAJKKE|F5B20DRAFT_mRNA589061	PF00025.28,PF00071.29,PF08477.20	Partial	None
gene-F5B20DRAFT_538567	rna-gnl|WGS:JAJKKE|F5B20DRAFT_mRNA538567	PF00043.31,PF02798.27,PF13409.13,PF13410.12,PF13417.13,PF14497.12	Complete	None
gene-F5B20DRAFT_579941	rna-gnl|WGS:JAJKKE|F5B20DRAFT_mRNA579941	PF04389.23,PF22250.2,PF22251.2	Complete	None
gene-F5B20DRAFT_91260	rna-gnl|WGS:JAJKKE|F5B20DRAFT_mRNA91260		None	None
gene-F5B20DRAFT_91320	rna-gnl|WGS:JAJKKE|F5B20DRAFT_mRNA91320		None	None
gene-F5B20DRAFT_538582	rna-gnl|WGS:JAJKKE|F5B20DRAFT_mRNA538582	PF12697.14	Partial	None
gene-F5B20DRAFT_538584	rna-gnl|WGS:JAJKKE|F5B20DRAFT_mRNA538584		None	None
gene-F5B20DRAFT_538587	rna-gnl|WGS:JAJKKE|F5B20DRAFT_mRNA538587	PF00069.32	Partial	None
gene-F5B20DRAFT_538593	rna-gnl|WGS:JAJKKE|F5B20DRAFT_mRNA538593	PF00083.31,PF06609.19,PF07690.22	Partial	None
gene-F5B20DRAFT_538608	rna-gnl|WGS:JAJKKE|F5B20DRAFT_mRNA538608	PF00291.32,PF00581.26	Complete	None
gene-F5B20DRAFT_538611	rna-gnl|WGS:JAJKKE|F5B20DRAFT_mRNA538611	PF01494.26	Partial	None
gene-F5B20DRAFT_91734	rna-gnl|WGS:JAJKKE|F5B20DRAFT_mRNA91734		None	None
gene-F5B20DRAFT_538612	rna-gnl|WGS:JAJKKE|F5B20DRAFT_mRNA538612	PF26061.1	Partial	None
gene-F5B20DRAFT_570182	rna-gnl|WGS:JAJKKE|F5B20DRAFT_mRNA570182	PF04387.20	Partial	None
gene-F5B20DRAFT_589071	rna-gnl|WGS:JAJKKE|F5B20DRAFT_mRNA589071		None	None
gene-F5B20DRAFT_589073	rna-gnl|WGS:JAJKKE|F5B20DRAFT_mRNA589073	PF03443.21	Partial	None
gene-F5B20DRAFT_91855	rna-gnl|WGS:JAJKKE|F5B20DRAFT_mRNA91855	PF05175.21,PF06325.20,PF08241.19,PF08242.19,PF13649.13	Partial	None
gene-F5B20DRAFT_91865	rna-gnl|WGS:JAJKKE|F5B20DRAFT_mRNA91865	PF00023.37,PF00023.37,PF00023.37,PF00023.37,PF00023.37,PF00023.37,PF00023.37,PF00023.37,PF00023.37,PF00023.37,PF00023.37,PF00023.37,PF00023.37,PF00023.37,PF12796.14,PF12796.14,PF12796.14,PF12796.14,PF12796.14,PF12796.14,PF12796.14,PF12796.14,PF12796.14,PF13606.13,PF13606.13,PF13606.13,PF13606.13,PF13606.13,PF13606.13,PF13637.13,PF13637.13,PF13637.13,PF13637.13,PF13637.13	Complete	None
gene-F5B20DRAFT_589081	rna-gnl|WGS:JAJKKE|F5B20DRAFT_mRNA589081	PF00201.25,PF06722.19	Complete	None
gene-F5B20DRAFT_91930	rna-gnl|WGS:JAJKKE|F5B20DRAFT_mRNA91930	PF00400.39,PF00400.39,PF00400.39,PF00400.39,PF00400.39,PF00400.39,PF04494.21,PF23381.2	Complete	None
gene-F5B20DRAFT_538631	rna-gnl|WGS:JAJKKE|F5B20DRAFT_mRNA538631	PF10280.15	Partial	None
gene-F5B20DRAFT_538633	rna-gnl|WGS:JAJKKE|F5B20DRAFT_mRNA538633	PF00787.30,PF09325.16	Complete	None
gene-F5B20DRAFT_92015	rna-gnl|WGS:JAJKKE|F5B20DRAFT_mRNA92015	PF21492.3	Partial	None
gene-F5B20DRAFT_538634	rna-gnl|WGS:JAJKKE|F5B20DRAFT_mRNA538634	PF01613.25	Partial	None
gene-F5B20DRAFT_538637	rna-gnl|WGS:JAJKKE|F5B20DRAFT_mRNA538637		None	None
gene-F5B20DRAFT_579961	rna-gnl|WGS:JAJKKE|F5B20DRAFT_mRNA579961		None	None
gene-F5B20DRAFT_570188	rna-gnl|WGS:JAJKKE|F5B20DRAFT_mRNA570188		None	None
gene-F5B20DRAFT_589085	rna-gnl|WGS:JAJKKE|F5B20DRAFT_mRNA589085	PF00149.34	Partial	None
gene-F5B20DRAFT_92157	rna-gnl|WGS:JAJKKE|F5B20DRAFT_mRNA92157	PF00226.37	Partial	None
gene-F5B20DRAFT_92182	rna-gnl|WGS:JAJKKE|F5B20DRAFT_mRNA92182		None	None
gene-F5B20DRAFT_538676	rna-gnl|WGS:JAJKKE|F5B20DRAFT_mRNA538676	PF03062.25	Partial	None
gene-F5B20DRAFT_579966	rna-gnl|WGS:JAJKKE|F5B20DRAFT_mRNA579966	PF00474.24	Partial	None
gene-F5B20DRAFT_92457	rna-gnl|WGS:JAJKKE|F5B20DRAFT_mRNA92457	PF00296.27	Partial	None
gene-F5B20DRAFT_589100	rna-gnl|WGS:JAJKKE|F5B20DRAFT_mRNA589100	PF00743.26,PF00743.26,PF13434.13,PF13738.13	Partial	None
gene-F5B20DRAFT_92610	rna-gnl|WGS:JAJKKE|F5B20DRAFT_mRNA92610	PF14420.12	Partial	None
gene-F5B20DRAFT_538715	rna-gnl|WGS:JAJKKE|F5B20DRAFT_mRNA538715	PF00574.29	Partial	None
gene-F5B20DRAFT_589103	rna-gnl|WGS:JAJKKE|F5B20DRAFT_mRNA589103		None	None
gene-F5B20DRAFT_579972	rna-gnl|WGS:JAJKKE|F5B20DRAFT_mRNA579972	PF24883.3	Partial	None
gene-F5B20DRAFT_538723	rna-gnl|WGS:JAJKKE|F5B20DRAFT_mRNA538723	PF00183.24,PF02518.32,PF13589.13	Partial	None
gene-F5B20DRAFT_570199	rna-gnl|WGS:JAJKKE|F5B20DRAFT_mRNA570199	PF02230.23	Partial	None
gene-F5B20DRAFT_538730	rna-gnl|WGS:JAJKKE|F5B20DRAFT_mRNA538730	PF01636.30	Partial	None
gene-F5B20DRAFT_589109	rna-gnl|WGS:JAJKKE|F5B20DRAFT_mRNA589109		None	None
gene-F5B20DRAFT_570202	rna-gnl|WGS:JAJKKE|F5B20DRAFT_mRNA570202	PF00928.27,PF01217.27	Partial	None
gene-F5B20DRAFT_92865	rna-gnl|WGS:JAJKKE|F5B20DRAFT_mRNA92865	PF02666.21,PF12588.14	Partial	None
gene-F5B20DRAFT_92864	rna-gnl|WGS:JAJKKE|F5B20DRAFT_mRNA92864		None	None
gene-F5B20DRAFT_92881	rna-gnl|WGS:JAJKKE|F5B20DRAFT_mRNA92881	PF17111.12	Partial	None
gene-F5B20DRAFT_570204	rna-gnl|WGS:JAJKKE|F5B20DRAFT_mRNA570204	PF01040.24	Partial	None
gene-F5B20DRAFT_538753	rna-gnl|WGS:JAJKKE|F5B20DRAFT_mRNA538753	PF01565.29	Partial	None
gene-F5B20DRAFT_570206	rna-gnl|WGS:JAJKKE|F5B20DRAFT_mRNA570206	PF07883.18	Partial	None
gene-F5B20DRAFT_538759	rna-gnl|WGS:JAJKKE|F5B20DRAFT_mRNA538759	PF00106.32,PF28827.1	Complete	None
gene-F5B20DRAFT_93000	rna-gnl|WGS:JAJKKE|F5B20DRAFT_mRNA93000	PF12937.13,PF25372.2	Complete	None
gene-F5B20DRAFT_93015	rna-gnl|WGS:JAJKKE|F5B20DRAFT_mRNA93015		None	None
gene-F5B20DRAFT_93029	rna-gnl|WGS:JAJKKE|F5B20DRAFT_mRNA93029	PF00083.31,PF07690.22	Partial	None
gene-F5B20DRAFT_579985	rna-gnl|WGS:JAJKKE|F5B20DRAFT_mRNA579985	PF00394.29,PF07731.21,PF07732.22	Complete	None
gene-F5B20DRAFT_538821	rna-gnl|WGS:JAJKKE|F5B20DRAFT_mRNA538821	PF02170.29,PF02171.24,PF08699.16,PF16486.12,PF16488.11	Complete	None
gene-F5B20DRAFT_589117	rna-gnl|WGS:JAJKKE|F5B20DRAFT_mRNA589117	PF00646.39	Complete	None
gene-F5B20DRAFT_538827	rna-gnl|WGS:JAJKKE|F5B20DRAFT_mRNA538827	PF00561.27,PF12146.16,PF12697.14	Partial	None
gene-F5B20DRAFT_93426	rna-gnl|WGS:JAJKKE|F5B20DRAFT_mRNA93426	PF20684.4	Partial	None
gene-F5B20DRAFT_579990	rna-gnl|WGS:JAJKKE|F5B20DRAFT_mRNA579990	PF16035.11	Partial	None
gene-F5B20DRAFT_579991	rna-gnl|WGS:JAJKKE|F5B20DRAFT_mRNA579991		None	None
gene-F5B20DRAFT_579992	rna-gnl|WGS:JAJKKE|F5B20DRAFT_mRNA579992	PF00462.31	Partial	None
gene-F5B20DRAFT_570217	rna-gnl|WGS:JAJKKE|F5B20DRAFT_mRNA570217	PF02179.22	Complete	None
gene-F5B20DRAFT_570218	rna-gnl|WGS:JAJKKE|F5B20DRAFT_mRNA570218	PF00572.25	Partial	None
gene-F5B20DRAFT_570219	rna-gnl|WGS:JAJKKE|F5B20DRAFT_mRNA570219	PF06985.18	Complete	None
gene-F5B20DRAFT_93610	rna-gnl|WGS:JAJKKE|F5B20DRAFT_mRNA93610		None	None
gene-F5B20DRAFT_570220	rna-gnl|WGS:JAJKKE|F5B20DRAFT_mRNA570220	PF00106.32,PF00106.32,PF08659.17,PF08659.17,PF13561.13,PF13561.13	Partial	None
gene-F5B20DRAFT_589127	rna-gnl|WGS:JAJKKE|F5B20DRAFT_mRNA589127	PF00083.31,PF07690.22	Partial	None
gene-F5B20DRAFT_589130	rna-gnl|WGS:JAJKKE|F5B20DRAFT_mRNA589130	PF20684.4	Partial	None
gene-F5B20DRAFT_570223	rna-gnl|WGS:JAJKKE|F5B20DRAFT_mRNA570223	PF03443.21	Partial	None
gene-F5B20DRAFT_589132	rna-gnl|WGS:JAJKKE|F5B20DRAFT_mRNA589132		None	None
gene-F5B20DRAFT_538870	rna-gnl|WGS:JAJKKE|F5B20DRAFT_mRNA538870		None	None
gene-F5B20DRAFT_538873	rna-gnl|WGS:JAJKKE|F5B20DRAFT_mRNA538873	PF01195.27	Partial	None
gene-F5B20DRAFT_93977	rna-gnl|WGS:JAJKKE|F5B20DRAFT_mRNA93977	PF03114.24	Partial	None
gene-F5B20DRAFT_93991	rna-gnl|WGS:JAJKKE|F5B20DRAFT_mRNA93991	PF06985.18,PF26639.1	Complete	None
gene-F5B20DRAFT_580006	rna-gnl|WGS:JAJKKE|F5B20DRAFT_mRNA580006	PF00171.28	Partial	None
gene-F5B20DRAFT_538887	rna-gnl|WGS:JAJKKE|F5B20DRAFT_mRNA538887	PF00172.24,PF11951.14	Partial	None
gene-F5B20DRAFT_94053	rna-gnl|WGS:JAJKKE|F5B20DRAFT_mRNA94053	PF10282.16	Partial	None
gene-F5B20DRAFT_570230	rna-gnl|WGS:JAJKKE|F5B20DRAFT_mRNA570230	PF01565.29,PF08031.18	Complete	None
gene-F5B20DRAFT_570231	rna-gnl|WGS:JAJKKE|F5B20DRAFT_mRNA570231	PF13091.13	Complete	None
gene-F5B20DRAFT_94129	rna-gnl|WGS:JAJKKE|F5B20DRAFT_mRNA94129	PF00324.28,PF13520.13	Partial	None
gene-F5B20DRAFT_94150	rna-gnl|WGS:JAJKKE|F5B20DRAFT_mRNA94150		None	None
gene-F5B20DRAFT_94148	rna-gnl|WGS:JAJKKE|F5B20DRAFT_mRNA94148	PF06094.18	Partial	None
gene-F5B20DRAFT_94227	rna-gnl|WGS:JAJKKE|F5B20DRAFT_mRNA94227	PF24968.1	Partial	None
gene-F5B20DRAFT_94225	rna-gnl|WGS:JAJKKE|F5B20DRAFT_mRNA94225	PF02133.22	Partial	None
gene-F5B20DRAFT_538917	rna-gnl|WGS:JAJKKE|F5B20DRAFT_mRNA538917	PF01425.27	Partial	None
gene-F5B20DRAFT_589139	rna-gnl|WGS:JAJKKE|F5B20DRAFT_mRNA589139	PF00501.35,PF00550.32,PF00975.27	Complete	None
gene-F5B20DRAFT_94276	rna-gnl|WGS:JAJKKE|F5B20DRAFT_mRNA94276	PF10056.15	Partial	None
gene-F5B20DRAFT_94278	rna-gnl|WGS:JAJKKE|F5B20DRAFT_mRNA94278		None	None
gene-F5B20DRAFT_580019	rna-gnl|WGS:JAJKKE|F5B20DRAFT_mRNA580019	PF00026.29,PF14543.12	Partial	None
gene-F5B20DRAFT_570237	rna-gnl|WGS:JAJKKE|F5B20DRAFT_mRNA570237	PF01565.29	Partial	None
gene-F5B20DRAFT_538935	rna-gnl|WGS:JAJKKE|F5B20DRAFT_mRNA538935		None	None
gene-F5B20DRAFT_538936	rna-gnl|WGS:JAJKKE|F5B20DRAFT_mRNA538936		None	None
gene-F5B20DRAFT_94422	rna-gnl|WGS:JAJKKE|F5B20DRAFT_mRNA94422	PF04488.22	Complete	None
gene-F5B20DRAFT_94426	rna-gnl|WGS:JAJKKE|F5B20DRAFT_mRNA94426	PF01793.24	Partial	None
gene-F5B20DRAFT_580024	rna-gnl|WGS:JAJKKE|F5B20DRAFT_mRNA580024		None	None
gene-F5B20DRAFT_570240	rna-gnl|WGS:JAJKKE|F5B20DRAFT_mRNA570240		None	None
gene-F5B20DRAFT_94452	rna-gnl|WGS:JAJKKE|F5B20DRAFT_mRNA94452	PF00175.27,PF01794.26,PF08022.19,PF08030.18	Complete	None
gene-F5B20DRAFT_538946	rna-gnl|WGS:JAJKKE|F5B20DRAFT_mRNA538946	PF04145.21	Partial	None
gene-F5B20DRAFT_538948	rna-gnl|WGS:JAJKKE|F5B20DRAFT_mRNA538948		None	None
gene-F5B20DRAFT_538949	rna-gnl|WGS:JAJKKE|F5B20DRAFT_mRNA538949	PF27593.1	Partial	None
gene-F5B20DRAFT_538955	rna-gnl|WGS:JAJKKE|F5B20DRAFT_mRNA538955	PF01070.25,PF01645.24	Partial	None
gene-F5B20DRAFT_538960	rna-gnl|WGS:JAJKKE|F5B20DRAFT_mRNA538960	PF01161.27	Partial	None
gene-F5B20DRAFT_538963	rna-gnl|WGS:JAJKKE|F5B20DRAFT_mRNA538963	PF00106.32,PF08659.17,PF13561.13	Partial	None
gene-F5B20DRAFT_538966	rna-gnl|WGS:JAJKKE|F5B20DRAFT_mRNA538966	PF10348.15,PF10355.15	Partial	None
gene-F5B20DRAFT_580034	rna-gnl|WGS:JAJKKE|F5B20DRAFT_mRNA580034	PF01822.25,PF01822.25	Partial	None
gene-F5B20DRAFT_94752	rna-gnl|WGS:JAJKKE|F5B20DRAFT_mRNA94752	PF04525.20	Partial	None
gene-F5B20DRAFT_538981	rna-gnl|WGS:JAJKKE|F5B20DRAFT_mRNA538981	PF05577.19	Partial	None
gene-F5B20DRAFT_538988	rna-gnl|WGS:JAJKKE|F5B20DRAFT_mRNA538988	PF11204.14	Complete	None
gene-F5B20DRAFT_538989	rna-gnl|WGS:JAJKKE|F5B20DRAFT_mRNA538989	PF00350.30,PF01031.26	Partial	None
gene-F5B20DRAFT_538996	rna-gnl|WGS:JAJKKE|F5B20DRAFT_mRNA538996	PF02463.26,PF13476.13	Complete	None
gene-F5B20DRAFT_539000	rna-gnl|WGS:JAJKKE|F5B20DRAFT_mRNA539000		None	None
gene-F5B20DRAFT_539007	rna-gnl|WGS:JAJKKE|F5B20DRAFT_mRNA539007	PF00583.32,PF13508.14,PF13673.14	Partial	None
gene-F5B20DRAFT_570251	rna-gnl|WGS:JAJKKE|F5B20DRAFT_mRNA570251	PF00657.29,PF13472.13	Partial	None
gene-F5B20DRAFT_94931	rna-gnl|WGS:JAJKKE|F5B20DRAFT_mRNA94931	PF02230.23,PF02230.23	Partial	None
gene-F5B20DRAFT_94971	rna-gnl|WGS:JAJKKE|F5B20DRAFT_mRNA94971	PF02458.21,PF22664.2	Partial	None
gene-F5B20DRAFT_95011	rna-gnl|WGS:JAJKKE|F5B20DRAFT_mRNA95011	PF20684.4	Partial	None
gene-F5B20DRAFT_589153	rna-gnl|WGS:JAJKKE|F5B20DRAFT_mRNA589153	PF00067.28	Partial	None
gene-F5B20DRAFT_539046	rna-gnl|WGS:JAJKKE|F5B20DRAFT_mRNA539046		None	None
gene-F5B20DRAFT_95151	rna-gnl|WGS:JAJKKE|F5B20DRAFT_mRNA95151		None	None
gene-F5B20DRAFT_95154	rna-gnl|WGS:JAJKKE|F5B20DRAFT_mRNA95154		None	None
gene-F5B20DRAFT_539056	rna-gnl|WGS:JAJKKE|F5B20DRAFT_mRNA539056	PF00005.34,PF00005.34,PF12848.14	Complete	None
gene-F5B20DRAFT_95375	rna-gnl|WGS:JAJKKE|F5B20DRAFT_mRNA95375	PF00176.30,PF00271.38,PF04851.22,PF13892.12	Complete	None
gene-F5B20DRAFT_95362	rna-gnl|WGS:JAJKKE|F5B20DRAFT_mRNA95362		None	None
gene-F5B20DRAFT_589159	rna-gnl|WGS:JAJKKE|F5B20DRAFT_mRNA589159		None	None
gene-F5B20DRAFT_589163	rna-gnl|WGS:JAJKKE|F5B20DRAFT_mRNA589163	PF01185.24	Partial	None
gene-F5B20DRAFT_570257	rna-gnl|WGS:JAJKKE|F5B20DRAFT_mRNA570257	PF01764.32	Complete	None
gene-F5B20DRAFT_580054	rna-gnl|WGS:JAJKKE|F5B20DRAFT_mRNA580054		None	None
gene-F5B20DRAFT_95471	rna-gnl|WGS:JAJKKE|F5B20DRAFT_mRNA95471	PF00933.28,PF01915.28,PF07691.18,PF14310.13	Complete	None
gene-F5B20DRAFT_539077	rna-gnl|WGS:JAJKKE|F5B20DRAFT_mRNA539077	PF01494.26	Partial	None
gene-F5B20DRAFT_539078	rna-gnl|WGS:JAJKKE|F5B20DRAFT_mRNA539078	PF00083.31,PF07690.22	Partial	None
gene-F5B20DRAFT_539079	rna-gnl|WGS:JAJKKE|F5B20DRAFT_mRNA539079	PF02133.22	Partial	None
gene-F5B20DRAFT_570260	rna-gnl|WGS:JAJKKE|F5B20DRAFT_mRNA570260	PF01546.34,PF07687.20	Complete	None
gene-F5B20DRAFT_95686	rna-gnl|WGS:JAJKKE|F5B20DRAFT_mRNA95686	PF00172.24,PF04082.24	Partial	None
gene-F5B20DRAFT_95491	rna-gnl|WGS:JAJKKE|F5B20DRAFT_mRNA95491	PF00596.28	Partial	None
gene-F5B20DRAFT_95639	rna-gnl|WGS:JAJKKE|F5B20DRAFT_mRNA95639	PF00389.37,PF02826.26	Partial	None
gene-F5B20DRAFT_539094	rna-gnl|WGS:JAJKKE|F5B20DRAFT_mRNA539094	PF01370.28,PF02719.22,PF05368.20,PF13460.13	Partial	None
gene-F5B20DRAFT_95891	rna-gnl|WGS:JAJKKE|F5B20DRAFT_mRNA95891	PF02900.24	Partial	None
gene-F5B20DRAFT_539100	rna-gnl|WGS:JAJKKE|F5B20DRAFT_mRNA539100	PF04082.24	Partial	None
gene-F5B20DRAFT_580066	rna-gnl|WGS:JAJKKE|F5B20DRAFT_mRNA580066	PF19086.6	Partial	None
gene-F5B20DRAFT_570266	rna-gnl|WGS:JAJKKE|F5B20DRAFT_mRNA570266	PF30480.1	Partial	None
gene-F5B20DRAFT_570268	rna-gnl|WGS:JAJKKE|F5B20DRAFT_mRNA570268	PF00704.35	Partial	None
gene-F5B20DRAFT_95990	rna-gnl|WGS:JAJKKE|F5B20DRAFT_mRNA95990		None	None
gene-F5B20DRAFT_96016	rna-gnl|WGS:JAJKKE|F5B20DRAFT_mRNA96016	PF12937.13	Partial	None
gene-F5B20DRAFT_539114	rna-gnl|WGS:JAJKKE|F5B20DRAFT_mRNA539114	PF13577.13	Partial	None
gene-F5B20DRAFT_539121	rna-gnl|WGS:JAJKKE|F5B20DRAFT_mRNA539121	PF10257.16	Partial	None
gene-F5B20DRAFT_96093	rna-gnl|WGS:JAJKKE|F5B20DRAFT_mRNA96093		None	None
gene-F5B20DRAFT_96092	rna-gnl|WGS:JAJKKE|F5B20DRAFT_mRNA96092		None	None
gene-F5B20DRAFT_539126	rna-gnl|WGS:JAJKKE|F5B20DRAFT_mRNA539126	PF00004.36,PF22942.2,PF23232.2	Complete	None
gene-F5B20DRAFT_539128	rna-gnl|WGS:JAJKKE|F5B20DRAFT_mRNA539128	PF00149.34,PF14008.12,PF16656.12	Complete	None
gene-F5B20DRAFT_96161	rna-gnl|WGS:JAJKKE|F5B20DRAFT_mRNA96161		None	None
gene-F5B20DRAFT_539135	rna-gnl|WGS:JAJKKE|F5B20DRAFT_mRNA539135	PF01738.25	Partial	None
gene-F5B20DRAFT_539137	rna-gnl|WGS:JAJKKE|F5B20DRAFT_mRNA539137		None	None
gene-F5B20DRAFT_96304	rna-gnl|WGS:JAJKKE|F5B20DRAFT_mRNA96304	PF08241.19,PF08242.19,PF13489.13,PF13649.13,PF13847.13	Partial	None
gene-F5B20DRAFT_96174	rna-gnl|WGS:JAJKKE|F5B20DRAFT_mRNA96174	PF10544.16,PF13455.14	Complete	None
gene-F5B20DRAFT_96688	rna-gnl|WGS:JAJKKE|F5B20DRAFT_mRNA96688	PF06609.19,PF07690.22	Partial	None
gene-F5B20DRAFT_539175	rna-gnl|WGS:JAJKKE|F5B20DRAFT_mRNA539175	PF27751.1	Complete	None
gene-F5B20DRAFT_96843	rna-gnl|WGS:JAJKKE|F5B20DRAFT_mRNA96843	PF26747.1,PF28337.2,PF30848.1	Complete	None
gene-F5B20DRAFT_539177	rna-gnl|WGS:JAJKKE|F5B20DRAFT_mRNA539177		None	None
gene-F5B20DRAFT_539183	rna-gnl|WGS:JAJKKE|F5B20DRAFT_mRNA539183	PF13279.13	Partial	None
gene-F5B20DRAFT_539185	rna-gnl|WGS:JAJKKE|F5B20DRAFT_mRNA539185		None	None
gene-F5B20DRAFT_539188	rna-gnl|WGS:JAJKKE|F5B20DRAFT_mRNA539188	PF01209.25,PF08241.19,PF13649.13,PF13847.13	Partial	None
gene-F5B20DRAFT_539192	rna-gnl|WGS:JAJKKE|F5B20DRAFT_mRNA539192		None	None
gene-F5B20DRAFT_97028	rna-gnl|WGS:JAJKKE|F5B20DRAFT_mRNA97028	PF00560.40,PF03372.30,PF13855.13	Complete	None
gene-F5B20DRAFT_539203	rna-gnl|WGS:JAJKKE|F5B20DRAFT_mRNA539203		None	None
gene-F5B20DRAFT_580093	rna-gnl|WGS:JAJKKE|F5B20DRAFT_mRNA580093		None	None
gene-F5B20DRAFT_539204	rna-gnl|WGS:JAJKKE|F5B20DRAFT_mRNA539204		None	None
gene-F5B20DRAFT_97125	rna-gnl|WGS:JAJKKE|F5B20DRAFT_mRNA97125		None	None
gene-F5B20DRAFT_97113	rna-gnl|WGS:JAJKKE|F5B20DRAFT_mRNA97113	PF01544.24	Partial	None
gene-F5B20DRAFT_539209	rna-gnl|WGS:JAJKKE|F5B20DRAFT_mRNA539209	PF07690.22	Partial	None
gene-F5B20DRAFT_97216	rna-gnl|WGS:JAJKKE|F5B20DRAFT_mRNA97216	PF01266.31	Partial	None
gene-F5B20DRAFT_97319	rna-gnl|WGS:JAJKKE|F5B20DRAFT_mRNA97319	PF00445.24	Partial	None
gene-F5B20DRAFT_97374	rna-gnl|WGS:JAJKKE|F5B20DRAFT_mRNA97374	PF00172.24,PF04082.24	Partial	None
gene-F5B20DRAFT_589221	rna-gnl|WGS:JAJKKE|F5B20DRAFT_mRNA589221	PF01083.29	Partial	None
gene-F5B20DRAFT_589227	rna-gnl|WGS:JAJKKE|F5B20DRAFT_mRNA589227		None	None
gene-F5B20DRAFT_570288	rna-gnl|WGS:JAJKKE|F5B20DRAFT_mRNA570288	PF11915.14,PF11915.14	Complete	None
gene-F5B20DRAFT_97426	rna-gnl|WGS:JAJKKE|F5B20DRAFT_mRNA97426	PF00580.28,PF12726.13,PF13086.13,PF13087.13,PF13245.13,PF13604.13,PF23576.3	Complete	None
gene-F5B20DRAFT_570290	rna-gnl|WGS:JAJKKE|F5B20DRAFT_mRNA570290	PF00730.32	Complete	None
gene-F5B20DRAFT_570291	rna-gnl|WGS:JAJKKE|F5B20DRAFT_mRNA570291	PF13522.13,PF13537.12	Partial	None
gene-F5B20DRAFT_539240	rna-gnl|WGS:JAJKKE|F5B20DRAFT_mRNA539240	PF07690.22	Partial	None
gene-F5B20DRAFT_580109	rna-gnl|WGS:JAJKKE|F5B20DRAFT_mRNA580109		None	None
gene-F5B20DRAFT_580110	rna-gnl|WGS:JAJKKE|F5B20DRAFT_mRNA580110		None	None
gene-F5B20DRAFT_589245	rna-gnl|WGS:JAJKKE|F5B20DRAFT_mRNA589245	PF06985.18	Partial	None
gene-F5B20DRAFT_97700	rna-gnl|WGS:JAJKKE|F5B20DRAFT_mRNA97700	PF00109.33,PF00550.32,PF00698.27,PF01370.28,PF02801.29,PF07993.19,PF08241.19,PF08242.19,PF08659.17,PF13649.13,PF16073.11,PF18558.9	Complete	None
gene-F5B20DRAFT_589247	rna-gnl|WGS:JAJKKE|F5B20DRAFT_mRNA589247	PF00172.24,PF04082.24	Partial	None
gene-F5B20DRAFT_589251	rna-gnl|WGS:JAJKKE|F5B20DRAFT_mRNA589251	PF07690.22	Partial	None
gene-F5B20DRAFT_589253	rna-gnl|WGS:JAJKKE|F5B20DRAFT_mRNA589253	PF03171.27,PF14226.13	Complete	None
gene-F5B20DRAFT_580116	rna-gnl|WGS:JAJKKE|F5B20DRAFT_mRNA580116	PF00106.32,PF08659.17,PF13561.13,PF23441.1	Partial	None
gene-F5B20DRAFT_589255	rna-gnl|WGS:JAJKKE|F5B20DRAFT_mRNA589255	PF00732.26,PF05199.20	Complete	None
gene-F5B20DRAFT_589257	rna-gnl|WGS:JAJKKE|F5B20DRAFT_mRNA589257	PF00067.28	Partial	None
gene-F5B20DRAFT_539285	rna-gnl|WGS:JAJKKE|F5B20DRAFT_mRNA539285	PF07690.22	Partial	None
gene-F5B20DRAFT_97826	rna-gnl|WGS:JAJKKE|F5B20DRAFT_mRNA97826	PF01979.27,PF07969.18	Partial	None
gene-F5B20DRAFT_97868	rna-gnl|WGS:JAJKKE|F5B20DRAFT_mRNA97868	PF00106.32,PF08659.17	Partial	None
gene-F5B20DRAFT_97915	rna-gnl|WGS:JAJKKE|F5B20DRAFT_mRNA97915	PF06985.18	Partial	None
gene-F5B20DRAFT_539294	rna-gnl|WGS:JAJKKE|F5B20DRAFT_mRNA539294		None	None
gene-F5B20DRAFT_97980	rna-gnl|WGS:JAJKKE|F5B20DRAFT_mRNA97980	PF01088.28	Partial	None
gene-F5B20DRAFT_539302	rna-gnl|WGS:JAJKKE|F5B20DRAFT_mRNA539302	PF01663.28	Partial	None
gene-F5B20DRAFT_98054	rna-gnl|WGS:JAJKKE|F5B20DRAFT_mRNA98054	PF09362.16	Partial	None
gene-F5B20DRAFT_98067	rna-gnl|WGS:JAJKKE|F5B20DRAFT_mRNA98067		None	None
gene-F5B20DRAFT_589259	rna-gnl|WGS:JAJKKE|F5B20DRAFT_mRNA589259		None	None
gene-F5B20DRAFT_539305	rna-gnl|WGS:JAJKKE|F5B20DRAFT_mRNA539305	PF03452.21	Partial	None
gene-F5B20DRAFT_98099	rna-gnl|WGS:JAJKKE|F5B20DRAFT_mRNA98099	PF00106.32,PF08659.17,PF13561.13,PF23441.1	Partial	None
gene-F5B20DRAFT_98197	rna-gnl|WGS:JAJKKE|F5B20DRAFT_mRNA98197		None	None
gene-F5B20DRAFT_580132	rna-gnl|WGS:JAJKKE|F5B20DRAFT_mRNA580132		None	None
gene-F5B20DRAFT_580133	rna-gnl|WGS:JAJKKE|F5B20DRAFT_mRNA580133	PF00628.36,PF20826.3	Complete	None
gene-F5B20DRAFT_589264	rna-gnl|WGS:JAJKKE|F5B20DRAFT_mRNA589264	PF01926.30	Complete	None
gene-F5B20DRAFT_539327	rna-gnl|WGS:JAJKKE|F5B20DRAFT_mRNA539327		None	None
gene-F5B20DRAFT_570309	rna-gnl|WGS:JAJKKE|F5B20DRAFT_mRNA570309	PF00884.29	Partial	None
gene-F5B20DRAFT_539332	rna-gnl|WGS:JAJKKE|F5B20DRAFT_mRNA539332	PF07264.18	Partial	None
gene-F5B20DRAFT_539335	rna-gnl|WGS:JAJKKE|F5B20DRAFT_mRNA539335	PF00295.24	Partial	None
gene-F5B20DRAFT_570311	rna-gnl|WGS:JAJKKE|F5B20DRAFT_mRNA570311	PF01583.27,PF01747.24,PF14306.13	Complete	None
gene-F5B20DRAFT_98537	rna-gnl|WGS:JAJKKE|F5B20DRAFT_mRNA98537		None	None
gene-F5B20DRAFT_98547	rna-gnl|WGS:JAJKKE|F5B20DRAFT_mRNA98547	PF06011.18,PF14558.12	Partial	None
gene-F5B20DRAFT_570314	rna-gnl|WGS:JAJKKE|F5B20DRAFT_mRNA570314	PF00072.31	Complete	None
gene-F5B20DRAFT_98617	rna-gnl|WGS:JAJKKE|F5B20DRAFT_mRNA98617	PF12298.15	Partial	None
gene-F5B20DRAFT_570315	rna-gnl|WGS:JAJKKE|F5B20DRAFT_mRNA570315	PF13350.12,PF13350.12	Partial	None
gene-F5B20DRAFT_539370	rna-gnl|WGS:JAJKKE|F5B20DRAFT_mRNA539370		None	None
gene-F5B20DRAFT_580147	rna-gnl|WGS:JAJKKE|F5B20DRAFT_mRNA580147		None	None
gene-F5B20DRAFT_98973	rna-gnl|WGS:JAJKKE|F5B20DRAFT_mRNA98973	PF00018.35,PF03114.24,PF07653.24,PF14604.13	Complete	None
gene-F5B20DRAFT_99314	rna-gnl|WGS:JAJKKE|F5B20DRAFT_mRNA99314	PF10382.15	Partial	None
gene-F5B20DRAFT_99316	rna-gnl|WGS:JAJKKE|F5B20DRAFT_mRNA99316		None	None
gene-F5B20DRAFT_539391	rna-gnl|WGS:JAJKKE|F5B20DRAFT_mRNA539391		None	None
gene-F5B20DRAFT_539394	rna-gnl|WGS:JAJKKE|F5B20DRAFT_mRNA539394	PF00383.30,PF14437.13	Complete	None
gene-F5B20DRAFT_580153	rna-gnl|WGS:JAJKKE|F5B20DRAFT_mRNA580153	PF00856.34,PF17907.8	Complete	None
gene-F5B20DRAFT_580154	rna-gnl|WGS:JAJKKE|F5B20DRAFT_mRNA580154	PF13289.13,PF24883.3	Complete	None
gene-F5B20DRAFT_539409	rna-gnl|WGS:JAJKKE|F5B20DRAFT_mRNA539409	PF00790.26,PF03127.20	Complete	None
gene-F5B20DRAFT_570319	rna-gnl|WGS:JAJKKE|F5B20DRAFT_mRNA570319		None	None
gene-F5B20DRAFT_99551	rna-gnl|WGS:JAJKKE|F5B20DRAFT_mRNA99551	PF00172.24	Complete	None
gene-F5B20DRAFT_580159	rna-gnl|WGS:JAJKKE|F5B20DRAFT_mRNA580159	PF01209.25,PF08241.19,PF08242.19,PF13489.13,PF13649.13,PF13847.13	Partial	None
gene-F5B20DRAFT_100843	rna-gnl|WGS:JAJKKE|F5B20DRAFT_mRNA100843	PF00300.28,PF00300.28	Partial	None
gene-F5B20DRAFT_589274	rna-gnl|WGS:JAJKKE|F5B20DRAFT_mRNA589274		None	None
gene-F5B20DRAFT_570320	rna-gnl|WGS:JAJKKE|F5B20DRAFT_mRNA570320	PF00240.30,PF00443.36,PF13423.13	Partial	None
gene-F5B20DRAFT_539486	rna-gnl|WGS:JAJKKE|F5B20DRAFT_mRNA539486	PF05856.18	Partial	None
gene-F5B20DRAFT_100918	rna-gnl|WGS:JAJKKE|F5B20DRAFT_mRNA100918		None	None
gene-F5B20DRAFT_539491	rna-gnl|WGS:JAJKKE|F5B20DRAFT_mRNA539491	PF00787.30	Partial	None
gene-F5B20DRAFT_539493	rna-gnl|WGS:JAJKKE|F5B20DRAFT_mRNA539493	PF00153.33,PF00153.33,PF00153.33	Complete	None
gene-F5B20DRAFT_101086	rna-gnl|WGS:JAJKKE|F5B20DRAFT_mRNA101086		None	None
gene-F5B20DRAFT_101112	rna-gnl|WGS:JAJKKE|F5B20DRAFT_mRNA101112		None	None
gene-F5B20DRAFT_101034	rna-gnl|WGS:JAJKKE|F5B20DRAFT_mRNA101034	PF01423.29	Partial	None
gene-F5B20DRAFT_580168	rna-gnl|WGS:JAJKKE|F5B20DRAFT_mRNA580168	PF18101.8	Complete	None
gene-F5B20DRAFT_589278	rna-gnl|WGS:JAJKKE|F5B20DRAFT_mRNA589278	PF14555.13	Partial	None
gene-F5B20DRAFT_539511	rna-gnl|WGS:JAJKKE|F5B20DRAFT_mRNA539511	PF01805.27,PF01805.27,PF12230.14	Complete	None
gene-F5B20DRAFT_101233	rna-gnl|WGS:JAJKKE|F5B20DRAFT_mRNA101233	PF02366.25,PF02815.26,PF16192.11	Complete	None
gene-F5B20DRAFT_589282	rna-gnl|WGS:JAJKKE|F5B20DRAFT_mRNA589282		None	None
gene-F5B20DRAFT_101309	rna-gnl|WGS:JAJKKE|F5B20DRAFT_mRNA101309		None	None
gene-F5B20DRAFT_101271	rna-gnl|WGS:JAJKKE|F5B20DRAFT_mRNA101271	PF00069.32,PF07714.24	Complete	None
gene-F5B20DRAFT_539549	rna-gnl|WGS:JAJKKE|F5B20DRAFT_mRNA539549		None	None
gene-F5B20DRAFT_580175	rna-gnl|WGS:JAJKKE|F5B20DRAFT_mRNA580175		None	None
gene-F5B20DRAFT_580176	rna-gnl|WGS:JAJKKE|F5B20DRAFT_mRNA580176		None	None
gene-F5B20DRAFT_539553	rna-gnl|WGS:JAJKKE|F5B20DRAFT_mRNA539553	PF06437.17	Partial	None
gene-F5B20DRAFT_539556	rna-gnl|WGS:JAJKKE|F5B20DRAFT_mRNA539556		None	None
gene-F5B20DRAFT_101599	rna-gnl|WGS:JAJKKE|F5B20DRAFT_mRNA101599	PF07470.20	Partial	None
gene-F5B20DRAFT_101634	rna-gnl|WGS:JAJKKE|F5B20DRAFT_mRNA101634	PF20684.4	Partial	None
gene-F5B20DRAFT_101643	rna-gnl|WGS:JAJKKE|F5B20DRAFT_mRNA101643	PF03810.26,PF08506.17	Partial	None
gene-F5B20DRAFT_101686	rna-gnl|WGS:JAJKKE|F5B20DRAFT_mRNA101686	PF31052.1	Partial	None
gene-F5B20DRAFT_101682	rna-gnl|WGS:JAJKKE|F5B20DRAFT_mRNA101682	PF00817.26,PF11799.14,PF18439.8,PF21704.4	Complete	None
gene-F5B20DRAFT_539600	rna-gnl|WGS:JAJKKE|F5B20DRAFT_mRNA539600	PF01529.26	Partial	None
gene-F5B20DRAFT_539616	rna-gnl|WGS:JAJKKE|F5B20DRAFT_mRNA539616	PF00775.28,PF04444.20	Partial	None
gene-F5B20DRAFT_539618	rna-gnl|WGS:JAJKKE|F5B20DRAFT_mRNA539618	PF09747.15	Partial	None
gene-F5B20DRAFT_580187	rna-gnl|WGS:JAJKKE|F5B20DRAFT_mRNA580187	PF00122.26,PF00689.27,PF00690.32,PF00702.33,PF13246.13	Complete	None
gene-F5B20DRAFT_102365	rna-gnl|WGS:JAJKKE|F5B20DRAFT_mRNA102365	PF09496.16	Partial	None
gene-F5B20DRAFT_539631	rna-gnl|WGS:JAJKKE|F5B20DRAFT_mRNA539631	PF13000.14,PF13000.14,PF13000.14	Partial	None
gene-F5B20DRAFT_539632	rna-gnl|WGS:JAJKKE|F5B20DRAFT_mRNA539632		None	None
gene-F5B20DRAFT_539636	rna-gnl|WGS:JAJKKE|F5B20DRAFT_mRNA539636		None	None
gene-F5B20DRAFT_539637	rna-gnl|WGS:JAJKKE|F5B20DRAFT_mRNA539637	PF00083.31,PF07690.22	Partial	None
gene-F5B20DRAFT_102545	rna-gnl|WGS:JAJKKE|F5B20DRAFT_mRNA102545	PF12697.14	Partial	None
gene-F5B20DRAFT_539645	rna-gnl|WGS:JAJKKE|F5B20DRAFT_mRNA539645	PF20684.4	Partial	None
gene-F5B20DRAFT_102626	rna-gnl|WGS:JAJKKE|F5B20DRAFT_mRNA102626	PF00067.28	Partial	None
gene-F5B20DRAFT_102621	rna-gnl|WGS:JAJKKE|F5B20DRAFT_mRNA102621		None	None
gene-F5B20DRAFT_102633	rna-gnl|WGS:JAJKKE|F5B20DRAFT_mRNA102633	PF08610.16	Partial	None
gene-F5B20DRAFT_539655	rna-gnl|WGS:JAJKKE|F5B20DRAFT_mRNA539655	PF06985.18	Partial	None
gene-F5B20DRAFT_539657	rna-gnl|WGS:JAJKKE|F5B20DRAFT_mRNA539657	PF03443.21	Partial	None
gene-F5B20DRAFT_539662	rna-gnl|WGS:JAJKKE|F5B20DRAFT_mRNA539662	PF00710.26,PF17763.7	Complete	None
gene-F5B20DRAFT_539664	rna-gnl|WGS:JAJKKE|F5B20DRAFT_mRNA539664	PF00106.32,PF08659.17,PF13561.13	Partial	None
gene-F5B20DRAFT_539666	rna-gnl|WGS:JAJKKE|F5B20DRAFT_mRNA539666	PF00646.39,PF12937.13,PF25499.3	Partial	None
gene-F5B20DRAFT_102758	rna-gnl|WGS:JAJKKE|F5B20DRAFT_mRNA102758	PF00067.28	Partial	None
gene-F5B20DRAFT_102785	rna-gnl|WGS:JAJKKE|F5B20DRAFT_mRNA102785	PF26118.1	Complete	None
gene-F5B20DRAFT_580205	rna-gnl|WGS:JAJKKE|F5B20DRAFT_mRNA580205	PF00023.37,PF00023.37,PF12796.14,PF12796.14,PF13606.13,PF13637.13,PF13857.13	Complete	None
gene-F5B20DRAFT_539681	rna-gnl|WGS:JAJKKE|F5B20DRAFT_mRNA539681	PF00125.31,PF00808.30	Partial	None
gene-F5B20DRAFT_103096	rna-gnl|WGS:JAJKKE|F5B20DRAFT_mRNA103096	PF00106.32,PF01370.28,PF08659.17,PF13561.13	Partial	None
gene-F5B20DRAFT_103102	rna-gnl|WGS:JAJKKE|F5B20DRAFT_mRNA103102	PF01266.31	Partial	None
gene-F5B20DRAFT_103213	rna-gnl|WGS:JAJKKE|F5B20DRAFT_mRNA103213		None	None
gene-F5B20DRAFT_570349	rna-gnl|WGS:JAJKKE|F5B20DRAFT_mRNA570349	PF14138.12	Partial	None
gene-F5B20DRAFT_103271	rna-gnl|WGS:JAJKKE|F5B20DRAFT_mRNA103271	PF00454.34,PF02259.30,PF02260.26,PF08064.19,PF23593.2,PF25030.1,PF25385.2	Complete	None
gene-F5B20DRAFT_539717	rna-gnl|WGS:JAJKKE|F5B20DRAFT_mRNA539717	PF00645.26	Partial	None
gene-F5B20DRAFT_103333	rna-gnl|WGS:JAJKKE|F5B20DRAFT_mRNA103333	PF07774.20,PF13360.14,PF25293.2	Partial	None
gene-F5B20DRAFT_539720	rna-gnl|WGS:JAJKKE|F5B20DRAFT_mRNA539720	PF00152.26	Partial	None
gene-F5B20DRAFT_539721	rna-gnl|WGS:JAJKKE|F5B20DRAFT_mRNA539721	PF14617.13	Partial	None
gene-F5B20DRAFT_103368	rna-gnl|WGS:JAJKKE|F5B20DRAFT_mRNA103368	PF05730.17	Partial	None
gene-F5B20DRAFT_103371	rna-gnl|WGS:JAJKKE|F5B20DRAFT_mRNA103371	PF03572.24,PF23658.2	Complete	None
gene-F5B20DRAFT_539724	rna-gnl|WGS:JAJKKE|F5B20DRAFT_mRNA539724	PF01237.24	Partial	None
gene-F5B20DRAFT_539725	rna-gnl|WGS:JAJKKE|F5B20DRAFT_mRNA539725	PF01261.31	Partial	None
gene-F5B20DRAFT_539726	rna-gnl|WGS:JAJKKE|F5B20DRAFT_mRNA539726	PF00316.26,PF18913.6	Partial	None
gene-F5B20DRAFT_539727	rna-gnl|WGS:JAJKKE|F5B20DRAFT_mRNA539727	PF20237.4	Partial	None
gene-F5B20DRAFT_539734	rna-gnl|WGS:JAJKKE|F5B20DRAFT_mRNA539734	PF20237.4	Partial	None
gene-F5B20DRAFT_539738	rna-gnl|WGS:JAJKKE|F5B20DRAFT_mRNA539738	PF02900.24	Partial	None
gene-F5B20DRAFT_539740	rna-gnl|WGS:JAJKKE|F5B20DRAFT_mRNA539740	PF00326.28,PF01738.25,PF02230.23,PF03959.20	Partial	None
gene-F5B20DRAFT_103439	rna-gnl|WGS:JAJKKE|F5B20DRAFT_mRNA103439		None	None
gene-F5B20DRAFT_t37	gene-F5B20DRAFT_t37		None	None
gene-F5B20DRAFT_589291	rna-gnl|WGS:JAJKKE|F5B20DRAFT_mRNA589291	PF24968.1	Partial	None
gene-F5B20DRAFT_589294	rna-gnl|WGS:JAJKKE|F5B20DRAFT_mRNA589294	PF00133.29,PF00133.29,PF08264.20,PF09334.18,PF09334.18	Complete	None
gene-F5B20DRAFT_580226	rna-gnl|WGS:JAJKKE|F5B20DRAFT_mRNA580226	PF00023.37,PF00023.37,PF00023.37,PF00023.37,PF00023.37,PF01544.24,PF12796.14,PF12796.14,PF12796.14,PF12796.14,PF12796.14,PF13606.13,PF13606.13,PF13606.13,PF13637.13,PF13637.13,PF13637.13,PF13637.13	Complete	None
gene-F5B20DRAFT_570363	rna-gnl|WGS:JAJKKE|F5B20DRAFT_mRNA570363	PF00657.29,PF13472.13	Partial	None
gene-F5B20DRAFT_103515	rna-gnl|WGS:JAJKKE|F5B20DRAFT_mRNA103515	PF00188.33	Partial	None
gene-F5B20DRAFT_539761	rna-gnl|WGS:JAJKKE|F5B20DRAFT_mRNA539761		None	None
gene-F5B20DRAFT_539764	rna-gnl|WGS:JAJKKE|F5B20DRAFT_mRNA539764		None	None
gene-F5B20DRAFT_539767	rna-gnl|WGS:JAJKKE|F5B20DRAFT_mRNA539767	PF06747.19	Complete	None
gene-F5B20DRAFT_539771	rna-gnl|WGS:JAJKKE|F5B20DRAFT_mRNA539771	PF13874.12,PF18570.7	Complete	None
gene-F5B20DRAFT_539774	rna-gnl|WGS:JAJKKE|F5B20DRAFT_mRNA539774		None	None
gene-F5B20DRAFT_539777	rna-gnl|WGS:JAJKKE|F5B20DRAFT_mRNA539777	PF02347.23,PF02347.23,PF21478.4	Complete	None
gene-F5B20DRAFT_103714	rna-gnl|WGS:JAJKKE|F5B20DRAFT_mRNA103714	PF14441.13	Complete	None
gene-F5B20DRAFT_539783	rna-gnl|WGS:JAJKKE|F5B20DRAFT_mRNA539783	PF00646.39	Partial	None
gene-F5B20DRAFT_580235	rna-gnl|WGS:JAJKKE|F5B20DRAFT_mRNA580235		None	None
gene-F5B20DRAFT_103858	rna-gnl|WGS:JAJKKE|F5B20DRAFT_mRNA103858	PF04055.28,PF16881.11	Partial	None
gene-F5B20DRAFT_103848	rna-gnl|WGS:JAJKKE|F5B20DRAFT_mRNA103848		None	None
gene-F5B20DRAFT_103852	rna-gnl|WGS:JAJKKE|F5B20DRAFT_mRNA103852	PF18951.6	Partial	None
gene-F5B20DRAFT_103853	rna-gnl|WGS:JAJKKE|F5B20DRAFT_mRNA103853		None	None
gene-F5B20DRAFT_t38	gene-F5B20DRAFT_t38		None	None
gene-F5B20DRAFT_539800	rna-gnl|WGS:JAJKKE|F5B20DRAFT_mRNA539800	PF00293.35	Partial	None
gene-F5B20DRAFT_589304	rna-gnl|WGS:JAJKKE|F5B20DRAFT_mRNA589304		None	None
gene-F5B20DRAFT_589306	rna-gnl|WGS:JAJKKE|F5B20DRAFT_mRNA589306	PF00069.32,PF07714.24	Partial	None
gene-F5B20DRAFT_104120	rna-gnl|WGS:JAJKKE|F5B20DRAFT_mRNA104120		None	None
gene-F5B20DRAFT_580243	rna-gnl|WGS:JAJKKE|F5B20DRAFT_mRNA580243		None	None
gene-F5B20DRAFT_589316	rna-gnl|WGS:JAJKKE|F5B20DRAFT_mRNA589316	PF00890.31,PF01494.26,PF13450.13	Partial	None
gene-F5B20DRAFT_570372	rna-gnl|WGS:JAJKKE|F5B20DRAFT_mRNA570372	PF01565.29,PF02913.25	Complete	None
gene-F5B20DRAFT_104115	rna-gnl|WGS:JAJKKE|F5B20DRAFT_mRNA104115	PF02598.23	Partial	None
gene-F5B20DRAFT_104024	rna-gnl|WGS:JAJKKE|F5B20DRAFT_mRNA104024	PF00085.27,PF04756.20,PF13098.14	Partial	None
gene-F5B20DRAFT_539821	rna-gnl|WGS:JAJKKE|F5B20DRAFT_mRNA539821	PF09243.17	Partial	None
gene-F5B20DRAFT_539822	rna-gnl|WGS:JAJKKE|F5B20DRAFT_mRNA539822	PF00590.26,PF13241.13,PF14823.12,PF14824.12	Complete	None
gene-F5B20DRAFT_570376	rna-gnl|WGS:JAJKKE|F5B20DRAFT_mRNA570376	PF00324.28,PF13520.13,PF27522.2	Complete	None
gene-F5B20DRAFT_580252	rna-gnl|WGS:JAJKKE|F5B20DRAFT_mRNA580252	PF00933.28,PF01915.28,PF14310.13	Complete	None
gene-F5B20DRAFT_539836	rna-gnl|WGS:JAJKKE|F5B20DRAFT_mRNA539836	PF07690.22	Partial	None
gene-F5B20DRAFT_539846	rna-gnl|WGS:JAJKKE|F5B20DRAFT_mRNA539846		None	None
gene-F5B20DRAFT_104370	rna-gnl|WGS:JAJKKE|F5B20DRAFT_mRNA104370		None	None
gene-F5B20DRAFT_570379	rna-gnl|WGS:JAJKKE|F5B20DRAFT_mRNA570379	PF00069.32,PF00069.32	Partial	None
gene-F5B20DRAFT_539852	rna-gnl|WGS:JAJKKE|F5B20DRAFT_mRNA539852	PF00400.39,PF00400.39,PF00400.39	Complete	None
gene-F5B20DRAFT_104423	rna-gnl|WGS:JAJKKE|F5B20DRAFT_mRNA104423	PF14832.12	Partial	None
gene-F5B20DRAFT_104383	rna-gnl|WGS:JAJKKE|F5B20DRAFT_mRNA104383	PF01490.25	Partial	None
gene-F5B20DRAFT_539856	rna-gnl|WGS:JAJKKE|F5B20DRAFT_mRNA539856		None	None
gene-F5B20DRAFT_104454	rna-gnl|WGS:JAJKKE|F5B20DRAFT_mRNA104454	PF00018.35,PF07653.24	Complete	None
gene-F5B20DRAFT_104469	rna-gnl|WGS:JAJKKE|F5B20DRAFT_mRNA104469	PF08287.17	Partial	None
gene-F5B20DRAFT_539864	rna-gnl|WGS:JAJKKE|F5B20DRAFT_mRNA539864	PF00106.32,PF08659.17,PF13561.13	Partial	None
gene-F5B20DRAFT_104512	rna-gnl|WGS:JAJKKE|F5B20DRAFT_mRNA104512	PF11951.14	Partial	None
gene-F5B20DRAFT_104525	rna-gnl|WGS:JAJKKE|F5B20DRAFT_mRNA104525	PF03663.21	Partial	None
gene-F5B20DRAFT_539873	rna-gnl|WGS:JAJKKE|F5B20DRAFT_mRNA539873		None	None
gene-F5B20DRAFT_539874	rna-gnl|WGS:JAJKKE|F5B20DRAFT_mRNA539874		None	None
gene-F5B20DRAFT_539876	rna-gnl|WGS:JAJKKE|F5B20DRAFT_mRNA539876	PF01134.29,PF01266.31	Partial	None
gene-F5B20DRAFT_539878	rna-gnl|WGS:JAJKKE|F5B20DRAFT_mRNA539878	PF12328.14	Partial	None
gene-F5B20DRAFT_104633	rna-gnl|WGS:JAJKKE|F5B20DRAFT_mRNA104633	PF10259.15	Partial	None
gene-F5B20DRAFT_589320	rna-gnl|WGS:JAJKKE|F5B20DRAFT_mRNA589320	PF07978.20,PF07978.20	Complete	None
gene-F5B20DRAFT_539914	rna-gnl|WGS:JAJKKE|F5B20DRAFT_mRNA539914		None	None
gene-F5B20DRAFT_580274	rna-gnl|WGS:JAJKKE|F5B20DRAFT_mRNA580274	PF03959.20	Partial	None
gene-F5B20DRAFT_539920	rna-gnl|WGS:JAJKKE|F5B20DRAFT_mRNA539920	PF01399.34,PF18098.7,PF22241.3,PF22241.3	Complete	None
gene-F5B20DRAFT_104762	rna-gnl|WGS:JAJKKE|F5B20DRAFT_mRNA104762		None	None
gene-F5B20DRAFT_580276	rna-gnl|WGS:JAJKKE|F5B20DRAFT_mRNA580276		None	None
gene-F5B20DRAFT_104750	rna-gnl|WGS:JAJKKE|F5B20DRAFT_mRNA104750	PF03853.22	Partial	None
gene-F5B20DRAFT_539937	rna-gnl|WGS:JAJKKE|F5B20DRAFT_mRNA539937	PF00886.25	Partial	None
gene-F5B20DRAFT_104748	rna-gnl|WGS:JAJKKE|F5B20DRAFT_mRNA104748	PF00289.29,PF00364.29,PF02222.28,PF02785.26,PF02786.23,PF07478.19	Complete	None
gene-F5B20DRAFT_104928	rna-gnl|WGS:JAJKKE|F5B20DRAFT_mRNA104928	PF01243.28	Partial	None
gene-F5B20DRAFT_539951	rna-gnl|WGS:JAJKKE|F5B20DRAFT_mRNA539951	PF11807.14	Partial	None
gene-F5B20DRAFT_105467	rna-gnl|WGS:JAJKKE|F5B20DRAFT_mRNA105467	PF00023.37,PF00023.37,PF12796.14,PF12796.14,PF24809.2,PF24883.3	Complete	None
gene-F5B20DRAFT_589328	rna-gnl|WGS:JAJKKE|F5B20DRAFT_mRNA589328	PF10275.16	Partial	None
gene-F5B20DRAFT_105788	rna-gnl|WGS:JAJKKE|F5B20DRAFT_mRNA105788	PF21948.2	Partial	None
gene-F5B20DRAFT_539978	rna-gnl|WGS:JAJKKE|F5B20DRAFT_mRNA539978		None	None
gene-F5B20DRAFT_539979	rna-gnl|WGS:JAJKKE|F5B20DRAFT_mRNA539979		None	None
gene-F5B20DRAFT_539982	rna-gnl|WGS:JAJKKE|F5B20DRAFT_mRNA539982	PF01823.26	Partial	None
gene-F5B20DRAFT_539987	rna-gnl|WGS:JAJKKE|F5B20DRAFT_mRNA539987	PF05222.22	Partial	None
gene-F5B20DRAFT_539989	rna-gnl|WGS:JAJKKE|F5B20DRAFT_mRNA539989	PF09362.16	Partial	None
gene-F5B20DRAFT_570396	rna-gnl|WGS:JAJKKE|F5B20DRAFT_mRNA570396	PF07690.22	Partial	None
gene-F5B20DRAFT_540002	rna-gnl|WGS:JAJKKE|F5B20DRAFT_mRNA540002		None	None
gene-F5B20DRAFT_106052	rna-gnl|WGS:JAJKKE|F5B20DRAFT_mRNA106052		None	None
gene-F5B20DRAFT_540009	rna-gnl|WGS:JAJKKE|F5B20DRAFT_mRNA540009	PF00439.31,PF00439.31,PF01426.25	Complete	None
gene-F5B20DRAFT_106128	rna-gnl|WGS:JAJKKE|F5B20DRAFT_mRNA106128	PF02338.26,PF21403.5,PF24560.2	Complete	None
gene-F5B20DRAFT_589332	rna-gnl|WGS:JAJKKE|F5B20DRAFT_mRNA589332	PF12634.14	Partial	None
gene-F5B20DRAFT_540013	rna-gnl|WGS:JAJKKE|F5B20DRAFT_mRNA540013		None	None
gene-F5B20DRAFT_570401	rna-gnl|WGS:JAJKKE|F5B20DRAFT_mRNA570401	PF03069.21	Partial	None
gene-F5B20DRAFT_106488	rna-gnl|WGS:JAJKKE|F5B20DRAFT_mRNA106488	PF04479.19	Partial	None
gene-F5B20DRAFT_580303	rna-gnl|WGS:JAJKKE|F5B20DRAFT_mRNA580303		None	None
gene-F5B20DRAFT_106568	rna-gnl|WGS:JAJKKE|F5B20DRAFT_mRNA106568	PF00320.34,PF00989.32,PF08447.19,PF13426.14,PF13426.14,PF13426.14	Complete	None
gene-F5B20DRAFT_106593	rna-gnl|WGS:JAJKKE|F5B20DRAFT_mRNA106593	PF02985.29,PF12460.15,PF13513.13,PF13513.13,PF18808.8,PF18816.8,PF18829.8,PF25574.2,PF25780.2	Complete	None
gene-F5B20DRAFT_106648	rna-gnl|WGS:JAJKKE|F5B20DRAFT_mRNA106648	PF00571.34,PF00571.34	Complete	None
gene-F5B20DRAFT_540069	rna-gnl|WGS:JAJKKE|F5B20DRAFT_mRNA540069	PF04603.19	Partial	None
gene-F5B20DRAFT_589342	rna-gnl|WGS:JAJKKE|F5B20DRAFT_mRNA589342	PF10263.16	Complete	None
gene-F5B20DRAFT_580309	rna-gnl|WGS:JAJKKE|F5B20DRAFT_mRNA580309	PF02364.22,PF14288.12,PF23605.2	Complete	None
gene-F5B20DRAFT_106794	rna-gnl|WGS:JAJKKE|F5B20DRAFT_mRNA106794	PF00083.31,PF07690.22	Partial	None
gene-F5B20DRAFT_106781	rna-gnl|WGS:JAJKKE|F5B20DRAFT_mRNA106781	PF30970.1	Partial	None
gene-F5B20DRAFT_540102	rna-gnl|WGS:JAJKKE|F5B20DRAFT_mRNA540102	PF01636.30	Partial	None
gene-F5B20DRAFT_106937	rna-gnl|WGS:JAJKKE|F5B20DRAFT_mRNA106937	PF29664.1	Partial	None
gene-F5B20DRAFT_570409	rna-gnl|WGS:JAJKKE|F5B20DRAFT_mRNA570409	PF00155.28	Partial	None
gene-F5B20DRAFT_540107	rna-gnl|WGS:JAJKKE|F5B20DRAFT_mRNA540107	PF00626.28,PF00626.28,PF00626.28	Complete	None
gene-F5B20DRAFT_580317	rna-gnl|WGS:JAJKKE|F5B20DRAFT_mRNA580317		None	None
gene-F5B20DRAFT_t42	gene-F5B20DRAFT_t42		None	None
gene-F5B20DRAFT_107016	rna-gnl|WGS:JAJKKE|F5B20DRAFT_mRNA107016	PF10348.15,PF10355.15	Partial	None
gene-F5B20DRAFT_570412	rna-gnl|WGS:JAJKKE|F5B20DRAFT_mRNA570412	PF00753.34,PF00753.34,PF17778.8,PF23023.2	Complete	None
gene-F5B20DRAFT_540123	rna-gnl|WGS:JAJKKE|F5B20DRAFT_mRNA540123	PF00443.36,PF13423.13	Partial	None
gene-F5B20DRAFT_570414	rna-gnl|WGS:JAJKKE|F5B20DRAFT_mRNA570414	PF01073.26,PF01370.28,PF05368.20,PF10237.16,PF13460.13,PF16363.12	Complete	None
gene-F5B20DRAFT_540140	rna-gnl|WGS:JAJKKE|F5B20DRAFT_mRNA540140	PF01399.34,PF18261.7,PF22037.3	Complete	None
gene-F5B20DRAFT_570416	rna-gnl|WGS:JAJKKE|F5B20DRAFT_mRNA570416	PF01694.29,PF04114.20	Partial	None
gene-F5B20DRAFT_540146	rna-gnl|WGS:JAJKKE|F5B20DRAFT_mRNA540146	PF00330.26,PF00694.26	Complete	None
gene-F5B20DRAFT_540148	rna-gnl|WGS:JAJKKE|F5B20DRAFT_mRNA540148		None	None
gene-F5B20DRAFT_107349	rna-gnl|WGS:JAJKKE|F5B20DRAFT_mRNA107349	PF12171.15	Complete	None
gene-F5B20DRAFT_107358	rna-gnl|WGS:JAJKKE|F5B20DRAFT_mRNA107358	PF08653.16	Partial	None
gene-F5B20DRAFT_570418	rna-gnl|WGS:JAJKKE|F5B20DRAFT_mRNA570418	PF00650.26,PF03765.22,PF13716.12	Complete	None
gene-F5B20DRAFT_540155	rna-gnl|WGS:JAJKKE|F5B20DRAFT_mRNA540155	PF01230.30,PF04677.21,PF11969.14	Partial	None
gene-F5B20DRAFT_589372	rna-gnl|WGS:JAJKKE|F5B20DRAFT_mRNA589372	PF13095.13	Partial	None
gene-F5B20DRAFT_580332	rna-gnl|WGS:JAJKKE|F5B20DRAFT_mRNA580332	PF01177.28,PF17645.7	Partial	None
gene-F5B20DRAFT_107606	rna-gnl|WGS:JAJKKE|F5B20DRAFT_mRNA107606	PF02230.23	Partial	None
gene-F5B20DRAFT_107637	rna-gnl|WGS:JAJKKE|F5B20DRAFT_mRNA107637	PF01501.27,PF06427.18,PF18400.8,PF18401.8,PF18402.8,PF18403.8,PF18404.8	Complete	None
gene-F5B20DRAFT_540165	rna-gnl|WGS:JAJKKE|F5B20DRAFT_mRNA540165	PF00400.39,PF00400.39,PF00400.39,PF00400.39,PF00400.39,PF04053.21,PF06957.18,PF23953.2	Complete	None
gene-F5B20DRAFT_540170	rna-gnl|WGS:JAJKKE|F5B20DRAFT_mRNA540170	PF10075.16	Complete	None
gene-F5B20DRAFT_107741	rna-gnl|WGS:JAJKKE|F5B20DRAFT_mRNA107741	PF08238.19,PF08238.19,PF08238.19	Complete	None
gene-F5B20DRAFT_589380	rna-gnl|WGS:JAJKKE|F5B20DRAFT_mRNA589380		None	None
gene-F5B20DRAFT_107978	rna-gnl|WGS:JAJKKE|F5B20DRAFT_mRNA107978	PF00176.30,PF00271.38,PF04851.22,PF08658.16	Complete	None
gene-F5B20DRAFT_107987	rna-gnl|WGS:JAJKKE|F5B20DRAFT_mRNA107987	PF00153.33,PF00153.33,PF00153.33	Complete	None
gene-F5B20DRAFT_580341	rna-gnl|WGS:JAJKKE|F5B20DRAFT_mRNA580341		None	None
gene-F5B20DRAFT_540189	rna-gnl|WGS:JAJKKE|F5B20DRAFT_mRNA540189	PF00400.39,PF08596.17	Complete	None
gene-F5B20DRAFT_540190	rna-gnl|WGS:JAJKKE|F5B20DRAFT_mRNA540190	PF00933.28,PF01915.28,PF14310.13	Complete	None
gene-F5B20DRAFT_580344	rna-gnl|WGS:JAJKKE|F5B20DRAFT_mRNA580344		None	None
gene-F5B20DRAFT_540192	rna-gnl|WGS:JAJKKE|F5B20DRAFT_mRNA540192	PF00133.29,PF08264.20,PF09334.18,PF19302.6	Complete	None
gene-F5B20DRAFT_589386	rna-gnl|WGS:JAJKKE|F5B20DRAFT_mRNA589386		None	None
gene-F5B20DRAFT_540202	rna-gnl|WGS:JAJKKE|F5B20DRAFT_mRNA540202	PF00561.27,PF12146.16,PF12697.14	Partial	None
gene-F5B20DRAFT_589388	rna-gnl|WGS:JAJKKE|F5B20DRAFT_mRNA589388		None	None
gene-F5B20DRAFT_589392	rna-gnl|WGS:JAJKKE|F5B20DRAFT_mRNA589392	PF13454.13	Partial	None
gene-F5B20DRAFT_589398	rna-gnl|WGS:JAJKKE|F5B20DRAFT_mRNA589398	PF12340.14,PF12359.14,PF20255.4	Complete	None
gene-F5B20DRAFT_540214	rna-gnl|WGS:JAJKKE|F5B20DRAFT_mRNA540214		None	None
gene-F5B20DRAFT_540215	rna-gnl|WGS:JAJKKE|F5B20DRAFT_mRNA540215		None	None
gene-F5B20DRAFT_540218	rna-gnl|WGS:JAJKKE|F5B20DRAFT_mRNA540218	PF09044.16	Partial	None
gene-F5B20DRAFT_589402	rna-gnl|WGS:JAJKKE|F5B20DRAFT_mRNA589402	PF13086.13,PF13087.13,PF13245.13,PF20173.4	Complete	None
gene-F5B20DRAFT_540227	rna-gnl|WGS:JAJKKE|F5B20DRAFT_mRNA540227	PF07690.22	Partial	None
gene-F5B20DRAFT_540230	rna-gnl|WGS:JAJKKE|F5B20DRAFT_mRNA540230	PF04515.19	Partial	None
gene-F5B20DRAFT_589403	rna-gnl|WGS:JAJKKE|F5B20DRAFT_mRNA589403	PF20684.4	Partial	None
gene-F5B20DRAFT_570435	rna-gnl|WGS:JAJKKE|F5B20DRAFT_mRNA570435	PF06985.18,PF26639.1	Complete	None
gene-F5B20DRAFT_540235	rna-gnl|WGS:JAJKKE|F5B20DRAFT_mRNA540235	PF00083.31,PF06609.19,PF07690.22	Partial	None
gene-F5B20DRAFT_570437	rna-gnl|WGS:JAJKKE|F5B20DRAFT_mRNA570437	PF06985.18	Partial	None
gene-F5B20DRAFT_108389	rna-gnl|WGS:JAJKKE|F5B20DRAFT_mRNA108389		None	None
gene-F5B20DRAFT_540242	rna-gnl|WGS:JAJKKE|F5B20DRAFT_mRNA540242	PF07876.19	Partial	None
gene-F5B20DRAFT_540243	rna-gnl|WGS:JAJKKE|F5B20DRAFT_mRNA540243	PF01565.29	Partial	None
gene-F5B20DRAFT_540245	rna-gnl|WGS:JAJKKE|F5B20DRAFT_mRNA540245	PF00646.39,PF12937.13	Partial	None
gene-F5B20DRAFT_108428	rna-gnl|WGS:JAJKKE|F5B20DRAFT_mRNA108428		None	None
gene-F5B20DRAFT_580365	rna-gnl|WGS:JAJKKE|F5B20DRAFT_mRNA580365		None	None
gene-F5B20DRAFT_589409	rna-gnl|WGS:JAJKKE|F5B20DRAFT_mRNA589409	PF07690.22	Partial	None
gene-F5B20DRAFT_540248	rna-gnl|WGS:JAJKKE|F5B20DRAFT_mRNA540248	PF03959.20	Partial	None
gene-F5B20DRAFT_540250	rna-gnl|WGS:JAJKKE|F5B20DRAFT_mRNA540250		None	None
gene-F5B20DRAFT_108539	rna-gnl|WGS:JAJKKE|F5B20DRAFT_mRNA108539	PF08241.19,PF08242.19,PF13489.13,PF13649.13,PF13847.13	Complete	None
gene-F5B20DRAFT_108527	rna-gnl|WGS:JAJKKE|F5B20DRAFT_mRNA108527	PF00891.25	Partial	None
gene-F5B20DRAFT_t39	gene-F5B20DRAFT_t39		None	None
gene-F5B20DRAFT_108465	rna-gnl|WGS:JAJKKE|F5B20DRAFT_mRNA108465	PF06500.18,PF12697.14	Partial	None
gene-F5B20DRAFT_108464	rna-gnl|WGS:JAJKKE|F5B20DRAFT_mRNA108464	PF00172.24,PF11951.14	Partial	None
gene-F5B20DRAFT_540265	rna-gnl|WGS:JAJKKE|F5B20DRAFT_mRNA540265	PF00107.33,PF08240.18,PF13602.13	Partial	None
gene-F5B20DRAFT_540266	rna-gnl|WGS:JAJKKE|F5B20DRAFT_mRNA540266		None	None
gene-F5B20DRAFT_540268	rna-gnl|WGS:JAJKKE|F5B20DRAFT_mRNA540268		None	None
gene-F5B20DRAFT_108630	rna-gnl|WGS:JAJKKE|F5B20DRAFT_mRNA108630	PF00097.32,PF13639.13	Partial	None
gene-F5B20DRAFT_108637	rna-gnl|WGS:JAJKKE|F5B20DRAFT_mRNA108637	PF11719.14	Partial	None
gene-F5B20DRAFT_589413	rna-gnl|WGS:JAJKKE|F5B20DRAFT_mRNA589413	PF08881.16	Partial	None
gene-F5B20DRAFT_589419	rna-gnl|WGS:JAJKKE|F5B20DRAFT_mRNA589419	PF20684.4	Partial	None
gene-F5B20DRAFT_589422	rna-gnl|WGS:JAJKKE|F5B20DRAFT_mRNA589422	PF01565.29,PF08031.18	Complete	None
gene-F5B20DRAFT_589424	rna-gnl|WGS:JAJKKE|F5B20DRAFT_mRNA589424		None	None
gene-F5B20DRAFT_540273	rna-gnl|WGS:JAJKKE|F5B20DRAFT_mRNA540273	PF00106.32,PF08659.17,PF13561.13	Partial	None
gene-F5B20DRAFT_540274	rna-gnl|WGS:JAJKKE|F5B20DRAFT_mRNA540274		None	None
gene-F5B20DRAFT_570456	rna-gnl|WGS:JAJKKE|F5B20DRAFT_mRNA570456	PF00394.29,PF07731.21,PF07732.22	Complete	None
gene-F5B20DRAFT_580386	rna-gnl|WGS:JAJKKE|F5B20DRAFT_mRNA580386	PF00107.33,PF08240.18	Partial	None
gene-F5B20DRAFT_108833	rna-gnl|WGS:JAJKKE|F5B20DRAFT_mRNA108833		None	None
gene-F5B20DRAFT_540289	rna-gnl|WGS:JAJKKE|F5B20DRAFT_mRNA540289		None	None
gene-F5B20DRAFT_540292	rna-gnl|WGS:JAJKKE|F5B20DRAFT_mRNA540292	PF00225.30,PF16796.12	Partial	None
gene-F5B20DRAFT_570460	rna-gnl|WGS:JAJKKE|F5B20DRAFT_mRNA570460	PF00067.28	Partial	None
gene-F5B20DRAFT_589434	rna-gnl|WGS:JAJKKE|F5B20DRAFT_mRNA589434	PF07690.22	Partial	None
gene-F5B20DRAFT_580392	rna-gnl|WGS:JAJKKE|F5B20DRAFT_mRNA580392	PF01987.24	Partial	None
gene-F5B20DRAFT_580393	rna-gnl|WGS:JAJKKE|F5B20DRAFT_mRNA580393	PF01565.29	Partial	None
gene-F5B20DRAFT_540321	rna-gnl|WGS:JAJKKE|F5B20DRAFT_mRNA540321		None	None
gene-F5B20DRAFT_540322	rna-gnl|WGS:JAJKKE|F5B20DRAFT_mRNA540322	PF01504.25	Partial	None
gene-F5B20DRAFT_570465	rna-gnl|WGS:JAJKKE|F5B20DRAFT_mRNA570465	PF01369.26,PF15410.13	Complete	None
gene-F5B20DRAFT_110000	rna-gnl|WGS:JAJKKE|F5B20DRAFT_mRNA110000	PF09996.15	Partial	None
gene-F5B20DRAFT_109723	rna-gnl|WGS:JAJKKE|F5B20DRAFT_mRNA109723		None	None
gene-F5B20DRAFT_540353	rna-gnl|WGS:JAJKKE|F5B20DRAFT_mRNA540353	PF17111.12,PF22893.3	Complete	None
gene-F5B20DRAFT_540358	rna-gnl|WGS:JAJKKE|F5B20DRAFT_mRNA540358		None	None
gene-F5B20DRAFT_540359	rna-gnl|WGS:JAJKKE|F5B20DRAFT_mRNA540359		None	None
gene-F5B20DRAFT_540360	rna-gnl|WGS:JAJKKE|F5B20DRAFT_mRNA540360	PF30933.1,PF30934.1	Complete	None
gene-F5B20DRAFT_540364	rna-gnl|WGS:JAJKKE|F5B20DRAFT_mRNA540364	PF00023.37,PF12796.14,PF13606.13,PF13637.13,PF13637.13,PF13857.13	Partial	None
gene-F5B20DRAFT_110226	rna-gnl|WGS:JAJKKE|F5B20DRAFT_mRNA110226		None	None
gene-F5B20DRAFT_110506	rna-gnl|WGS:JAJKKE|F5B20DRAFT_mRNA110506		None	None
gene-F5B20DRAFT_580406	rna-gnl|WGS:JAJKKE|F5B20DRAFT_mRNA580406	PF00378.26,PF16113.11	Partial	None
gene-F5B20DRAFT_110415	rna-gnl|WGS:JAJKKE|F5B20DRAFT_mRNA110415	PF11160.14	Partial	None
gene-F5B20DRAFT_580408	rna-gnl|WGS:JAJKKE|F5B20DRAFT_mRNA580408	PF20684.4	Partial	None
gene-F5B20DRAFT_540382	rna-gnl|WGS:JAJKKE|F5B20DRAFT_mRNA540382	PF16483.11	Partial	None
gene-F5B20DRAFT_540387	rna-gnl|WGS:JAJKKE|F5B20DRAFT_mRNA540387	PF03894.21,PF09363.16,PF09364.16	Complete	None
gene-F5B20DRAFT_110805	rna-gnl|WGS:JAJKKE|F5B20DRAFT_mRNA110805	PF03171.27,PF14226.13	Complete	None
gene-F5B20DRAFT_110792	rna-gnl|WGS:JAJKKE|F5B20DRAFT_mRNA110792		None	None
gene-F5B20DRAFT_110797	rna-gnl|WGS:JAJKKE|F5B20DRAFT_mRNA110797	PF00067.28	Partial	None
gene-F5B20DRAFT_110787	rna-gnl|WGS:JAJKKE|F5B20DRAFT_mRNA110787	PF00806.26,PF00806.26,PF22493.3	Complete	None
gene-F5B20DRAFT_110783	rna-gnl|WGS:JAJKKE|F5B20DRAFT_mRNA110783		None	None
gene-F5B20DRAFT_589462	rna-gnl|WGS:JAJKKE|F5B20DRAFT_mRNA589462		None	None
gene-F5B20DRAFT_110911	rna-gnl|WGS:JAJKKE|F5B20DRAFT_mRNA110911		None	None
gene-F5B20DRAFT_110944	rna-gnl|WGS:JAJKKE|F5B20DRAFT_mRNA110944		None	None
gene-F5B20DRAFT_t40	gene-F5B20DRAFT_t40		None	None
gene-F5B20DRAFT_540418	rna-gnl|WGS:JAJKKE|F5B20DRAFT_mRNA540418	PF00282.26,PF01212.28	Partial	None
gene-F5B20DRAFT_111100	rna-gnl|WGS:JAJKKE|F5B20DRAFT_mRNA111100		None	None
gene-F5B20DRAFT_111105	rna-gnl|WGS:JAJKKE|F5B20DRAFT_mRNA111105	PF00439.31,PF07524.20	Complete	None
gene-F5B20DRAFT_580423	rna-gnl|WGS:JAJKKE|F5B20DRAFT_mRNA580423		None	None
gene-F5B20DRAFT_540427	rna-gnl|WGS:JAJKKE|F5B20DRAFT_mRNA540427	PF24883.3,PF25053.1	Complete	None
gene-F5B20DRAFT_540428	rna-gnl|WGS:JAJKKE|F5B20DRAFT_mRNA540428	PF07690.22	Partial	None
gene-F5B20DRAFT_540432	rna-gnl|WGS:JAJKKE|F5B20DRAFT_mRNA540432	PF07985.19	Partial	None
gene-F5B20DRAFT_540436	rna-gnl|WGS:JAJKKE|F5B20DRAFT_mRNA540436	PF25009.2,PF25289.2	Complete	None
gene-F5B20DRAFT_540438	rna-gnl|WGS:JAJKKE|F5B20DRAFT_mRNA540438	PF00026.29,PF14543.12	Partial	None
gene-F5B20DRAFT_111316	rna-gnl|WGS:JAJKKE|F5B20DRAFT_mRNA111316	PF00464.26	Partial	None
gene-F5B20DRAFT_540446	rna-gnl|WGS:JAJKKE|F5B20DRAFT_mRNA540446		None	None
gene-F5B20DRAFT_589480	rna-gnl|WGS:JAJKKE|F5B20DRAFT_mRNA589480	PF13207.13	Partial	None
gene-F5B20DRAFT_580431	rna-gnl|WGS:JAJKKE|F5B20DRAFT_mRNA580431	PF09792.15	Partial	None
gene-F5B20DRAFT_111422	rna-gnl|WGS:JAJKKE|F5B20DRAFT_mRNA111422		None	None
gene-F5B20DRAFT_540452	rna-gnl|WGS:JAJKKE|F5B20DRAFT_mRNA540452		None	None
gene-F5B20DRAFT_112078	rna-gnl|WGS:JAJKKE|F5B20DRAFT_mRNA112078	PF08208.17	Partial	None
gene-F5B20DRAFT_111833	rna-gnl|WGS:JAJKKE|F5B20DRAFT_mRNA111833	PF16575.12	Partial	None
gene-F5B20DRAFT_111747	rna-gnl|WGS:JAJKKE|F5B20DRAFT_mRNA111747	PF01494.26,PF07976.20	Complete	None
gene-F5B20DRAFT_111580	rna-gnl|WGS:JAJKKE|F5B20DRAFT_mRNA111580	PF00023.37,PF00023.37,PF12796.14	Complete	None
gene-F5B20DRAFT_111868	rna-gnl|WGS:JAJKKE|F5B20DRAFT_mRNA111868	PF03648.20,PF07477.18,PF07488.19	Complete	None
gene-F5B20DRAFT_111941	rna-gnl|WGS:JAJKKE|F5B20DRAFT_mRNA111941		None	None
gene-F5B20DRAFT_540499	rna-gnl|WGS:JAJKKE|F5B20DRAFT_mRNA540499		None	None
gene-F5B20DRAFT_112333	rna-gnl|WGS:JAJKKE|F5B20DRAFT_mRNA112333	PF00106.32,PF00107.33,PF00109.33,PF00698.27,PF02801.29,PF08240.18,PF08659.17,PF14765.13,PF16197.12,PF21089.4,PF23114.1,PF23297.2	Complete	None
gene-F5B20DRAFT_580441	rna-gnl|WGS:JAJKKE|F5B20DRAFT_mRNA580441	PF07992.21,PF13434.13,PF13738.13	Partial	None
gene-F5B20DRAFT_540543	rna-gnl|WGS:JAJKKE|F5B20DRAFT_mRNA540543		None	None
gene-F5B20DRAFT_112414	rna-gnl|WGS:JAJKKE|F5B20DRAFT_mRNA112414	PF00145.24,PF25423.2	Complete	None
gene-F5B20DRAFT_112412	rna-gnl|WGS:JAJKKE|F5B20DRAFT_mRNA112412		None	None
gene-F5B20DRAFT_580445	rna-gnl|WGS:JAJKKE|F5B20DRAFT_mRNA580445	PF02582.20	Partial	None
gene-F5B20DRAFT_112446	rna-gnl|WGS:JAJKKE|F5B20DRAFT_mRNA112446		None	None
gene-F5B20DRAFT_112469	rna-gnl|WGS:JAJKKE|F5B20DRAFT_mRNA112469		None	None
gene-F5B20DRAFT_112472	rna-gnl|WGS:JAJKKE|F5B20DRAFT_mRNA112472	PF00328.28	Partial	None
gene-F5B20DRAFT_589490	rna-gnl|WGS:JAJKKE|F5B20DRAFT_mRNA589490	PF00083.31,PF06609.19,PF07690.22	Partial	None
gene-F5B20DRAFT_112491	rna-gnl|WGS:JAJKKE|F5B20DRAFT_mRNA112491		None	None
gene-F5B20DRAFT_580451	rna-gnl|WGS:JAJKKE|F5B20DRAFT_mRNA580451	PF31265.1,PF31270.1,PF31270.1	Complete	None
gene-F5B20DRAFT_580452	rna-gnl|WGS:JAJKKE|F5B20DRAFT_mRNA580452	PF00282.26	Partial	None
gene-F5B20DRAFT_540566	rna-gnl|WGS:JAJKKE|F5B20DRAFT_mRNA540566	PF00083.31,PF07690.22	Partial	None
gene-F5B20DRAFT_540573	rna-gnl|WGS:JAJKKE|F5B20DRAFT_mRNA540573		None	None
gene-F5B20DRAFT_589492	rna-gnl|WGS:JAJKKE|F5B20DRAFT_mRNA589492		None	None
gene-F5B20DRAFT_540575	rna-gnl|WGS:JAJKKE|F5B20DRAFT_mRNA540575	PF01613.25	Partial	None
gene-F5B20DRAFT_540582	rna-gnl|WGS:JAJKKE|F5B20DRAFT_mRNA540582	PF00709.28	Partial	None
gene-F5B20DRAFT_589494	rna-gnl|WGS:JAJKKE|F5B20DRAFT_mRNA589494	PF00004.36,PF07728.21,PF23232.2	Complete	None
gene-F5B20DRAFT_589497	rna-gnl|WGS:JAJKKE|F5B20DRAFT_mRNA589497	PF04082.24	Partial	None
gene-F5B20DRAFT_540591	rna-gnl|WGS:JAJKKE|F5B20DRAFT_mRNA540591	PF13181.13,PF13432.13,PF13432.13,PF18833.8	Complete	None
gene-F5B20DRAFT_540592	rna-gnl|WGS:JAJKKE|F5B20DRAFT_mRNA540592	PF00150.25,PF18564.8	Complete	None
gene-F5B20DRAFT_112750	rna-gnl|WGS:JAJKKE|F5B20DRAFT_mRNA112750	PF00069.32,PF07714.24,PF14531.13,PF28886.1	Complete	None
gene-F5B20DRAFT_580463	rna-gnl|WGS:JAJKKE|F5B20DRAFT_mRNA580463		None	None
gene-F5B20DRAFT_t41	gene-F5B20DRAFT_t41		None	None
gene-F5B20DRAFT_112781	rna-gnl|WGS:JAJKKE|F5B20DRAFT_mRNA112781	PF05730.17	Partial	None
gene-F5B20DRAFT_540606	rna-gnl|WGS:JAJKKE|F5B20DRAFT_mRNA540606		None	None
gene-F5B20DRAFT_112826	rna-gnl|WGS:JAJKKE|F5B20DRAFT_mRNA112826	PF01370.28,PF05368.20,PF13460.13	Partial	None
gene-F5B20DRAFT_112851	rna-gnl|WGS:JAJKKE|F5B20DRAFT_mRNA112851	PF00743.26,PF13450.13	Partial	None
gene-F5B20DRAFT_112856	rna-gnl|WGS:JAJKKE|F5B20DRAFT_mRNA112856	PF00172.24,PF04082.24	Partial	None
gene-F5B20DRAFT_112909	rna-gnl|WGS:JAJKKE|F5B20DRAFT_mRNA112909	PF00753.34,PF12706.14	Partial	None
gene-F5B20DRAFT_540617	rna-gnl|WGS:JAJKKE|F5B20DRAFT_mRNA540617		None	None
gene-F5B20DRAFT_540619	rna-gnl|WGS:JAJKKE|F5B20DRAFT_mRNA540619		None	None
gene-F5B20DRAFT_540625	rna-gnl|WGS:JAJKKE|F5B20DRAFT_mRNA540625	PF00005.34,PF00005.34,PF00664.29,PF00664.29,PF24357.2	Complete	None
gene-F5B20DRAFT_113045	rna-gnl|WGS:JAJKKE|F5B20DRAFT_mRNA113045	PF06687.18	Partial	None
gene-F5B20DRAFT_540631	rna-gnl|WGS:JAJKKE|F5B20DRAFT_mRNA540631	PF00069.32,PF03109.23,PF07714.24	Partial	None
gene-F5B20DRAFT_570498	rna-gnl|WGS:JAJKKE|F5B20DRAFT_mRNA570498	PF03547.24	Partial	None
gene-F5B20DRAFT_113111	rna-gnl|WGS:JAJKKE|F5B20DRAFT_mRNA113111	PF02146.24	Partial	None
gene-F5B20DRAFT_580478	rna-gnl|WGS:JAJKKE|F5B20DRAFT_mRNA580478		None	None
gene-F5B20DRAFT_589501	rna-gnl|WGS:JAJKKE|F5B20DRAFT_mRNA589501	PF05042.20	Partial	None
gene-F5B20DRAFT_113320	rna-gnl|WGS:JAJKKE|F5B20DRAFT_mRNA113320		None	None
gene-F5B20DRAFT_540686	rna-gnl|WGS:JAJKKE|F5B20DRAFT_mRNA540686	PF06027.19,PF08627.17	Partial	None
gene-F5B20DRAFT_540713	rna-gnl|WGS:JAJKKE|F5B20DRAFT_mRNA540713		None	None
gene-F5B20DRAFT_540715	rna-gnl|WGS:JAJKKE|F5B20DRAFT_mRNA540715		None	None
gene-F5B20DRAFT_580483	rna-gnl|WGS:JAJKKE|F5B20DRAFT_mRNA580483	PF13911.13	Partial	None
gene-F5B20DRAFT_113692	rna-gnl|WGS:JAJKKE|F5B20DRAFT_mRNA113692	PF01909.30,PF03828.25,PF22600.3	Complete	None
gene-F5B20DRAFT_580485	rna-gnl|WGS:JAJKKE|F5B20DRAFT_mRNA580485		None	None
gene-F5B20DRAFT_t47	gene-F5B20DRAFT_t47		None	None
gene-F5B20DRAFT_540736	rna-gnl|WGS:JAJKKE|F5B20DRAFT_mRNA540736	PF00075.31	Partial	None
gene-F5B20DRAFT_113843	rna-gnl|WGS:JAJKKE|F5B20DRAFT_mRNA113843	PF00106.32,PF08659.17,PF13561.13	Partial	None
gene-F5B20DRAFT_113856	rna-gnl|WGS:JAJKKE|F5B20DRAFT_mRNA113856	PF00194.27	Partial	None
gene-F5B20DRAFT_113887	rna-gnl|WGS:JAJKKE|F5B20DRAFT_mRNA113887	PF00899.28	Partial	None
gene-F5B20DRAFT_113891	rna-gnl|WGS:JAJKKE|F5B20DRAFT_mRNA113891	PF00293.35	Partial	None
gene-F5B20DRAFT_113973	rna-gnl|WGS:JAJKKE|F5B20DRAFT_mRNA113973	PF00106.32,PF13561.13,PF23441.1	Partial	None
gene-F5B20DRAFT_t43	gene-F5B20DRAFT_t43		None	None
gene-F5B20DRAFT_113972	rna-gnl|WGS:JAJKKE|F5B20DRAFT_mRNA113972	PF02182.24	Partial	None
gene-F5B20DRAFT_540747	rna-gnl|WGS:JAJKKE|F5B20DRAFT_mRNA540747	PF00561.27	Partial	None
gene-F5B20DRAFT_540748	rna-gnl|WGS:JAJKKE|F5B20DRAFT_mRNA540748		None	None
gene-F5B20DRAFT_114008	rna-gnl|WGS:JAJKKE|F5B20DRAFT_mRNA114008	PF02668.23	Partial	None
gene-F5B20DRAFT_540755	rna-gnl|WGS:JAJKKE|F5B20DRAFT_mRNA540755		None	None
gene-F5B20DRAFT_114068	rna-gnl|WGS:JAJKKE|F5B20DRAFT_mRNA114068	PF00501.35,PF13193.13	Complete	None
gene-F5B20DRAFT_540758	rna-gnl|WGS:JAJKKE|F5B20DRAFT_mRNA540758		None	None
gene-F5B20DRAFT_580498	rna-gnl|WGS:JAJKKE|F5B20DRAFT_mRNA580498	PF06985.18	Partial	None
gene-F5B20DRAFT_589511	rna-gnl|WGS:JAJKKE|F5B20DRAFT_mRNA589511	PF07690.22	Partial	None
gene-F5B20DRAFT_589513	rna-gnl|WGS:JAJKKE|F5B20DRAFT_mRNA589513	PF00498.32	Complete	None
gene-F5B20DRAFT_114200	rna-gnl|WGS:JAJKKE|F5B20DRAFT_mRNA114200	PF10247.15	Partial	None
gene-F5B20DRAFT_570514	rna-gnl|WGS:JAJKKE|F5B20DRAFT_mRNA570514	PF00394.29,PF07731.21,PF07732.22	Complete	None
gene-F5B20DRAFT_114289	rna-gnl|WGS:JAJKKE|F5B20DRAFT_mRNA114289	PF00025.28,PF00071.29,PF04670.19,PF08477.20	Partial	None
gene-F5B20DRAFT_540789	rna-gnl|WGS:JAJKKE|F5B20DRAFT_mRNA540789	PF10197.15,PF12542.14	Partial	None
gene-F5B20DRAFT_540790	rna-gnl|WGS:JAJKKE|F5B20DRAFT_mRNA540790	PF01399.34	Complete	None
gene-F5B20DRAFT_589517	rna-gnl|WGS:JAJKKE|F5B20DRAFT_mRNA589517	PF05368.20,PF13460.13	Partial	None
gene-F5B20DRAFT_540793	rna-gnl|WGS:JAJKKE|F5B20DRAFT_mRNA540793	PF00293.35	Partial	None
gene-F5B20DRAFT_540795	rna-gnl|WGS:JAJKKE|F5B20DRAFT_mRNA540795		None	None
gene-F5B20DRAFT_114368	rna-gnl|WGS:JAJKKE|F5B20DRAFT_mRNA114368	PF00097.32,PF00176.30,PF00271.38,PF13445.13	Complete	None
gene-F5B20DRAFT_580509	rna-gnl|WGS:JAJKKE|F5B20DRAFT_mRNA580509	PF10156.15	Partial	None
gene-F5B20DRAFT_540804	rna-gnl|WGS:JAJKKE|F5B20DRAFT_mRNA540804	PF00365.26,PF00365.26	Partial	None
gene-F5B20DRAFT_540807	rna-gnl|WGS:JAJKKE|F5B20DRAFT_mRNA540807		None	None
gene-F5B20DRAFT_540809	rna-gnl|WGS:JAJKKE|F5B20DRAFT_mRNA540809		None	None
gene-F5B20DRAFT_540812	rna-gnl|WGS:JAJKKE|F5B20DRAFT_mRNA540812	PF00172.24,PF04082.24	Partial	None
gene-F5B20DRAFT_540815	rna-gnl|WGS:JAJKKE|F5B20DRAFT_mRNA540815	PF10785.15,PF12853.13	Partial	None
gene-F5B20DRAFT_114475	rna-gnl|WGS:JAJKKE|F5B20DRAFT_mRNA114475	PF07962.18	Partial	None
gene-F5B20DRAFT_t46	gene-F5B20DRAFT_t46		None	None
gene-F5B20DRAFT_114589	rna-gnl|WGS:JAJKKE|F5B20DRAFT_mRNA114589	PF00270.36,PF00271.38,PF04851.22,PF08148.18,PF13234.13,PF17911.7,PF21408.3,PF22527.3	Complete	None
gene-F5B20DRAFT_114633	rna-gnl|WGS:JAJKKE|F5B20DRAFT_mRNA114633	PF03357.27	Partial	None
gene-F5B20DRAFT_589521	rna-gnl|WGS:JAJKKE|F5B20DRAFT_mRNA589521		None	None
gene-F5B20DRAFT_114873	rna-gnl|WGS:JAJKKE|F5B20DRAFT_mRNA114873		None	None
gene-F5B20DRAFT_540866	rna-gnl|WGS:JAJKKE|F5B20DRAFT_mRNA540866		None	None
gene-F5B20DRAFT_114877	rna-gnl|WGS:JAJKKE|F5B20DRAFT_mRNA114877	PF01408.29,PF22685.2	Partial	None
gene-F5B20DRAFT_540868	rna-gnl|WGS:JAJKKE|F5B20DRAFT_mRNA540868		None	None
gene-F5B20DRAFT_540872	rna-gnl|WGS:JAJKKE|F5B20DRAFT_mRNA540872		None	None
gene-F5B20DRAFT_540874	rna-gnl|WGS:JAJKKE|F5B20DRAFT_mRNA540874	PF01370.28,PF03435.25,PF05368.20,PF13460.13	Partial	None
gene-F5B20DRAFT_540877	rna-gnl|WGS:JAJKKE|F5B20DRAFT_mRNA540877	PF00083.31,PF07690.22	Partial	None
gene-F5B20DRAFT_580526	rna-gnl|WGS:JAJKKE|F5B20DRAFT_mRNA580526		None	None
gene-F5B20DRAFT_589530	rna-gnl|WGS:JAJKKE|F5B20DRAFT_mRNA589530		None	None
gene-F5B20DRAFT_540881	rna-gnl|WGS:JAJKKE|F5B20DRAFT_mRNA540881	PF14856.12	Partial	None
gene-F5B20DRAFT_540883	rna-gnl|WGS:JAJKKE|F5B20DRAFT_mRNA540883		None	None
gene-F5B20DRAFT_114988	rna-gnl|WGS:JAJKKE|F5B20DRAFT_mRNA114988	PF07690.22	Partial	None
gene-F5B20DRAFT_540890	rna-gnl|WGS:JAJKKE|F5B20DRAFT_mRNA540890	PF20150.5	Partial	None
gene-F5B20DRAFT_115122	rna-gnl|WGS:JAJKKE|F5B20DRAFT_mRNA115122	PF01209.25,PF02353.27,PF08241.19,PF08242.19,PF08498.16,PF13489.13,PF13649.13,PF13847.13	Complete	None
gene-F5B20DRAFT_580531	rna-gnl|WGS:JAJKKE|F5B20DRAFT_mRNA580531	PF02779.30,PF02780.26	Complete	None
gene-F5B20DRAFT_540909	rna-gnl|WGS:JAJKKE|F5B20DRAFT_mRNA540909	PF01209.25,PF08241.19,PF08242.19,PF13489.13,PF13649.13	Partial	None
gene-F5B20DRAFT_570537	rna-gnl|WGS:JAJKKE|F5B20DRAFT_mRNA570537	PF00067.28	Partial	None
gene-F5B20DRAFT_115667	rna-gnl|WGS:JAJKKE|F5B20DRAFT_mRNA115667	PF00293.35	Partial	None
gene-F5B20DRAFT_115734	rna-gnl|WGS:JAJKKE|F5B20DRAFT_mRNA115734	PF04433.24	Complete	None
gene-F5B20DRAFT_540931	rna-gnl|WGS:JAJKKE|F5B20DRAFT_mRNA540931	PF00106.32,PF08659.17,PF13561.13	Partial	None
gene-F5B20DRAFT_589538	rna-gnl|WGS:JAJKKE|F5B20DRAFT_mRNA589538	PF00083.31,PF06609.19,PF07690.22	Partial	None
gene-F5B20DRAFT_540937	rna-gnl|WGS:JAJKKE|F5B20DRAFT_mRNA540937	PF01966.29	Partial	None
gene-F5B20DRAFT_115802	rna-gnl|WGS:JAJKKE|F5B20DRAFT_mRNA115802	PF02671.27,PF14479.12	Complete	None
gene-F5B20DRAFT_570542	rna-gnl|WGS:JAJKKE|F5B20DRAFT_mRNA570542	PF00732.26,PF00890.31,PF05199.20	Complete	None
gene-F5B20DRAFT_115821	rna-gnl|WGS:JAJKKE|F5B20DRAFT_mRNA115821	PF20882.3	Partial	None
gene-F5B20DRAFT_540954	rna-gnl|WGS:JAJKKE|F5B20DRAFT_mRNA540954		None	None
gene-F5B20DRAFT_115928	rna-gnl|WGS:JAJKKE|F5B20DRAFT_mRNA115928	PF00097.32,PF02225.28,PF12678.14,PF13445.13,PF13639.13,PF13923.13,PF17123.12	Complete	None
gene-F5B20DRAFT_580544	rna-gnl|WGS:JAJKKE|F5B20DRAFT_mRNA580544	PF08881.16	Partial	None
gene-F5B20DRAFT_580545	rna-gnl|WGS:JAJKKE|F5B20DRAFT_mRNA580545	PF00172.24	Complete	None
gene-F5B20DRAFT_580546	rna-gnl|WGS:JAJKKE|F5B20DRAFT_mRNA580546	PF00271.38	Partial	None
gene-F5B20DRAFT_540967	rna-gnl|WGS:JAJKKE|F5B20DRAFT_mRNA540967		None	None
gene-F5B20DRAFT_589544	rna-gnl|WGS:JAJKKE|F5B20DRAFT_mRNA589544	PF12770.13	Complete	None
gene-F5B20DRAFT_589550	rna-gnl|WGS:JAJKKE|F5B20DRAFT_mRNA589550	PF00656.28,PF31181.1	Partial	None
gene-F5B20DRAFT_115994	rna-gnl|WGS:JAJKKE|F5B20DRAFT_mRNA115994		None	None
gene-F5B20DRAFT_115988	rna-gnl|WGS:JAJKKE|F5B20DRAFT_mRNA115988	PF00621.26,PF00780.29,PF15405.13,PF23582.2	Complete	None
gene-F5B20DRAFT_540989	rna-gnl|WGS:JAJKKE|F5B20DRAFT_mRNA540989	PF00080.26	Partial	None
gene-F5B20DRAFT_540997	rna-gnl|WGS:JAJKKE|F5B20DRAFT_mRNA540997	PF00565.24,PF00565.24,PF00565.24,PF00565.24,PF00567.31	Complete	None
gene-F5B20DRAFT_541004	rna-gnl|WGS:JAJKKE|F5B20DRAFT_mRNA541004		None	None
gene-F5B20DRAFT_116402	rna-gnl|WGS:JAJKKE|F5B20DRAFT_mRNA116402	PF00923.26	Partial	None
gene-F5B20DRAFT_116450	rna-gnl|WGS:JAJKKE|F5B20DRAFT_mRNA116450	PF00149.34	Partial	None
gene-F5B20DRAFT_541013	rna-gnl|WGS:JAJKKE|F5B20DRAFT_mRNA541013	PF10203.15	Partial	None
gene-F5B20DRAFT_116391	rna-gnl|WGS:JAJKKE|F5B20DRAFT_mRNA116391	PF00561.27,PF04083.23	Partial	None
gene-F5B20DRAFT_570553	rna-gnl|WGS:JAJKKE|F5B20DRAFT_mRNA570553	PF00743.26,PF13450.13	Partial	None
gene-F5B20DRAFT_541020	rna-gnl|WGS:JAJKKE|F5B20DRAFT_mRNA541020	PF09471.16	Partial	None
gene-F5B20DRAFT_541029	rna-gnl|WGS:JAJKKE|F5B20DRAFT_mRNA541029	PF00732.26,PF05199.20,PF05834.19	Complete	None
gene-F5B20DRAFT_116663	rna-gnl|WGS:JAJKKE|F5B20DRAFT_mRNA116663	PF00070.34,PF01266.31,PF13450.13	Partial	None
gene-F5B20DRAFT_541033	rna-gnl|WGS:JAJKKE|F5B20DRAFT_mRNA541033	PF19343.6,PF19343.6	Partial	None
gene-F5B20DRAFT_116659	rna-gnl|WGS:JAJKKE|F5B20DRAFT_mRNA116659	PF00288.33,PF08544.19	Complete	None
gene-F5B20DRAFT_541052	rna-gnl|WGS:JAJKKE|F5B20DRAFT_mRNA541052	PF04479.19	Partial	None
gene-F5B20DRAFT_541056	rna-gnl|WGS:JAJKKE|F5B20DRAFT_mRNA541056		None	None
gene-F5B20DRAFT_116754	rna-gnl|WGS:JAJKKE|F5B20DRAFT_mRNA116754		None	None
gene-F5B20DRAFT_541063	rna-gnl|WGS:JAJKKE|F5B20DRAFT_mRNA541063		None	None
gene-F5B20DRAFT_570562	rna-gnl|WGS:JAJKKE|F5B20DRAFT_mRNA570562		None	None
gene-F5B20DRAFT_116817	rna-gnl|WGS:JAJKKE|F5B20DRAFT_mRNA116817	PF24864.1	Partial	None
gene-F5B20DRAFT_580569	rna-gnl|WGS:JAJKKE|F5B20DRAFT_mRNA580569	PF05730.17	Complete	None
gene-F5B20DRAFT_116918	rna-gnl|WGS:JAJKKE|F5B20DRAFT_mRNA116918		None	None
gene-F5B20DRAFT_541081	rna-gnl|WGS:JAJKKE|F5B20DRAFT_mRNA541081	PF18826.7	Partial	None
gene-F5B20DRAFT_541082	rna-gnl|WGS:JAJKKE|F5B20DRAFT_mRNA541082		None	None
gene-F5B20DRAFT_589579	rna-gnl|WGS:JAJKKE|F5B20DRAFT_mRNA589579	PF06985.18	Partial	None
gene-F5B20DRAFT_116989	rna-gnl|WGS:JAJKKE|F5B20DRAFT_mRNA116989	PF05670.19,PF05833.17,PF11923.14	Complete	None
gene-F5B20DRAFT_589580	rna-gnl|WGS:JAJKKE|F5B20DRAFT_mRNA589580	PF04616.21	Partial	None
gene-F5B20DRAFT_570568	rna-gnl|WGS:JAJKKE|F5B20DRAFT_mRNA570568	PF01287.27,PF21485.4	Complete	None
gene-F5B20DRAFT_541099	rna-gnl|WGS:JAJKKE|F5B20DRAFT_mRNA541099	PF03051.22	Partial	None
gene-F5B20DRAFT_117316	rna-gnl|WGS:JAJKKE|F5B20DRAFT_mRNA117316		None	None
gene-F5B20DRAFT_117333	rna-gnl|WGS:JAJKKE|F5B20DRAFT_mRNA117333	PF26118.1	Complete	None
gene-F5B20DRAFT_t44	gene-F5B20DRAFT_t44		None	None
gene-F5B20DRAFT_580579	rna-gnl|WGS:JAJKKE|F5B20DRAFT_mRNA580579		None	None
gene-F5B20DRAFT_580581	rna-gnl|WGS:JAJKKE|F5B20DRAFT_mRNA580581		None	None
gene-F5B20DRAFT_117572	rna-gnl|WGS:JAJKKE|F5B20DRAFT_mRNA117572		None	None
gene-F5B20DRAFT_580583	rna-gnl|WGS:JAJKKE|F5B20DRAFT_mRNA580583	PF26087.1,PF26087.1	Complete	None
gene-F5B20DRAFT_118131	rna-gnl|WGS:JAJKKE|F5B20DRAFT_mRNA118131	PF01494.26,PF13450.13	Partial	None
gene-F5B20DRAFT_118157	rna-gnl|WGS:JAJKKE|F5B20DRAFT_mRNA118157		None	None
gene-F5B20DRAFT_580586	rna-gnl|WGS:JAJKKE|F5B20DRAFT_mRNA580586	PF01814.29	Partial	None
gene-F5B20DRAFT_580587	rna-gnl|WGS:JAJKKE|F5B20DRAFT_mRNA580587	PF03067.22	Partial	None
gene-F5B20DRAFT_118306	rna-gnl|WGS:JAJKKE|F5B20DRAFT_mRNA118306	PF00891.25	Partial	None
gene-F5B20DRAFT_570575	rna-gnl|WGS:JAJKKE|F5B20DRAFT_mRNA570575	PF08241.19,PF08242.19,PF13489.13,PF13649.13	Partial	None
gene-F5B20DRAFT_t45	gene-F5B20DRAFT_t45		None	None
gene-F5B20DRAFT_570576	rna-gnl|WGS:JAJKKE|F5B20DRAFT_mRNA570576	PF04828.23	Partial	None
gene-F5B20DRAFT_570577	rna-gnl|WGS:JAJKKE|F5B20DRAFT_mRNA570577	PF01095.26	Partial	None
gene-F5B20DRAFT_589607	rna-gnl|WGS:JAJKKE|F5B20DRAFT_mRNA589607	PF00145.24,PF00145.24	Partial	None
gene-F5B20DRAFT_118820	rna-gnl|WGS:JAJKKE|F5B20DRAFT_mRNA118820	PF01301.26,PF10435.16,PF13363.12,PF13364.13,PF13364.13	Complete	None
gene-F5B20DRAFT_541245	rna-gnl|WGS:JAJKKE|F5B20DRAFT_mRNA541245		None	None
gene-F5B20DRAFT_589618	rna-gnl|WGS:JAJKKE|F5B20DRAFT_mRNA589618		None	None
gene-F5B20DRAFT_541251	rna-gnl|WGS:JAJKKE|F5B20DRAFT_mRNA541251	PF02434.24	Partial	None
gene-F5B20DRAFT_541253	rna-gnl|WGS:JAJKKE|F5B20DRAFT_mRNA541253	PF00999.27	Partial	None
gene-F5B20DRAFT_119011	rna-gnl|WGS:JAJKKE|F5B20DRAFT_mRNA119011		None	None
gene-F5B20DRAFT_119013	rna-gnl|WGS:JAJKKE|F5B20DRAFT_mRNA119013		None	None
gene-F5B20DRAFT_119032	rna-gnl|WGS:JAJKKE|F5B20DRAFT_mRNA119032		None	None
gene-F5B20DRAFT_541265	rna-gnl|WGS:JAJKKE|F5B20DRAFT_mRNA541265	PF00933.28,PF01915.28	Complete	None
gene-F5B20DRAFT_570585	rna-gnl|WGS:JAJKKE|F5B20DRAFT_mRNA570585	PF00398.27,PF01135.26,PF01209.25,PF05175.21,PF08241.19,PF08242.19,PF13489.13,PF13649.13,PF13847.13	Partial	None
gene-F5B20DRAFT_589621	rna-gnl|WGS:JAJKKE|F5B20DRAFT_mRNA589621	PF11927.15	Partial	None
gene-F5B20DRAFT_541268	rna-gnl|WGS:JAJKKE|F5B20DRAFT_mRNA541268		None	None
gene-F5B20DRAFT_580605	rna-gnl|WGS:JAJKKE|F5B20DRAFT_mRNA580605		None	None
gene-F5B20DRAFT_541271	rna-gnl|WGS:JAJKKE|F5B20DRAFT_mRNA541271	PF01636.30	Partial	None
gene-F5B20DRAFT_580607	rna-gnl|WGS:JAJKKE|F5B20DRAFT_mRNA580607		None	None
gene-F5B20DRAFT_589632	rna-gnl|WGS:JAJKKE|F5B20DRAFT_mRNA589632		None	None
gene-F5B20DRAFT_570588	rna-gnl|WGS:JAJKKE|F5B20DRAFT_mRNA570588	PF00082.28,PF05922.22	Partial	None
gene-F5B20DRAFT_119157	rna-gnl|WGS:JAJKKE|F5B20DRAFT_mRNA119157	PF00400.39,PF02138.24,PF13385.14,PF14844.13,PF23295.2	Complete	None
gene-F5B20DRAFT_541279	rna-gnl|WGS:JAJKKE|F5B20DRAFT_mRNA541279		None	None
gene-F5B20DRAFT_541281	rna-gnl|WGS:JAJKKE|F5B20DRAFT_mRNA541281	PF03345.22,PF23358.2	Complete	None
gene-F5B20DRAFT_541282	rna-gnl|WGS:JAJKKE|F5B20DRAFT_mRNA541282		None	None
gene-F5B20DRAFT_541288	rna-gnl|WGS:JAJKKE|F5B20DRAFT_mRNA541288	PF00106.32,PF08659.17,PF13561.13	Partial	None
gene-F5B20DRAFT_570592	rna-gnl|WGS:JAJKKE|F5B20DRAFT_mRNA570592		None	None
gene-F5B20DRAFT_580617	rna-gnl|WGS:JAJKKE|F5B20DRAFT_mRNA580617	PF06246.18	Partial	None
gene-F5B20DRAFT_541300	rna-gnl|WGS:JAJKKE|F5B20DRAFT_mRNA541300	PF00149.34,PF21953.2	Complete	None
gene-F5B20DRAFT_570595	rna-gnl|WGS:JAJKKE|F5B20DRAFT_mRNA570595	PF01425.27	Partial	None
gene-F5B20DRAFT_119339	rna-gnl|WGS:JAJKKE|F5B20DRAFT_mRNA119339	PF03371.21	Partial	None
gene-F5B20DRAFT_541305	rna-gnl|WGS:JAJKKE|F5B20DRAFT_mRNA541305		None	None
gene-F5B20DRAFT_589642	rna-gnl|WGS:JAJKKE|F5B20DRAFT_mRNA589642	PF20684.4	Partial	None
gene-F5B20DRAFT_589645	rna-gnl|WGS:JAJKKE|F5B20DRAFT_mRNA589645	PF05721.20	Partial	None
gene-F5B20DRAFT_541307	rna-gnl|WGS:JAJKKE|F5B20DRAFT_mRNA541307	PF00561.27,PF03096.21,PF12146.16,PF12697.14	Partial	None
gene-F5B20DRAFT_119387	rna-gnl|WGS:JAJKKE|F5B20DRAFT_mRNA119387		None	None
gene-F5B20DRAFT_119452	rna-gnl|WGS:JAJKKE|F5B20DRAFT_mRNA119452		None	None
gene-F5B20DRAFT_541317	rna-gnl|WGS:JAJKKE|F5B20DRAFT_mRNA541317	PF00137.27,PF00137.27	Partial	None
gene-F5B20DRAFT_119541	rna-gnl|WGS:JAJKKE|F5B20DRAFT_mRNA119541	PF00610.28,PF00621.26,PF00780.29,PF15405.13	Complete	None
gene-F5B20DRAFT_119598	rna-gnl|WGS:JAJKKE|F5B20DRAFT_mRNA119598		None	None
gene-F5B20DRAFT_589653	rna-gnl|WGS:JAJKKE|F5B20DRAFT_mRNA589653		None	None
gene-F5B20DRAFT_580632	rna-gnl|WGS:JAJKKE|F5B20DRAFT_mRNA580632		None	None
gene-F5B20DRAFT_570606	rna-gnl|WGS:JAJKKE|F5B20DRAFT_mRNA570606	PF08743.16,PF15412.12	Complete	None
gene-F5B20DRAFT_119647	rna-gnl|WGS:JAJKKE|F5B20DRAFT_mRNA119647		None	None
gene-F5B20DRAFT_119664	rna-gnl|WGS:JAJKKE|F5B20DRAFT_mRNA119664	PF00106.32,PF13561.13	Partial	None
gene-F5B20DRAFT_119694	rna-gnl|WGS:JAJKKE|F5B20DRAFT_mRNA119694	PF08316.17	Partial	None
gene-F5B20DRAFT_119735	rna-gnl|WGS:JAJKKE|F5B20DRAFT_mRNA119735		None	None
gene-F5B20DRAFT_541377	rna-gnl|WGS:JAJKKE|F5B20DRAFT_mRNA541377	PF02469.28,PF02469.28	Complete	None
gene-F5B20DRAFT_580638	rna-gnl|WGS:JAJKKE|F5B20DRAFT_mRNA580638		None	None
gene-F5B20DRAFT_589660	rna-gnl|WGS:JAJKKE|F5B20DRAFT_mRNA589660	PF00891.25	Partial	None
gene-F5B20DRAFT_119762	rna-gnl|WGS:JAJKKE|F5B20DRAFT_mRNA119762	PF00561.27,PF12146.16,PF12697.14	Partial	None
gene-F5B20DRAFT_119775	rna-gnl|WGS:JAJKKE|F5B20DRAFT_mRNA119775		None	None
gene-F5B20DRAFT_589666	rna-gnl|WGS:JAJKKE|F5B20DRAFT_mRNA589666	PF00400.39,PF00400.39,PF17120.12	Complete	None
gene-F5B20DRAFT_119784	rna-gnl|WGS:JAJKKE|F5B20DRAFT_mRNA119784	PF00179.32	Partial	None
gene-F5B20DRAFT_589668	rna-gnl|WGS:JAJKKE|F5B20DRAFT_mRNA589668	PF00107.33	Partial	None
gene-F5B20DRAFT_119842	rna-gnl|WGS:JAJKKE|F5B20DRAFT_mRNA119842		None	None
gene-F5B20DRAFT_541390	rna-gnl|WGS:JAJKKE|F5B20DRAFT_mRNA541390	PF00454.34,PF00613.27,PF00792.31	Complete	None
gene-F5B20DRAFT_541391	rna-gnl|WGS:JAJKKE|F5B20DRAFT_mRNA541391		None	None
gene-F5B20DRAFT_589671	rna-gnl|WGS:JAJKKE|F5B20DRAFT_mRNA589671		None	None
gene-F5B20DRAFT_589677	rna-gnl|WGS:JAJKKE|F5B20DRAFT_mRNA589677		None	None
gene-F5B20DRAFT_119942	rna-gnl|WGS:JAJKKE|F5B20DRAFT_mRNA119942	PF01274.29,PF20656.3,PF20659.3	Complete	None
gene-F5B20DRAFT_120010	rna-gnl|WGS:JAJKKE|F5B20DRAFT_mRNA120010	PF00206.26,PF10415.15	Complete	None
gene-F5B20DRAFT_589687	rna-gnl|WGS:JAJKKE|F5B20DRAFT_mRNA589687	PF00069.32,PF06293.21,PF07714.24,PF14531.13,PF16797.12	Complete	None
gene-F5B20DRAFT_541409	rna-gnl|WGS:JAJKKE|F5B20DRAFT_mRNA541409	PF02463.26,PF13175.13,PF13476.13	Partial	None
gene-F5B20DRAFT_120081	rna-gnl|WGS:JAJKKE|F5B20DRAFT_mRNA120081		None	None
gene-F5B20DRAFT_541412	rna-gnl|WGS:JAJKKE|F5B20DRAFT_mRNA541412		None	None
gene-F5B20DRAFT_141396	rna-gnl|WGS:JAJKKE|F5B20DRAFT_mRNA141396	PF00775.28,PF04444.20	Partial	None
gene-F5B20DRAFT_141429	rna-gnl|WGS:JAJKKE|F5B20DRAFT_mRNA141429	PF10282.16	Partial	None
gene-F5B20DRAFT_141457	rna-gnl|WGS:JAJKKE|F5B20DRAFT_mRNA141457	PF01595.26	Partial	None
gene-F5B20DRAFT_541436	rna-gnl|WGS:JAJKKE|F5B20DRAFT_mRNA541436	PF03171.27,PF14226.13	Complete	None
gene-F5B20DRAFT_570629	rna-gnl|WGS:JAJKKE|F5B20DRAFT_mRNA570629	PF07690.22	Partial	None
gene-F5B20DRAFT_590105	rna-gnl|WGS:JAJKKE|F5B20DRAFT_mRNA590105		None	None
gene-F5B20DRAFT_541447	rna-gnl|WGS:JAJKKE|F5B20DRAFT_mRNA541447	PF02558.23,PF08546.18	Complete	None
gene-F5B20DRAFT_570632	rna-gnl|WGS:JAJKKE|F5B20DRAFT_mRNA570632	PF00649.24	Partial	None
gene-F5B20DRAFT_570633	rna-gnl|WGS:JAJKKE|F5B20DRAFT_mRNA570633	PF00172.24,PF04082.24	Complete	None
gene-F5B20DRAFT_142188	rna-gnl|WGS:JAJKKE|F5B20DRAFT_mRNA142188	PF00856.34	Partial	None
gene-F5B20DRAFT_590115	rna-gnl|WGS:JAJKKE|F5B20DRAFT_mRNA590115		None	None
gene-F5B20DRAFT_541493	rna-gnl|WGS:JAJKKE|F5B20DRAFT_mRNA541493		None	None
gene-F5B20DRAFT_541496	rna-gnl|WGS:JAJKKE|F5B20DRAFT_mRNA541496	PF01512.23,PF10531.16,PF10589.15,PF22461.3	Complete	None
gene-F5B20DRAFT_541498	rna-gnl|WGS:JAJKKE|F5B20DRAFT_mRNA541498	PF05648.20,PF05648.20	Partial	None
gene-F5B20DRAFT_541502	rna-gnl|WGS:JAJKKE|F5B20DRAFT_mRNA541502		None	None
gene-F5B20DRAFT_580674	rna-gnl|WGS:JAJKKE|F5B20DRAFT_mRNA580674	PF05022.18	Complete	None
gene-F5B20DRAFT_541506	rna-gnl|WGS:JAJKKE|F5B20DRAFT_mRNA541506	PF00962.29	Partial	None
gene-F5B20DRAFT_142348	rna-gnl|WGS:JAJKKE|F5B20DRAFT_mRNA142348		None	None
gene-F5B20DRAFT_541511	rna-gnl|WGS:JAJKKE|F5B20DRAFT_mRNA541511	PF01546.34,PF07687.20	Complete	None
gene-F5B20DRAFT_541512	rna-gnl|WGS:JAJKKE|F5B20DRAFT_mRNA541512	PF13532.13	Partial	None
gene-F5B20DRAFT_541515	rna-gnl|WGS:JAJKKE|F5B20DRAFT_mRNA541515	PF00069.32,PF07714.24	Partial	None
gene-F5B20DRAFT_580680	rna-gnl|WGS:JAJKKE|F5B20DRAFT_mRNA580680		None	None
gene-F5B20DRAFT_142438	rna-gnl|WGS:JAJKKE|F5B20DRAFT_mRNA142438	PF00134.29,PF08613.17	Partial	None
gene-F5B20DRAFT_570643	rna-gnl|WGS:JAJKKE|F5B20DRAFT_mRNA570643	PF01266.31,PF13450.13	Partial	None
gene-F5B20DRAFT_570644	rna-gnl|WGS:JAJKKE|F5B20DRAFT_mRNA570644	PF00561.27,PF12697.14	Partial	None
gene-F5B20DRAFT_580684	rna-gnl|WGS:JAJKKE|F5B20DRAFT_mRNA580684	PF11807.14	Partial	None
gene-F5B20DRAFT_541531	rna-gnl|WGS:JAJKKE|F5B20DRAFT_mRNA541531	PF20684.4	Partial	None
gene-F5B20DRAFT_541532	rna-gnl|WGS:JAJKKE|F5B20DRAFT_mRNA541532	PF00324.28,PF13520.13	Partial	None
gene-F5B20DRAFT_570648	rna-gnl|WGS:JAJKKE|F5B20DRAFT_mRNA570648	PF30865.1	Partial	None
gene-F5B20DRAFT_580687	rna-gnl|WGS:JAJKKE|F5B20DRAFT_mRNA580687	PF07883.18	Partial	None
gene-F5B20DRAFT_541537	rna-gnl|WGS:JAJKKE|F5B20DRAFT_mRNA541537	PF01149.30,PF06831.20	Partial	None
gene-F5B20DRAFT_580689	rna-gnl|WGS:JAJKKE|F5B20DRAFT_mRNA580689	PF00156.34,PF13793.13,PF14572.13	Complete	None
gene-F5B20DRAFT_541552	rna-gnl|WGS:JAJKKE|F5B20DRAFT_mRNA541552	PF05648.20	Partial	None
gene-F5B20DRAFT_142708	rna-gnl|WGS:JAJKKE|F5B20DRAFT_mRNA142708	PF00083.31,PF00083.31,PF07690.22,PF07690.22	Partial	None
gene-F5B20DRAFT_541557	rna-gnl|WGS:JAJKKE|F5B20DRAFT_mRNA541557	PF00012.27,PF06723.20	Partial	None
gene-F5B20DRAFT_541560	rna-gnl|WGS:JAJKKE|F5B20DRAFT_mRNA541560	PF00009.34,PF01926.30,PF03143.24,PF03144.32,PF22594.3	Complete	None
gene-F5B20DRAFT_142769	rna-gnl|WGS:JAJKKE|F5B20DRAFT_mRNA142769	PF08938.17	Partial	None
gene-F5B20DRAFT_590122	rna-gnl|WGS:JAJKKE|F5B20DRAFT_mRNA590122	PF00790.26,PF01363.28,PF02809.27,PF02809.27,PF21356.3	Complete	None
gene-F5B20DRAFT_541566	rna-gnl|WGS:JAJKKE|F5B20DRAFT_mRNA541566	PF00443.36,PF13423.13	Complete	None
gene-F5B20DRAFT_541569	rna-gnl|WGS:JAJKKE|F5B20DRAFT_mRNA541569	PF00501.35	Partial	None
gene-F5B20DRAFT_541571	rna-gnl|WGS:JAJKKE|F5B20DRAFT_mRNA541571	PF00118.30	Partial	None
gene-F5B20DRAFT_541572	rna-gnl|WGS:JAJKKE|F5B20DRAFT_mRNA541572	PF00632.31,PF16558.11	Complete	None
gene-F5B20DRAFT_142945	rna-gnl|WGS:JAJKKE|F5B20DRAFT_mRNA142945	PF12171.15,PF12756.14,PF12874.14	Complete	None
gene-F5B20DRAFT_580700	rna-gnl|WGS:JAJKKE|F5B20DRAFT_mRNA580700		None	None
gene-F5B20DRAFT_541577	rna-gnl|WGS:JAJKKE|F5B20DRAFT_mRNA541577	PF01641.27	Partial	None
gene-F5B20DRAFT_580703	rna-gnl|WGS:JAJKKE|F5B20DRAFT_mRNA580703	PF01412.24	Partial	None
gene-F5B20DRAFT_541581	rna-gnl|WGS:JAJKKE|F5B20DRAFT_mRNA541581		None	None
gene-F5B20DRAFT_143043	rna-gnl|WGS:JAJKKE|F5B20DRAFT_mRNA143043	PF00018.35,PF04366.18,PF07653.24,PF14604.13	Complete	None
gene-F5B20DRAFT_142999	rna-gnl|WGS:JAJKKE|F5B20DRAFT_mRNA142999	PF00202.28,PF00202.28,PF13500.13	Partial	None
gene-F5B20DRAFT_143017	rna-gnl|WGS:JAJKKE|F5B20DRAFT_mRNA143017	PF00155.28	Partial	None
gene-F5B20DRAFT_143137	rna-gnl|WGS:JAJKKE|F5B20DRAFT_mRNA143137	PF04055.28,PF06968.19	Complete	None
gene-F5B20DRAFT_143074	rna-gnl|WGS:JAJKKE|F5B20DRAFT_mRNA143074	PF00890.31,PF01266.31,PF12831.14,PF13450.13	Complete	None
gene-F5B20DRAFT_541594	rna-gnl|WGS:JAJKKE|F5B20DRAFT_mRNA541594	PF01370.28,PF05368.20,PF13460.13	Partial	None
gene-F5B20DRAFT_143508	rna-gnl|WGS:JAJKKE|F5B20DRAFT_mRNA143508	PF00067.28,PF00067.28	Partial	None
gene-F5B20DRAFT_541602	rna-gnl|WGS:JAJKKE|F5B20DRAFT_mRNA541602	PF00753.34	Partial	None
gene-F5B20DRAFT_143529	rna-gnl|WGS:JAJKKE|F5B20DRAFT_mRNA143529	PF00005.34,PF00664.29	Complete	None
gene-F5B20DRAFT_143583	rna-gnl|WGS:JAJKKE|F5B20DRAFT_mRNA143583		None	None
gene-F5B20DRAFT_541608	rna-gnl|WGS:JAJKKE|F5B20DRAFT_mRNA541608		None	None
gene-F5B20DRAFT_143570	rna-gnl|WGS:JAJKKE|F5B20DRAFT_mRNA143570	PF00155.28	Partial	None
gene-F5B20DRAFT_570667	rna-gnl|WGS:JAJKKE|F5B20DRAFT_mRNA570667	PF01399.34,PF10602.16,PF21154.3	Complete	None
gene-F5B20DRAFT_541614	rna-gnl|WGS:JAJKKE|F5B20DRAFT_mRNA541614	PF03291.23,PF13489.13	Partial	None
gene-F5B20DRAFT_143773	rna-gnl|WGS:JAJKKE|F5B20DRAFT_mRNA143773	PF14420.12	Partial	None
gene-F5B20DRAFT_590128	rna-gnl|WGS:JAJKKE|F5B20DRAFT_mRNA590128	PF20399.5,PF20400.4	Complete	None
gene-F5B20DRAFT_143768	rna-gnl|WGS:JAJKKE|F5B20DRAFT_mRNA143768	PF00339.35,PF02752.28	Partial	None
gene-F5B20DRAFT_580723	rna-gnl|WGS:JAJKKE|F5B20DRAFT_mRNA580723	PF00400.39,PF00400.39,PF00400.39,PF12894.14	Complete	None
gene-F5B20DRAFT_541619	rna-gnl|WGS:JAJKKE|F5B20DRAFT_mRNA541619	PF00071.29,PF00071.29,PF08355.18,PF08356.19,PF08477.20	Complete	None
gene-F5B20DRAFT_144075	rna-gnl|WGS:JAJKKE|F5B20DRAFT_mRNA144075	PF00141.29	Partial	None
gene-F5B20DRAFT_144074	rna-gnl|WGS:JAJKKE|F5B20DRAFT_mRNA144074	PF11789.15	Complete	None
gene-F5B20DRAFT_541622	rna-gnl|WGS:JAJKKE|F5B20DRAFT_mRNA541622		None	None
gene-F5B20DRAFT_580728	rna-gnl|WGS:JAJKKE|F5B20DRAFT_mRNA580728		None	None
gene-F5B20DRAFT_541629	rna-gnl|WGS:JAJKKE|F5B20DRAFT_mRNA541629	PF02746.22,PF13378.13	Partial	None
gene-F5B20DRAFT_590137	rna-gnl|WGS:JAJKKE|F5B20DRAFT_mRNA590137	PF24809.2,PF24883.3	Partial	None
gene-F5B20DRAFT_144254	rna-gnl|WGS:JAJKKE|F5B20DRAFT_mRNA144254	PF00004.36,PF22942.2	Complete	None
gene-F5B20DRAFT_541649	rna-gnl|WGS:JAJKKE|F5B20DRAFT_mRNA541649	PF02441.26	Partial	None
gene-F5B20DRAFT_144281	rna-gnl|WGS:JAJKKE|F5B20DRAFT_mRNA144281		None	None
gene-F5B20DRAFT_541656	rna-gnl|WGS:JAJKKE|F5B20DRAFT_mRNA541656	PF00400.39,PF00400.39,PF00400.39,PF00400.39,PF00400.39,PF12894.14	Complete	None
gene-F5B20DRAFT_144474	rna-gnl|WGS:JAJKKE|F5B20DRAFT_mRNA144474	PF25098.3	Complete	None
gene-F5B20DRAFT_144450	rna-gnl|WGS:JAJKKE|F5B20DRAFT_mRNA144450	PF07716.21	Complete	None
gene-F5B20DRAFT_144590	rna-gnl|WGS:JAJKKE|F5B20DRAFT_mRNA144590	PF00005.34,PF00005.34,PF12848.14	Complete	None
gene-F5B20DRAFT_541674	rna-gnl|WGS:JAJKKE|F5B20DRAFT_mRNA541674		None	None
gene-F5B20DRAFT_144643	rna-gnl|WGS:JAJKKE|F5B20DRAFT_mRNA144643	PF20162.4	Complete	None
gene-F5B20DRAFT_541681	rna-gnl|WGS:JAJKKE|F5B20DRAFT_mRNA541681	PF00091.32,PF03953.23	Complete	None
gene-F5B20DRAFT_541683	rna-gnl|WGS:JAJKKE|F5B20DRAFT_mRNA541683	PF00070.34,PF00355.33,PF01077.28,PF03460.23,PF04324.21,PF07992.21	Complete	None
gene-F5B20DRAFT_541684	rna-gnl|WGS:JAJKKE|F5B20DRAFT_mRNA541684		None	None
gene-F5B20DRAFT_541686	rna-gnl|WGS:JAJKKE|F5B20DRAFT_mRNA541686		None	None
gene-F5B20DRAFT_144747	rna-gnl|WGS:JAJKKE|F5B20DRAFT_mRNA144747	PF00069.32,PF07714.24	Partial	None
gene-F5B20DRAFT_144756	rna-gnl|WGS:JAJKKE|F5B20DRAFT_mRNA144756	PF06985.18,PF26639.1	Complete	None
gene-F5B20DRAFT_144896	rna-gnl|WGS:JAJKKE|F5B20DRAFT_mRNA144896	PF00170.27,PF08601.16,PF08601.16	Complete	None
gene-F5B20DRAFT_144908	rna-gnl|WGS:JAJKKE|F5B20DRAFT_mRNA144908	PF03909.23	Complete	None
gene-F5B20DRAFT_144937	rna-gnl|WGS:JAJKKE|F5B20DRAFT_mRNA144937	PF10273.15	Partial	None
gene-F5B20DRAFT_541707	rna-gnl|WGS:JAJKKE|F5B20DRAFT_mRNA541707	PF07859.20,PF07859.20,PF10340.16,PF20434.6	Partial	None
gene-F5B20DRAFT_541710	rna-gnl|WGS:JAJKKE|F5B20DRAFT_mRNA541710	PF09809.15	Partial	None
gene-F5B20DRAFT_570682	rna-gnl|WGS:JAJKKE|F5B20DRAFT_mRNA570682	PF04615.19	Partial	None
gene-F5B20DRAFT_145073	rna-gnl|WGS:JAJKKE|F5B20DRAFT_mRNA145073	PF01585.29,PF07713.19,PF26093.2	Complete	None
gene-F5B20DRAFT_570684	rna-gnl|WGS:JAJKKE|F5B20DRAFT_mRNA570684	PF00069.32,PF02149.26,PF07714.24	Complete	None
gene-F5B20DRAFT_145237	rna-gnl|WGS:JAJKKE|F5B20DRAFT_mRNA145237	PF04078.20	Partial	None
gene-F5B20DRAFT_145238	rna-gnl|WGS:JAJKKE|F5B20DRAFT_mRNA145238		None	None
gene-F5B20DRAFT_541720	rna-gnl|WGS:JAJKKE|F5B20DRAFT_mRNA541720		None	None
gene-F5B20DRAFT_145316	rna-gnl|WGS:JAJKKE|F5B20DRAFT_mRNA145316	PF08241.19,PF08242.19,PF13489.13,PF13649.13,PF13847.13	Partial	None
gene-F5B20DRAFT_541729	rna-gnl|WGS:JAJKKE|F5B20DRAFT_mRNA541729	PF00999.27,PF23256.2	Complete	None
gene-F5B20DRAFT_541762	rna-gnl|WGS:JAJKKE|F5B20DRAFT_mRNA541762		None	None
gene-F5B20DRAFT_145650	rna-gnl|WGS:JAJKKE|F5B20DRAFT_mRNA145650	PF08547.19	Partial	None
gene-F5B20DRAFT_570688	rna-gnl|WGS:JAJKKE|F5B20DRAFT_mRNA570688	PF00010.32,PF09427.17	Partial	None
gene-F5B20DRAFT_580758	rna-gnl|WGS:JAJKKE|F5B20DRAFT_mRNA580758		None	None
gene-F5B20DRAFT_570691	rna-gnl|WGS:JAJKKE|F5B20DRAFT_mRNA570691	PF01979.27	Partial	None
gene-F5B20DRAFT_570692	rna-gnl|WGS:JAJKKE|F5B20DRAFT_mRNA570692	PF00583.32,PF00933.28	Complete	None
gene-F5B20DRAFT_146025	rna-gnl|WGS:JAJKKE|F5B20DRAFT_mRNA146025	PF05224.18	Partial	None
gene-F5B20DRAFT_570695	rna-gnl|WGS:JAJKKE|F5B20DRAFT_mRNA570695	PF00349.28,PF03727.23	Partial	None
gene-F5B20DRAFT_590153	rna-gnl|WGS:JAJKKE|F5B20DRAFT_mRNA590153	PF01182.27	Partial	None
gene-F5B20DRAFT_146005	rna-gnl|WGS:JAJKKE|F5B20DRAFT_mRNA146005	PF04734.19,PF17048.12	Complete	None
gene-F5B20DRAFT_146145	rna-gnl|WGS:JAJKKE|F5B20DRAFT_mRNA146145	PF00933.28,PF01915.28,PF14310.13	Complete	None
gene-F5B20DRAFT_146676	rna-gnl|WGS:JAJKKE|F5B20DRAFT_mRNA146676	PF01055.33,PF13802.13,PF21365.4	Complete	None
gene-F5B20DRAFT_570700	rna-gnl|WGS:JAJKKE|F5B20DRAFT_mRNA570700		None	None
gene-F5B20DRAFT_541795	rna-gnl|WGS:JAJKKE|F5B20DRAFT_mRNA541795		None	None
gene-F5B20DRAFT_580770	rna-gnl|WGS:JAJKKE|F5B20DRAFT_mRNA580770		None	None
gene-F5B20DRAFT_147122	rna-gnl|WGS:JAJKKE|F5B20DRAFT_mRNA147122	PF01734.28,PF28431.1	Complete	None
gene-F5B20DRAFT_147299	rna-gnl|WGS:JAJKKE|F5B20DRAFT_mRNA147299	PF00106.32,PF01370.28,PF08659.17,PF13561.13	Partial	None
gene-F5B20DRAFT_580773	rna-gnl|WGS:JAJKKE|F5B20DRAFT_mRNA580773	PF00069.32,PF00786.34,PF03109.23,PF07714.24	Complete	None
gene-F5B20DRAFT_147309	rna-gnl|WGS:JAJKKE|F5B20DRAFT_mRNA147309	PF00013.36,PF00013.36,PF00013.36,PF00013.36,PF00013.36,PF00013.36,PF22952.3,PF26657.1	Complete	None
gene-F5B20DRAFT_147376	rna-gnl|WGS:JAJKKE|F5B20DRAFT_mRNA147376	PF01388.28	Partial	None
gene-F5B20DRAFT_541914	rna-gnl|WGS:JAJKKE|F5B20DRAFT_mRNA541914		None	None
gene-F5B20DRAFT_541915	rna-gnl|WGS:JAJKKE|F5B20DRAFT_mRNA541915	PF09759.16	Complete	None
gene-F5B20DRAFT_541917	rna-gnl|WGS:JAJKKE|F5B20DRAFT_mRNA541917		None	None
gene-F5B20DRAFT_541920	rna-gnl|WGS:JAJKKE|F5B20DRAFT_mRNA541920	PF01494.26,PF22607.3	Partial	None
gene-F5B20DRAFT_541924	rna-gnl|WGS:JAJKKE|F5B20DRAFT_mRNA541924	PF01565.29,PF08031.18	Complete	None
gene-F5B20DRAFT_541926	rna-gnl|WGS:JAJKKE|F5B20DRAFT_mRNA541926	PF01048.27	Partial	None
gene-F5B20DRAFT_541928	rna-gnl|WGS:JAJKKE|F5B20DRAFT_mRNA541928	PF06333.18,PF11597.14,PF18296.7	Complete	None
gene-F5B20DRAFT_580783	rna-gnl|WGS:JAJKKE|F5B20DRAFT_mRNA580783		None	None
gene-F5B20DRAFT_147765	rna-gnl|WGS:JAJKKE|F5B20DRAFT_mRNA147765		None	None
gene-F5B20DRAFT_147767	rna-gnl|WGS:JAJKKE|F5B20DRAFT_mRNA147767	PF03194.21	Partial	None
gene-F5B20DRAFT_147785	rna-gnl|WGS:JAJKKE|F5B20DRAFT_mRNA147785	PF04113.21	Partial	None
gene-F5B20DRAFT_541938	rna-gnl|WGS:JAJKKE|F5B20DRAFT_mRNA541938	PF00300.28	Partial	None
gene-F5B20DRAFT_541941	rna-gnl|WGS:JAJKKE|F5B20DRAFT_mRNA541941	PF00172.24,PF11951.14	Partial	None
gene-F5B20DRAFT_541944	rna-gnl|WGS:JAJKKE|F5B20DRAFT_mRNA541944	PF08031.18	Complete	None
gene-F5B20DRAFT_541946	rna-gnl|WGS:JAJKKE|F5B20DRAFT_mRNA541946	PF01532.27	Partial	None
gene-F5B20DRAFT_580791	rna-gnl|WGS:JAJKKE|F5B20DRAFT_mRNA580791		None	None
gene-F5B20DRAFT_590176	rna-gnl|WGS:JAJKKE|F5B20DRAFT_mRNA590176	PF00067.28	Partial	None
gene-F5B20DRAFT_541948	rna-gnl|WGS:JAJKKE|F5B20DRAFT_mRNA541948		None	None
gene-F5B20DRAFT_541949	rna-gnl|WGS:JAJKKE|F5B20DRAFT_mRNA541949	PF00349.28,PF03727.23,PF03727.23	Complete	None
gene-F5B20DRAFT_147852	rna-gnl|WGS:JAJKKE|F5B20DRAFT_mRNA147852	PF00172.24	Partial	None
gene-F5B20DRAFT_147853	rna-gnl|WGS:JAJKKE|F5B20DRAFT_mRNA147853	PF01753.25	Partial	None
gene-F5B20DRAFT_541954	rna-gnl|WGS:JAJKKE|F5B20DRAFT_mRNA541954	PF00324.28,PF13520.13	Partial	None
gene-F5B20DRAFT_580797	rna-gnl|WGS:JAJKKE|F5B20DRAFT_mRNA580797		None	None
gene-F5B20DRAFT_t48	gene-F5B20DRAFT_t48		None	None
gene-F5B20DRAFT_541961	rna-gnl|WGS:JAJKKE|F5B20DRAFT_mRNA541961		None	None
gene-F5B20DRAFT_147935	rna-gnl|WGS:JAJKKE|F5B20DRAFT_mRNA147935	PF01145.32,PF16200.11	Complete	None
gene-F5B20DRAFT_147929	rna-gnl|WGS:JAJKKE|F5B20DRAFT_mRNA147929	PF12783.14,PF16206.10,PF16213.12,PF23325.2	Complete	None
gene-F5B20DRAFT_580801	rna-gnl|WGS:JAJKKE|F5B20DRAFT_mRNA580801	PF00179.32	Partial	None
gene-F5B20DRAFT_148010	rna-gnl|WGS:JAJKKE|F5B20DRAFT_mRNA148010	PF05347.22	Partial	None
gene-F5B20DRAFT_148004	rna-gnl|WGS:JAJKKE|F5B20DRAFT_mRNA148004		None	None
gene-F5B20DRAFT_541973	rna-gnl|WGS:JAJKKE|F5B20DRAFT_mRNA541973		None	None
gene-F5B20DRAFT_148089	rna-gnl|WGS:JAJKKE|F5B20DRAFT_mRNA148089	PF00383.30	Partial	None
gene-F5B20DRAFT_148139	rna-gnl|WGS:JAJKKE|F5B20DRAFT_mRNA148139		None	None
gene-F5B20DRAFT_148101	rna-gnl|WGS:JAJKKE|F5B20DRAFT_mRNA148101		None	None
gene-F5B20DRAFT_541980	rna-gnl|WGS:JAJKKE|F5B20DRAFT_mRNA541980	PF05742.18	Partial	None
gene-F5B20DRAFT_148165	rna-gnl|WGS:JAJKKE|F5B20DRAFT_mRNA148165		None	None
gene-F5B20DRAFT_148162	rna-gnl|WGS:JAJKKE|F5B20DRAFT_mRNA148162	PF03849.20,PF18307.7	Complete	None
gene-F5B20DRAFT_541985	rna-gnl|WGS:JAJKKE|F5B20DRAFT_mRNA541985	PF01179.28,PF02727.22,PF02728.23	Partial	None
gene-F5B20DRAFT_541986	rna-gnl|WGS:JAJKKE|F5B20DRAFT_mRNA541986		None	None
gene-F5B20DRAFT_580813	rna-gnl|WGS:JAJKKE|F5B20DRAFT_mRNA580813	PF20684.4	Partial	None
gene-F5B20DRAFT_580814	rna-gnl|WGS:JAJKKE|F5B20DRAFT_mRNA580814	PF01565.29,PF08031.18	Complete	None
gene-F5B20DRAFT_570723	rna-gnl|WGS:JAJKKE|F5B20DRAFT_mRNA570723	PF07690.22,PF07690.22	Partial	None
gene-F5B20DRAFT_570724	rna-gnl|WGS:JAJKKE|F5B20DRAFT_mRNA570724	PF00394.29,PF07731.21,PF07731.21,PF07732.22	Complete	None
gene-F5B20DRAFT_542000	rna-gnl|WGS:JAJKKE|F5B20DRAFT_mRNA542000	PF00106.32,PF01370.28,PF08659.17,PF13561.13	Partial	None
gene-F5B20DRAFT_148487	rna-gnl|WGS:JAJKKE|F5B20DRAFT_mRNA148487		None	None
gene-F5B20DRAFT_148513	rna-gnl|WGS:JAJKKE|F5B20DRAFT_mRNA148513		None	None
gene-F5B20DRAFT_542006	rna-gnl|WGS:JAJKKE|F5B20DRAFT_mRNA542006	PF00083.31,PF06609.19,PF07690.22,PF07690.22	Partial	None
gene-F5B20DRAFT_148591	rna-gnl|WGS:JAJKKE|F5B20DRAFT_mRNA148591	PF27599.1	Partial	None
gene-F5B20DRAFT_148604	rna-gnl|WGS:JAJKKE|F5B20DRAFT_mRNA148604	PF07110.18	Partial	None
gene-F5B20DRAFT_542011	rna-gnl|WGS:JAJKKE|F5B20DRAFT_mRNA542011	PF06500.18	Partial	None
gene-F5B20DRAFT_590197	rna-gnl|WGS:JAJKKE|F5B20DRAFT_mRNA590197	PF00106.32,PF00109.33,PF00501.35,PF00550.32,PF00550.32,PF00668.26,PF00698.27,PF01073.26,PF01370.28,PF02801.29,PF07993.19,PF08659.17,PF14765.13,PF16197.12,PF21089.4,PF22336.3	Complete	None
gene-F5B20DRAFT_148630	rna-gnl|WGS:JAJKKE|F5B20DRAFT_mRNA148630	PF17172.11	Partial	None
gene-F5B20DRAFT_570729	rna-gnl|WGS:JAJKKE|F5B20DRAFT_mRNA570729	PF00389.37,PF02826.26	Partial	None
gene-F5B20DRAFT_542022	rna-gnl|WGS:JAJKKE|F5B20DRAFT_mRNA542022		None	None
gene-F5B20DRAFT_542024	rna-gnl|WGS:JAJKKE|F5B20DRAFT_mRNA542024	PF00132.31,PF00483.30,PF25087.2	Complete	None
gene-F5B20DRAFT_542026	rna-gnl|WGS:JAJKKE|F5B20DRAFT_mRNA542026	PF00227.32,PF10584.15	Partial	None
gene-F5B20DRAFT_148704	rna-gnl|WGS:JAJKKE|F5B20DRAFT_mRNA148704	PF00628.36,PF07500.20,PF07744.20,PF20826.3,PF23257.2	Complete	None
gene-F5B20DRAFT_580829	rna-gnl|WGS:JAJKKE|F5B20DRAFT_mRNA580829		None	None
gene-F5B20DRAFT_542032	rna-gnl|WGS:JAJKKE|F5B20DRAFT_mRNA542032	PF25485.2	Complete	None
gene-F5B20DRAFT_542036	rna-gnl|WGS:JAJKKE|F5B20DRAFT_mRNA542036		None	None
gene-F5B20DRAFT_542046	rna-gnl|WGS:JAJKKE|F5B20DRAFT_mRNA542046	PF00651.38	Partial	None
gene-F5B20DRAFT_580835	rna-gnl|WGS:JAJKKE|F5B20DRAFT_mRNA580835	PF00583.32	Partial	None
gene-F5B20DRAFT_148854	rna-gnl|WGS:JAJKKE|F5B20DRAFT_mRNA148854	PF00023.37,PF00023.37,PF12796.14,PF13606.13,PF13637.13,PF14420.12	Complete	None
gene-F5B20DRAFT_580837	rna-gnl|WGS:JAJKKE|F5B20DRAFT_mRNA580837		None	None
gene-F5B20DRAFT_590217	rna-gnl|WGS:JAJKKE|F5B20DRAFT_mRNA590217	PF00012.27	Partial	None
gene-F5B20DRAFT_580839	rna-gnl|WGS:JAJKKE|F5B20DRAFT_mRNA580839		None	None
gene-F5B20DRAFT_580840	rna-gnl|WGS:JAJKKE|F5B20DRAFT_mRNA580840		None	None
gene-F5B20DRAFT_580841	rna-gnl|WGS:JAJKKE|F5B20DRAFT_mRNA580841	PF00264.26	Partial	None
gene-F5B20DRAFT_148898	rna-gnl|WGS:JAJKKE|F5B20DRAFT_mRNA148898		None	None
gene-F5B20DRAFT_148893	rna-gnl|WGS:JAJKKE|F5B20DRAFT_mRNA148893	PF03834.22,PF14520.13	Complete	None
gene-F5B20DRAFT_570736	rna-gnl|WGS:JAJKKE|F5B20DRAFT_mRNA570736	PF01532.27	Partial	None
gene-F5B20DRAFT_542071	rna-gnl|WGS:JAJKKE|F5B20DRAFT_mRNA542071	PF00106.32,PF08659.17,PF13561.13	Partial	None
gene-F5B20DRAFT_148933	rna-gnl|WGS:JAJKKE|F5B20DRAFT_mRNA148933	PF06966.18,PF06966.18	Partial	None
gene-F5B20DRAFT_149170	rna-gnl|WGS:JAJKKE|F5B20DRAFT_mRNA149170	PF00316.26,PF18913.6	Partial	None
gene-F5B20DRAFT_570739	rna-gnl|WGS:JAJKKE|F5B20DRAFT_mRNA570739	PF00067.28	Partial	None
gene-F5B20DRAFT_542097	rna-gnl|WGS:JAJKKE|F5B20DRAFT_mRNA542097	PF20163.5,PF28510.1	Partial	None
gene-F5B20DRAFT_149347	rna-gnl|WGS:JAJKKE|F5B20DRAFT_mRNA149347	PF05577.19	Partial	None
gene-F5B20DRAFT_149363	rna-gnl|WGS:JAJKKE|F5B20DRAFT_mRNA149363		None	None
gene-F5B20DRAFT_149343	rna-gnl|WGS:JAJKKE|F5B20DRAFT_mRNA149343	PF09763.16,PF15277.13,PF20654.4	Complete	None
gene-F5B20DRAFT_580853	rna-gnl|WGS:JAJKKE|F5B20DRAFT_mRNA580853	PF03576.20	Partial	None
gene-F5B20DRAFT_570745	rna-gnl|WGS:JAJKKE|F5B20DRAFT_mRNA570745	PF00465.26,PF13685.13,PF25137.1	Partial	None
gene-F5B20DRAFT_570746	rna-gnl|WGS:JAJKKE|F5B20DRAFT_mRNA570746	PF05704.19	Partial	None
gene-F5B20DRAFT_149358	rna-gnl|WGS:JAJKKE|F5B20DRAFT_mRNA149358	PF00067.28	Partial	None
gene-F5B20DRAFT_580857	rna-gnl|WGS:JAJKKE|F5B20DRAFT_mRNA580857	PF19086.6	Partial	None
gene-F5B20DRAFT_542128	rna-gnl|WGS:JAJKKE|F5B20DRAFT_mRNA542128		None	None
gene-F5B20DRAFT_149703	rna-gnl|WGS:JAJKKE|F5B20DRAFT_mRNA149703	PF00732.26,PF05199.20	Complete	None
gene-F5B20DRAFT_542139	rna-gnl|WGS:JAJKKE|F5B20DRAFT_mRNA542139	PF01116.27	Partial	None
gene-F5B20DRAFT_542142	rna-gnl|WGS:JAJKKE|F5B20DRAFT_mRNA542142	PF06738.19	Partial	None
gene-F5B20DRAFT_149921	rna-gnl|WGS:JAJKKE|F5B20DRAFT_mRNA149921	PF07690.22	Partial	None
gene-F5B20DRAFT_t49	gene-F5B20DRAFT_t49		None	None
gene-F5B20DRAFT_580871	rna-gnl|WGS:JAJKKE|F5B20DRAFT_mRNA580871		None	None
gene-F5B20DRAFT_580872	rna-gnl|WGS:JAJKKE|F5B20DRAFT_mRNA580872		None	None
gene-F5B20DRAFT_t50	gene-F5B20DRAFT_t50		None	None
gene-F5B20DRAFT_542160	rna-gnl|WGS:JAJKKE|F5B20DRAFT_mRNA542160		None	None
gene-F5B20DRAFT_150151	rna-gnl|WGS:JAJKKE|F5B20DRAFT_mRNA150151	PF04212.25	Complete	None
gene-F5B20DRAFT_542168	rna-gnl|WGS:JAJKKE|F5B20DRAFT_mRNA542168	PF00578.28,PF08534.17,PF10417.15	Complete	None
gene-F5B20DRAFT_150338	rna-gnl|WGS:JAJKKE|F5B20DRAFT_mRNA150338		None	None
gene-F5B20DRAFT_150435	rna-gnl|WGS:JAJKKE|F5B20DRAFT_mRNA150435	PF00121.25	Partial	None
gene-F5B20DRAFT_150354	rna-gnl|WGS:JAJKKE|F5B20DRAFT_mRNA150354	PF02502.24	Partial	None
gene-F5B20DRAFT_150444	rna-gnl|WGS:JAJKKE|F5B20DRAFT_mRNA150444	PF02733.23,PF02734.23	Complete	None
gene-F5B20DRAFT_542191	rna-gnl|WGS:JAJKKE|F5B20DRAFT_mRNA542191	PF01116.27	Partial	None
gene-F5B20DRAFT_150351	rna-gnl|WGS:JAJKKE|F5B20DRAFT_mRNA150351	PF03446.22,PF03807.24,PF14833.12,PF14833.12	Complete	None
gene-F5B20DRAFT_150350	rna-gnl|WGS:JAJKKE|F5B20DRAFT_mRNA150350	PF02207.26,PF31011.1	Complete	None
gene-F5B20DRAFT_150551	rna-gnl|WGS:JAJKKE|F5B20DRAFT_mRNA150551	PF00493.30,PF01078.28,PF07728.21,PF12619.14,PF14551.12,PF17207.10,PF17855.8	Complete	None
gene-F5B20DRAFT_590230	rna-gnl|WGS:JAJKKE|F5B20DRAFT_mRNA590230	PF00324.28,PF13520.13	Partial	None
gene-F5B20DRAFT_150569	rna-gnl|WGS:JAJKKE|F5B20DRAFT_mRNA150569	PF00324.28	Partial	None
gene-F5B20DRAFT_542202	rna-gnl|WGS:JAJKKE|F5B20DRAFT_mRNA542202		None	None
gene-F5B20DRAFT_542204	rna-gnl|WGS:JAJKKE|F5B20DRAFT_mRNA542204	PF01209.25,PF03141.23,PF05175.21,PF08241.19,PF08242.19,PF13489.13,PF13649.13,PF13847.13	Partial	None
gene-F5B20DRAFT_580886	rna-gnl|WGS:JAJKKE|F5B20DRAFT_mRNA580886		None	None
gene-F5B20DRAFT_542205	rna-gnl|WGS:JAJKKE|F5B20DRAFT_mRNA542205		None	None
gene-F5B20DRAFT_150630	rna-gnl|WGS:JAJKKE|F5B20DRAFT_mRNA150630	PF09994.15	Partial	None
gene-F5B20DRAFT_570764	rna-gnl|WGS:JAJKKE|F5B20DRAFT_mRNA570764	PF00067.28,PF03098.21,PF03098.21	Complete	None
gene-F5B20DRAFT_542227	rna-gnl|WGS:JAJKKE|F5B20DRAFT_mRNA542227	PF00122.26,PF00689.27,PF00690.32,PF00702.33,PF13246.13	Complete	None
gene-F5B20DRAFT_542230	rna-gnl|WGS:JAJKKE|F5B20DRAFT_mRNA542230	PF00107.33,PF08240.18	Complete	None
gene-F5B20DRAFT_542232	rna-gnl|WGS:JAJKKE|F5B20DRAFT_mRNA542232		None	None
gene-F5B20DRAFT_150874	rna-gnl|WGS:JAJKKE|F5B20DRAFT_mRNA150874	PF03211.20	Partial	None
gene-F5B20DRAFT_590238	rna-gnl|WGS:JAJKKE|F5B20DRAFT_mRNA590238	PF00501.35,PF00550.32	Complete	None
gene-F5B20DRAFT_542241	rna-gnl|WGS:JAJKKE|F5B20DRAFT_mRNA542241	PF00106.32,PF08659.17,PF13561.13	Partial	None
gene-F5B20DRAFT_542246	rna-gnl|WGS:JAJKKE|F5B20DRAFT_mRNA542246		None	None
gene-F5B20DRAFT_580895	rna-gnl|WGS:JAJKKE|F5B20DRAFT_mRNA580895		None	None
gene-F5B20DRAFT_542250	rna-gnl|WGS:JAJKKE|F5B20DRAFT_mRNA542250	PF17110.11,PF17110.11	Complete	None
gene-F5B20DRAFT_151025	rna-gnl|WGS:JAJKKE|F5B20DRAFT_mRNA151025		None	None
gene-F5B20DRAFT_542278	rna-gnl|WGS:JAJKKE|F5B20DRAFT_mRNA542278	PF00400.39,PF00400.39,PF00400.39,PF00400.39,PF00400.39,PF00400.39,PF23098.2	Complete	None
gene-F5B20DRAFT_570770	rna-gnl|WGS:JAJKKE|F5B20DRAFT_mRNA570770	PF04051.22	Partial	None
gene-F5B20DRAFT_590252	rna-gnl|WGS:JAJKKE|F5B20DRAFT_mRNA590252		None	None
gene-F5B20DRAFT_590256	rna-gnl|WGS:JAJKKE|F5B20DRAFT_mRNA590256	PF00293.35	Partial	None
gene-F5B20DRAFT_542293	rna-gnl|WGS:JAJKKE|F5B20DRAFT_mRNA542293	PF07690.22	Partial	None
gene-F5B20DRAFT_542297	rna-gnl|WGS:JAJKKE|F5B20DRAFT_mRNA542297		None	None
gene-F5B20DRAFT_542301	rna-gnl|WGS:JAJKKE|F5B20DRAFT_mRNA542301	PF07690.22	Partial	None
gene-F5B20DRAFT_580905	rna-gnl|WGS:JAJKKE|F5B20DRAFT_mRNA580905		None	None
gene-F5B20DRAFT_542306	rna-gnl|WGS:JAJKKE|F5B20DRAFT_mRNA542306	PF13813.12	Complete	None
gene-F5B20DRAFT_542308	rna-gnl|WGS:JAJKKE|F5B20DRAFT_mRNA542308	PF00135.35,PF07859.20,PF20434.6	Partial	None
gene-F5B20DRAFT_151842	rna-gnl|WGS:JAJKKE|F5B20DRAFT_mRNA151842	PF00010.32	Partial	None
gene-F5B20DRAFT_542315	rna-gnl|WGS:JAJKKE|F5B20DRAFT_mRNA542315	PF07690.22	Partial	None
gene-F5B20DRAFT_151700	rna-gnl|WGS:JAJKKE|F5B20DRAFT_mRNA151700	PF00722.29,PF26113.1	Partial	None
gene-F5B20DRAFT_151998	rna-gnl|WGS:JAJKKE|F5B20DRAFT_mRNA151998	PF00648.28,PF00648.28	Partial	None
gene-F5B20DRAFT_542332	rna-gnl|WGS:JAJKKE|F5B20DRAFT_mRNA542332	PF13093.12	Partial	None
gene-F5B20DRAFT_542333	rna-gnl|WGS:JAJKKE|F5B20DRAFT_mRNA542333	PF00933.28,PF01915.28,PF07691.18,PF14310.13	Complete	None
gene-F5B20DRAFT_580915	rna-gnl|WGS:JAJKKE|F5B20DRAFT_mRNA580915		None	None
gene-F5B20DRAFT_580916	rna-gnl|WGS:JAJKKE|F5B20DRAFT_mRNA580916	PF05730.17	Partial	None
gene-F5B20DRAFT_590280	rna-gnl|WGS:JAJKKE|F5B20DRAFT_mRNA590280	PF00187.25,PF00704.35	Complete	None
gene-F5B20DRAFT_542342	rna-gnl|WGS:JAJKKE|F5B20DRAFT_mRNA542342	PF00187.25	Complete	None
gene-F5B20DRAFT_542345	rna-gnl|WGS:JAJKKE|F5B20DRAFT_mRNA542345		None	None
gene-F5B20DRAFT_542346	rna-gnl|WGS:JAJKKE|F5B20DRAFT_mRNA542346		None	None
gene-F5B20DRAFT_152088	rna-gnl|WGS:JAJKKE|F5B20DRAFT_mRNA152088		None	None
gene-F5B20DRAFT_580921	rna-gnl|WGS:JAJKKE|F5B20DRAFT_mRNA580921		None	None
gene-F5B20DRAFT_580922	rna-gnl|WGS:JAJKKE|F5B20DRAFT_mRNA580922	PF00106.32,PF08659.17	Partial	None
gene-F5B20DRAFT_542358	rna-gnl|WGS:JAJKKE|F5B20DRAFT_mRNA542358	PF20150.5	Partial	None
gene-F5B20DRAFT_542361	rna-gnl|WGS:JAJKKE|F5B20DRAFT_mRNA542361	PF00067.28	Partial	None
gene-F5B20DRAFT_152276	rna-gnl|WGS:JAJKKE|F5B20DRAFT_mRNA152276	PF20684.4	Partial	None
gene-F5B20DRAFT_590295	rna-gnl|WGS:JAJKKE|F5B20DRAFT_mRNA590295	PF00106.32,PF00109.33,PF00501.35,PF00550.32,PF00668.26,PF00698.27,PF01073.26,PF01209.25,PF01370.28,PF02801.29,PF07993.19,PF08241.19,PF08242.19,PF08659.17,PF13489.13,PF13649.13,PF13847.13,PF14765.13,PF16197.12,PF21089.4	Complete	None
gene-F5B20DRAFT_580926	rna-gnl|WGS:JAJKKE|F5B20DRAFT_mRNA580926	PF12511.14	Complete	None
gene-F5B20DRAFT_152359	rna-gnl|WGS:JAJKKE|F5B20DRAFT_mRNA152359	PF02515.23	Partial	None
gene-F5B20DRAFT_590305	rna-gnl|WGS:JAJKKE|F5B20DRAFT_mRNA590305	PF13095.13	Partial	None
gene-F5B20DRAFT_580929	rna-gnl|WGS:JAJKKE|F5B20DRAFT_mRNA580929		None	None
gene-F5B20DRAFT_590314	rna-gnl|WGS:JAJKKE|F5B20DRAFT_mRNA590314	PF05743.20,PF09454.16	Complete	None
gene-F5B20DRAFT_542392	rna-gnl|WGS:JAJKKE|F5B20DRAFT_mRNA542392	PF06985.18,PF26640.1	Complete	None
gene-F5B20DRAFT_542397	rna-gnl|WGS:JAJKKE|F5B20DRAFT_mRNA542397		None	None
gene-F5B20DRAFT_152445	rna-gnl|WGS:JAJKKE|F5B20DRAFT_mRNA152445	PF01231.24	Partial	None
gene-F5B20DRAFT_590321	rna-gnl|WGS:JAJKKE|F5B20DRAFT_mRNA590321	PF00187.25,PF00704.35,PF01476.27,PF01476.27,PF26794.1,PF30526.1,PF30529.1	Complete	None
gene-F5B20DRAFT_590323	rna-gnl|WGS:JAJKKE|F5B20DRAFT_mRNA590323		None	None
gene-F5B20DRAFT_542403	rna-gnl|WGS:JAJKKE|F5B20DRAFT_mRNA542403	PF20150.5	Partial	None
gene-F5B20DRAFT_542404	rna-gnl|WGS:JAJKKE|F5B20DRAFT_mRNA542404	PF01822.25	Partial	None
gene-F5B20DRAFT_542408	rna-gnl|WGS:JAJKKE|F5B20DRAFT_mRNA542408	PF12311.14	Partial	None
gene-F5B20DRAFT_590325	rna-gnl|WGS:JAJKKE|F5B20DRAFT_mRNA590325	PF01822.25,PF09362.16	Complete	None
gene-F5B20DRAFT_152602	rna-gnl|WGS:JAJKKE|F5B20DRAFT_mRNA152602	PF05153.22	Partial	None
gene-F5B20DRAFT_580939	rna-gnl|WGS:JAJKKE|F5B20DRAFT_mRNA580939	PF11951.14	Partial	None
gene-F5B20DRAFT_542421	rna-gnl|WGS:JAJKKE|F5B20DRAFT_mRNA542421	PF00083.31,PF07690.22	Partial	None
gene-F5B20DRAFT_580941	rna-gnl|WGS:JAJKKE|F5B20DRAFT_mRNA580941		None	None
gene-F5B20DRAFT_590332	rna-gnl|WGS:JAJKKE|F5B20DRAFT_mRNA590332		None	None
gene-F5B20DRAFT_570796	rna-gnl|WGS:JAJKKE|F5B20DRAFT_mRNA570796	PF03179.21	Partial	None
gene-F5B20DRAFT_570797	rna-gnl|WGS:JAJKKE|F5B20DRAFT_mRNA570797	PF08216.18	Partial	None
gene-F5B20DRAFT_152845	rna-gnl|WGS:JAJKKE|F5B20DRAFT_mRNA152845	PF00300.28	Partial	None
gene-F5B20DRAFT_152848	rna-gnl|WGS:JAJKKE|F5B20DRAFT_mRNA152848	PF03663.21	Partial	None
gene-F5B20DRAFT_542432	rna-gnl|WGS:JAJKKE|F5B20DRAFT_mRNA542432	PF00646.39,PF08755.17,PF12937.13,PF13369.13	Complete	None
gene-F5B20DRAFT_542433	rna-gnl|WGS:JAJKKE|F5B20DRAFT_mRNA542433		None	None
gene-F5B20DRAFT_590335	rna-gnl|WGS:JAJKKE|F5B20DRAFT_mRNA590335	PF13450.13,PF13454.13	Partial	None
gene-F5B20DRAFT_542436	rna-gnl|WGS:JAJKKE|F5B20DRAFT_mRNA542436	PF01565.29	Partial	None
gene-F5B20DRAFT_542437	rna-gnl|WGS:JAJKKE|F5B20DRAFT_mRNA542437	PF01073.26,PF01370.28,PF02254.25,PF03446.22,PF13460.13	Partial	None
gene-F5B20DRAFT_580953	rna-gnl|WGS:JAJKKE|F5B20DRAFT_mRNA580953	PF07859.20,PF10340.16	Partial	None
gene-F5B20DRAFT_580954	rna-gnl|WGS:JAJKKE|F5B20DRAFT_mRNA580954	PF01370.28,PF05368.20,PF13460.13	Partial	None
gene-F5B20DRAFT_153036	rna-gnl|WGS:JAJKKE|F5B20DRAFT_mRNA153036	PF01494.26	Partial	None
gene-F5B20DRAFT_153030	rna-gnl|WGS:JAJKKE|F5B20DRAFT_mRNA153030	PF01042.27	Partial	None
gene-F5B20DRAFT_542447	rna-gnl|WGS:JAJKKE|F5B20DRAFT_mRNA542447	PF00067.28	Partial	None
gene-F5B20DRAFT_542450	rna-gnl|WGS:JAJKKE|F5B20DRAFT_mRNA542450	PF00324.28,PF13520.13	Partial	None
gene-F5B20DRAFT_153083	rna-gnl|WGS:JAJKKE|F5B20DRAFT_mRNA153083	PF03055.22	Partial	None
gene-F5B20DRAFT_153145	rna-gnl|WGS:JAJKKE|F5B20DRAFT_mRNA153145	PF00561.27,PF08386.17	Complete	None
gene-F5B20DRAFT_153144	rna-gnl|WGS:JAJKKE|F5B20DRAFT_mRNA153144	PF22917.3	Partial	None
gene-F5B20DRAFT_153164	rna-gnl|WGS:JAJKKE|F5B20DRAFT_mRNA153164		None	None
gene-F5B20DRAFT_542463	rna-gnl|WGS:JAJKKE|F5B20DRAFT_mRNA542463	PF08240.18	Partial	None
gene-F5B20DRAFT_153160	rna-gnl|WGS:JAJKKE|F5B20DRAFT_mRNA153160		None	None
gene-F5B20DRAFT_580965	rna-gnl|WGS:JAJKKE|F5B20DRAFT_mRNA580965	PF04082.24	Partial	None
gene-F5B20DRAFT_542476	rna-gnl|WGS:JAJKKE|F5B20DRAFT_mRNA542476	PF02746.22,PF13378.13	Partial	None
gene-F5B20DRAFT_153354	rna-gnl|WGS:JAJKKE|F5B20DRAFT_mRNA153354	PF00106.32,PF08659.17,PF13561.13	Partial	None
gene-F5B20DRAFT_542483	rna-gnl|WGS:JAJKKE|F5B20DRAFT_mRNA542483	PF13242.13,PF13344.13	Complete	None
gene-F5B20DRAFT_542510	rna-gnl|WGS:JAJKKE|F5B20DRAFT_mRNA542510	PF00464.26	Partial	None
gene-F5B20DRAFT_153570	rna-gnl|WGS:JAJKKE|F5B20DRAFT_mRNA153570	PF01280.27,PF25476.2	Partial	None
gene-F5B20DRAFT_542519	rna-gnl|WGS:JAJKKE|F5B20DRAFT_mRNA542519	PF02985.29,PF10274.16,PF12074.14,PF13513.13,PF23271.2,PF23271.2,PF24916.2,PF24984.2,PF24987.2,PF24993.2,PF25786.1,PF25801.2,PF26715.1,PF26715.1	Complete	None
gene-F5B20DRAFT_542521	rna-gnl|WGS:JAJKKE|F5B20DRAFT_mRNA542521	PF00270.36,PF00271.38,PF07717.23,PF13401.13,PF21010.3,PF28719.1	Complete	None
gene-F5B20DRAFT_153742	rna-gnl|WGS:JAJKKE|F5B20DRAFT_mRNA153742	PF00076.29,PF00076.29,PF00076.29,PF16842.12,PF23085.2	Complete	None
gene-F5B20DRAFT_590369	rna-gnl|WGS:JAJKKE|F5B20DRAFT_mRNA590369		None	None
gene-F5B20DRAFT_153848	rna-gnl|WGS:JAJKKE|F5B20DRAFT_mRNA153848		None	None
gene-F5B20DRAFT_580976	rna-gnl|WGS:JAJKKE|F5B20DRAFT_mRNA580976	PF00651.38	Partial	None
gene-F5B20DRAFT_154024	rna-gnl|WGS:JAJKKE|F5B20DRAFT_mRNA154024	PF06985.18	Partial	None
gene-F5B20DRAFT_542568	rna-gnl|WGS:JAJKKE|F5B20DRAFT_mRNA542568		None	None
gene-F5B20DRAFT_542571	rna-gnl|WGS:JAJKKE|F5B20DRAFT_mRNA542571		None	None
gene-F5B20DRAFT_542572	rna-gnl|WGS:JAJKKE|F5B20DRAFT_mRNA542572	PF00106.32,PF01370.28,PF02719.22,PF08659.17,PF13561.13	Partial	None
gene-F5B20DRAFT_542574	rna-gnl|WGS:JAJKKE|F5B20DRAFT_mRNA542574	PF24809.2	Partial	None
gene-F5B20DRAFT_580980	rna-gnl|WGS:JAJKKE|F5B20DRAFT_mRNA580980	PF22942.2,PF23232.2	Complete	None
gene-F5B20DRAFT_154188	rna-gnl|WGS:JAJKKE|F5B20DRAFT_mRNA154188	PF05730.17	Partial	None
gene-F5B20DRAFT_580982	rna-gnl|WGS:JAJKKE|F5B20DRAFT_mRNA580982		None	None
gene-F5B20DRAFT_542587	rna-gnl|WGS:JAJKKE|F5B20DRAFT_mRNA542587	PF00237.25	Partial	None
gene-F5B20DRAFT_580984	rna-gnl|WGS:JAJKKE|F5B20DRAFT_mRNA580984		None	None
gene-F5B20DRAFT_542597	rna-gnl|WGS:JAJKKE|F5B20DRAFT_mRNA542597	PF11093.14	Partial	None
gene-F5B20DRAFT_590389	rna-gnl|WGS:JAJKKE|F5B20DRAFT_mRNA590389		None	None
gene-F5B20DRAFT_154476	rna-gnl|WGS:JAJKKE|F5B20DRAFT_mRNA154476	PF03101.22	Complete	None
gene-F5B20DRAFT_590391	rna-gnl|WGS:JAJKKE|F5B20DRAFT_mRNA590391	PF00857.27,PF13532.13,PF14497.12,PF24470.2	Complete	None
gene-F5B20DRAFT_154552	rna-gnl|WGS:JAJKKE|F5B20DRAFT_mRNA154552	PF00069.32,PF00560.40,PF06293.21,PF07714.24,PF13855.13	Partial	None
gene-F5B20DRAFT_154516	rna-gnl|WGS:JAJKKE|F5B20DRAFT_mRNA154516	PF07524.20,PF10406.15	Complete	None
gene-F5B20DRAFT_542614	rna-gnl|WGS:JAJKKE|F5B20DRAFT_mRNA542614	PF00400.39,PF00400.39,PF00400.39,PF00400.39,PF00400.39,PF00400.39	Complete	None
gene-F5B20DRAFT_154783	rna-gnl|WGS:JAJKKE|F5B20DRAFT_mRNA154783	PF02116.21	Partial	None
gene-F5B20DRAFT_154800	rna-gnl|WGS:JAJKKE|F5B20DRAFT_mRNA154800	PF00562.34,PF04560.26,PF04561.20,PF04563.21,PF04565.22,PF04566.19,PF04567.23	Complete	None
gene-F5B20DRAFT_590393	rna-gnl|WGS:JAJKKE|F5B20DRAFT_mRNA590393	PF00703.28,PF02836.24,PF02837.25,PF22666.3	Complete	None
gene-F5B20DRAFT_580997	rna-gnl|WGS:JAJKKE|F5B20DRAFT_mRNA580997	PF00933.28,PF01915.28,PF14310.13	Complete	None
gene-F5B20DRAFT_154918	rna-gnl|WGS:JAJKKE|F5B20DRAFT_mRNA154918	PF02544.22	Partial	None
gene-F5B20DRAFT_590397	rna-gnl|WGS:JAJKKE|F5B20DRAFT_mRNA590397	PF00106.32,PF00107.33,PF00109.33,PF00550.32,PF00668.26,PF00698.27,PF02801.29,PF08240.18,PF08659.17,PF13602.13,PF14765.13,PF16197.12,PF21089.4,PF23114.1,PF23297.2	Complete	None
gene-F5B20DRAFT_581000	rna-gnl|WGS:JAJKKE|F5B20DRAFT_mRNA581000	PF00083.31,PF06609.19,PF07690.22	Partial	None
gene-F5B20DRAFT_590399	rna-gnl|WGS:JAJKKE|F5B20DRAFT_mRNA590399	PF27522.2	Partial	None
gene-F5B20DRAFT_581002	rna-gnl|WGS:JAJKKE|F5B20DRAFT_mRNA581002	PF27522.2	Partial	None
gene-F5B20DRAFT_155243	rna-gnl|WGS:JAJKKE|F5B20DRAFT_mRNA155243	PF00009.34,PF00679.31,PF06421.18	Complete	None
gene-F5B20DRAFT_542654	rna-gnl|WGS:JAJKKE|F5B20DRAFT_mRNA542654	PF02301.24	Partial	None
gene-F5B20DRAFT_542657	rna-gnl|WGS:JAJKKE|F5B20DRAFT_mRNA542657	PF00443.36,PF00627.38,PF00627.38,PF02148.26,PF13423.13,PF17807.8,PF22562.3,PF22562.3	Complete	None
gene-F5B20DRAFT_155334	rna-gnl|WGS:JAJKKE|F5B20DRAFT_mRNA155334	PF01592.22	Partial	None
gene-F5B20DRAFT_542661	rna-gnl|WGS:JAJKKE|F5B20DRAFT_mRNA542661	PF00270.36,PF00271.38	Complete	None
gene-F5B20DRAFT_570843	rna-gnl|WGS:JAJKKE|F5B20DRAFT_mRNA570843	PF04506.19	Partial	None
gene-F5B20DRAFT_155439	rna-gnl|WGS:JAJKKE|F5B20DRAFT_mRNA155439	PF00083.31,PF07690.22	Partial	None
gene-F5B20DRAFT_155536	rna-gnl|WGS:JAJKKE|F5B20DRAFT_mRNA155536	PF06330.17	Partial	None
gene-F5B20DRAFT_542680	rna-gnl|WGS:JAJKKE|F5B20DRAFT_mRNA542680	PF04082.24	Partial	None
gene-F5B20DRAFT_155551	rna-gnl|WGS:JAJKKE|F5B20DRAFT_mRNA155551	PF00109.33,PF00550.32,PF00698.27,PF02801.29,PF14765.13,PF16073.11,PF16197.12,PF22336.3,PF22621.3	Complete	None
gene-F5B20DRAFT_542689	rna-gnl|WGS:JAJKKE|F5B20DRAFT_mRNA542689	PF00753.34	Partial	None
gene-F5B20DRAFT_581014	rna-gnl|WGS:JAJKKE|F5B20DRAFT_mRNA581014	PF01494.26	Partial	None
gene-F5B20DRAFT_590403	rna-gnl|WGS:JAJKKE|F5B20DRAFT_mRNA590403	PF00083.31,PF07690.22	Partial	None
gene-F5B20DRAFT_581016	rna-gnl|WGS:JAJKKE|F5B20DRAFT_mRNA581016	PF00069.32,PF06985.18,PF07714.24	Complete	None
gene-F5B20DRAFT_155895	rna-gnl|WGS:JAJKKE|F5B20DRAFT_mRNA155895		None	None
gene-F5B20DRAFT_542724	rna-gnl|WGS:JAJKKE|F5B20DRAFT_mRNA542724	PF00533.34,PF12738.14,PF16892.11,PF16893.12	Complete	None
gene-F5B20DRAFT_542725	rna-gnl|WGS:JAJKKE|F5B20DRAFT_mRNA542725		None	None
gene-F5B20DRAFT_542727	rna-gnl|WGS:JAJKKE|F5B20DRAFT_mRNA542727	PF01176.27	Partial	None
gene-F5B20DRAFT_155912	rna-gnl|WGS:JAJKKE|F5B20DRAFT_mRNA155912		None	None
gene-F5B20DRAFT_155934	rna-gnl|WGS:JAJKKE|F5B20DRAFT_mRNA155934	PF00568.30	Partial	None
gene-F5B20DRAFT_155969	rna-gnl|WGS:JAJKKE|F5B20DRAFT_mRNA155969		None	None
gene-F5B20DRAFT_155983	rna-gnl|WGS:JAJKKE|F5B20DRAFT_mRNA155983	PF02732.22	Complete	None
gene-F5B20DRAFT_155989	rna-gnl|WGS:JAJKKE|F5B20DRAFT_mRNA155989		None	None
gene-F5B20DRAFT_542737	rna-gnl|WGS:JAJKKE|F5B20DRAFT_mRNA542737		None	None
gene-F5B20DRAFT_156034	rna-gnl|WGS:JAJKKE|F5B20DRAFT_mRNA156034		None	None
gene-F5B20DRAFT_156262	rna-gnl|WGS:JAJKKE|F5B20DRAFT_mRNA156262	PF00319.24	Partial	None
gene-F5B20DRAFT_156358	rna-gnl|WGS:JAJKKE|F5B20DRAFT_mRNA156358	PF04145.21	Partial	None
gene-F5B20DRAFT_156596	rna-gnl|WGS:JAJKKE|F5B20DRAFT_mRNA156596	PF00096.33,PF00096.33	Complete	None
gene-F5B20DRAFT_156833	rna-gnl|WGS:JAJKKE|F5B20DRAFT_mRNA156833	PF00067.28	Partial	None
gene-F5B20DRAFT_542837	rna-gnl|WGS:JAJKKE|F5B20DRAFT_mRNA542837	PF03211.20	Partial	None
gene-F5B20DRAFT_542840	rna-gnl|WGS:JAJKKE|F5B20DRAFT_mRNA542840	PF06432.17	Partial	None
gene-F5B20DRAFT_156914	rna-gnl|WGS:JAJKKE|F5B20DRAFT_mRNA156914		None	None
gene-F5B20DRAFT_542857	rna-gnl|WGS:JAJKKE|F5B20DRAFT_mRNA542857		None	None
gene-F5B20DRAFT_590444	rna-gnl|WGS:JAJKKE|F5B20DRAFT_mRNA590444	PF00651.38	Partial	None
gene-F5B20DRAFT_590446	rna-gnl|WGS:JAJKKE|F5B20DRAFT_mRNA590446	PF00890.31,PF01266.31,PF01593.31,PF13450.13	Partial	None
gene-F5B20DRAFT_157000	rna-gnl|WGS:JAJKKE|F5B20DRAFT_mRNA157000	PF00494.25,PF18916.6	Partial	None
gene-F5B20DRAFT_581038	rna-gnl|WGS:JAJKKE|F5B20DRAFT_mRNA581038	PF03061.29	Complete	None
gene-F5B20DRAFT_581039	rna-gnl|WGS:JAJKKE|F5B20DRAFT_mRNA581039	PF00875.25,PF03441.20	Complete	None
gene-F5B20DRAFT_156990	rna-gnl|WGS:JAJKKE|F5B20DRAFT_mRNA156990	PF00096.33	Complete	None
gene-F5B20DRAFT_542871	rna-gnl|WGS:JAJKKE|F5B20DRAFT_mRNA542871		None	None
gene-F5B20DRAFT_542872	rna-gnl|WGS:JAJKKE|F5B20DRAFT_mRNA542872	PF09816.15	Partial	None
gene-F5B20DRAFT_542874	rna-gnl|WGS:JAJKKE|F5B20DRAFT_mRNA542874	PF05873.18	Partial	None
gene-F5B20DRAFT_542876	rna-gnl|WGS:JAJKKE|F5B20DRAFT_mRNA542876	PF01849.24,PF19026.8	Complete	None
gene-F5B20DRAFT_542882	rna-gnl|WGS:JAJKKE|F5B20DRAFT_mRNA542882	PF01929.24	Partial	None
gene-F5B20DRAFT_157359	rna-gnl|WGS:JAJKKE|F5B20DRAFT_mRNA157359		None	None
gene-F5B20DRAFT_570860	rna-gnl|WGS:JAJKKE|F5B20DRAFT_mRNA570860	PF01485.28	Complete	None
gene-F5B20DRAFT_581049	rna-gnl|WGS:JAJKKE|F5B20DRAFT_mRNA581049	PF01828.25	Partial	None
gene-F5B20DRAFT_581050	rna-gnl|WGS:JAJKKE|F5B20DRAFT_mRNA581050	PF00448.29,PF02881.25,PF03308.23,PF04086.21	Complete	None
gene-F5B20DRAFT_157426	rna-gnl|WGS:JAJKKE|F5B20DRAFT_mRNA157426	PF03878.21	Partial	None
gene-F5B20DRAFT_157424	rna-gnl|WGS:JAJKKE|F5B20DRAFT_mRNA157424	PF04117.18	Complete	None
gene-F5B20DRAFT_581053	rna-gnl|WGS:JAJKKE|F5B20DRAFT_mRNA581053		None	None
gene-F5B20DRAFT_157453	rna-gnl|WGS:JAJKKE|F5B20DRAFT_mRNA157453		None	None
gene-F5B20DRAFT_590455	rna-gnl|WGS:JAJKKE|F5B20DRAFT_mRNA590455		None	None
gene-F5B20DRAFT_542896	rna-gnl|WGS:JAJKKE|F5B20DRAFT_mRNA542896		None	None
gene-F5B20DRAFT_157727	rna-gnl|WGS:JAJKKE|F5B20DRAFT_mRNA157727		None	None
gene-F5B20DRAFT_590459	rna-gnl|WGS:JAJKKE|F5B20DRAFT_mRNA590459	PF00069.32,PF07714.24,PF17667.8	Partial	None
gene-F5B20DRAFT_157468	rna-gnl|WGS:JAJKKE|F5B20DRAFT_mRNA157468	PF22669.3	Partial	None
gene-F5B20DRAFT_590463	rna-gnl|WGS:JAJKKE|F5B20DRAFT_mRNA590463	PF01636.30	Partial	None
gene-F5B20DRAFT_157866	rna-gnl|WGS:JAJKKE|F5B20DRAFT_mRNA157866	PF00657.29,PF13472.13	Partial	None
gene-F5B20DRAFT_542924	rna-gnl|WGS:JAJKKE|F5B20DRAFT_mRNA542924	PF24539.2	Complete	None
gene-F5B20DRAFT_157918	rna-gnl|WGS:JAJKKE|F5B20DRAFT_mRNA157918	PF00018.35,PF07653.24,PF14604.13	Complete	None
gene-F5B20DRAFT_157894	rna-gnl|WGS:JAJKKE|F5B20DRAFT_mRNA157894	PF03972.20,PF19305.5	Complete	None
gene-F5B20DRAFT_158024	rna-gnl|WGS:JAJKKE|F5B20DRAFT_mRNA158024	PF00149.34	Partial	None
gene-F5B20DRAFT_158030	rna-gnl|WGS:JAJKKE|F5B20DRAFT_mRNA158030	PF00106.32,PF08659.17,PF13561.13,PF23441.1	Partial	None
gene-F5B20DRAFT_158045	rna-gnl|WGS:JAJKKE|F5B20DRAFT_mRNA158045	PF03169.21	Partial	None
gene-F5B20DRAFT_158060	rna-gnl|WGS:JAJKKE|F5B20DRAFT_mRNA158060	PF02391.23	Partial	None
gene-F5B20DRAFT_158141	rna-gnl|WGS:JAJKKE|F5B20DRAFT_mRNA158141	PF00076.29,PF01585.29	Complete	None
gene-F5B20DRAFT_158217	rna-gnl|WGS:JAJKKE|F5B20DRAFT_mRNA158217	PF00026.29,PF14543.12	Partial	None
gene-F5B20DRAFT_581069	rna-gnl|WGS:JAJKKE|F5B20DRAFT_mRNA581069	PF00106.32,PF00109.33,PF00698.27,PF02801.29,PF08240.18,PF08659.17,PF14765.13,PF16197.12,PF21089.4,PF22621.3,PF23114.1	Complete	None
gene-F5B20DRAFT_542964	rna-gnl|WGS:JAJKKE|F5B20DRAFT_mRNA542964	PF06609.19,PF07690.22	Partial	None
gene-F5B20DRAFT_542966	rna-gnl|WGS:JAJKKE|F5B20DRAFT_mRNA542966	PF01636.30,PF02958.27,PF07914.18	Partial	None
gene-F5B20DRAFT_542968	rna-gnl|WGS:JAJKKE|F5B20DRAFT_mRNA542968	PF14200.13	Partial	None
gene-F5B20DRAFT_158379	rna-gnl|WGS:JAJKKE|F5B20DRAFT_mRNA158379		None	None
gene-F5B20DRAFT_581074	rna-gnl|WGS:JAJKKE|F5B20DRAFT_mRNA581074	PF03737.22	Partial	None
gene-F5B20DRAFT_542975	rna-gnl|WGS:JAJKKE|F5B20DRAFT_mRNA542975	PF00072.31,PF00989.32,PF02518.32,PF13188.14,PF26131.1	Complete	None
gene-F5B20DRAFT_542981	rna-gnl|WGS:JAJKKE|F5B20DRAFT_mRNA542981	PF01425.27	Partial	None
gene-F5B20DRAFT_158520	rna-gnl|WGS:JAJKKE|F5B20DRAFT_mRNA158520	PF09811.15	Complete	None
gene-F5B20DRAFT_590477	rna-gnl|WGS:JAJKKE|F5B20DRAFT_mRNA590477	PF00230.26	Partial	None
gene-F5B20DRAFT_158547	rna-gnl|WGS:JAJKKE|F5B20DRAFT_mRNA158547	PF11327.14	Partial	None
gene-F5B20DRAFT_570881	rna-gnl|WGS:JAJKKE|F5B20DRAFT_mRNA570881	PF00743.26,PF07992.21,PF13434.13,PF13738.13	Partial	None
gene-F5B20DRAFT_158609	rna-gnl|WGS:JAJKKE|F5B20DRAFT_mRNA158609		None	None
gene-F5B20DRAFT_158559	rna-gnl|WGS:JAJKKE|F5B20DRAFT_mRNA158559	PF24883.3	Partial	None
gene-F5B20DRAFT_581089	rna-gnl|WGS:JAJKKE|F5B20DRAFT_mRNA581089	PF00860.27	Partial	None
gene-F5B20DRAFT_158879	rna-gnl|WGS:JAJKKE|F5B20DRAFT_mRNA158879	PF03987.21	Partial	None
gene-F5B20DRAFT_570885	rna-gnl|WGS:JAJKKE|F5B20DRAFT_mRNA570885		None	None
gene-F5B20DRAFT_158856	rna-gnl|WGS:JAJKKE|F5B20DRAFT_mRNA158856	PF09807.16	Partial	None
gene-F5B20DRAFT_570887	rna-gnl|WGS:JAJKKE|F5B20DRAFT_mRNA570887	PF00083.31,PF07690.22,PF07690.22	Partial	None
gene-F5B20DRAFT_159089	rna-gnl|WGS:JAJKKE|F5B20DRAFT_mRNA159089		None	None
gene-F5B20DRAFT_159078	rna-gnl|WGS:JAJKKE|F5B20DRAFT_mRNA159078	PF05336.20	Partial	None
gene-F5B20DRAFT_159076	rna-gnl|WGS:JAJKKE|F5B20DRAFT_mRNA159076	PF01169.26,PF01169.26	Complete	None
gene-F5B20DRAFT_159183	rna-gnl|WGS:JAJKKE|F5B20DRAFT_mRNA159183		None	None
gene-F5B20DRAFT_543038	rna-gnl|WGS:JAJKKE|F5B20DRAFT_mRNA543038	PF00009.34,PF03143.24,PF03144.32,PF22594.3	Complete	None
gene-F5B20DRAFT_543040	rna-gnl|WGS:JAJKKE|F5B20DRAFT_mRNA543040	PF14611.14,PF20776.4,PF20778.4	Complete	None
gene-F5B20DRAFT_581099	rna-gnl|WGS:JAJKKE|F5B20DRAFT_mRNA581099	PF01454.26	Partial	None
gene-F5B20DRAFT_159477	rna-gnl|WGS:JAJKKE|F5B20DRAFT_mRNA159477		None	None
gene-F5B20DRAFT_570896	rna-gnl|WGS:JAJKKE|F5B20DRAFT_mRNA570896		None	None
gene-F5B20DRAFT_159384	rna-gnl|WGS:JAJKKE|F5B20DRAFT_mRNA159384	PF05347.22,PF13232.12,PF13233.13,PF20263.5	Partial	None
gene-F5B20DRAFT_543054	rna-gnl|WGS:JAJKKE|F5B20DRAFT_mRNA543054		None	None
gene-F5B20DRAFT_159665	rna-gnl|WGS:JAJKKE|F5B20DRAFT_mRNA159665	PF01507.26	Partial	None
gene-F5B20DRAFT_543059	rna-gnl|WGS:JAJKKE|F5B20DRAFT_mRNA543059	PF00702.33,PF08282.19,PF12710.14	Partial	None
gene-F5B20DRAFT_543062	rna-gnl|WGS:JAJKKE|F5B20DRAFT_mRNA543062	PF28569.1	Partial	None
gene-F5B20DRAFT_570900	rna-gnl|WGS:JAJKKE|F5B20DRAFT_mRNA570900	PF01529.26	Complete	None
gene-F5B20DRAFT_581108	rna-gnl|WGS:JAJKKE|F5B20DRAFT_mRNA581108	PF14683.13,PF14686.13	Complete	None
gene-F5B20DRAFT_543067	rna-gnl|WGS:JAJKKE|F5B20DRAFT_mRNA543067		None	None
gene-F5B20DRAFT_581110	rna-gnl|WGS:JAJKKE|F5B20DRAFT_mRNA581110	PF00046.36	Partial	None
gene-F5B20DRAFT_159764	rna-gnl|WGS:JAJKKE|F5B20DRAFT_mRNA159764	PF12326.14	Partial	None
gene-F5B20DRAFT_159817	rna-gnl|WGS:JAJKKE|F5B20DRAFT_mRNA159817	PF04280.22	Partial	None
gene-F5B20DRAFT_159806	rna-gnl|WGS:JAJKKE|F5B20DRAFT_mRNA159806	PF00474.24	Partial	None
gene-F5B20DRAFT_543082	rna-gnl|WGS:JAJKKE|F5B20DRAFT_mRNA543082		None	None
gene-F5B20DRAFT_159830	rna-gnl|WGS:JAJKKE|F5B20DRAFT_mRNA159830		None	None
gene-F5B20DRAFT_159851	rna-gnl|WGS:JAJKKE|F5B20DRAFT_mRNA159851	PF00076.29,PF00076.29	Complete	None
gene-F5B20DRAFT_159883	rna-gnl|WGS:JAJKKE|F5B20DRAFT_mRNA159883	PF00205.29,PF02775.27,PF02776.24	Complete	None
gene-F5B20DRAFT_160063	rna-gnl|WGS:JAJKKE|F5B20DRAFT_mRNA160063	PF00128.32	Partial	None
gene-F5B20DRAFT_159969	rna-gnl|WGS:JAJKKE|F5B20DRAFT_mRNA159969	PF07956.17	Partial	None
gene-F5B20DRAFT_160057	rna-gnl|WGS:JAJKKE|F5B20DRAFT_mRNA160057	PF02676.20	Partial	None
gene-F5B20DRAFT_543102	rna-gnl|WGS:JAJKKE|F5B20DRAFT_mRNA543102	PF01253.28	Partial	None
gene-F5B20DRAFT_543105	rna-gnl|WGS:JAJKKE|F5B20DRAFT_mRNA543105	PF07757.19,PF28462.1	Complete	None
gene-F5B20DRAFT_543109	rna-gnl|WGS:JAJKKE|F5B20DRAFT_mRNA543109	PF01602.27,PF08752.17,PF13646.13,PF16381.11	Complete	None
gene-F5B20DRAFT_543110	rna-gnl|WGS:JAJKKE|F5B20DRAFT_mRNA543110	PF01066.27	Partial	None
gene-F5B20DRAFT_160173	rna-gnl|WGS:JAJKKE|F5B20DRAFT_mRNA160173	PF00170.27	Complete	None
gene-F5B20DRAFT_160129	rna-gnl|WGS:JAJKKE|F5B20DRAFT_mRNA160129		None	None
gene-F5B20DRAFT_581125	rna-gnl|WGS:JAJKKE|F5B20DRAFT_mRNA581125		None	None
gene-F5B20DRAFT_160289	rna-gnl|WGS:JAJKKE|F5B20DRAFT_mRNA160289	PF00735.25,PF00735.25,PF00735.25	Partial	None
gene-F5B20DRAFT_160334	rna-gnl|WGS:JAJKKE|F5B20DRAFT_mRNA160334	PF03109.23	Partial	None
gene-F5B20DRAFT_160507	rna-gnl|WGS:JAJKKE|F5B20DRAFT_mRNA160507	PF06687.18	Partial	None
gene-F5B20DRAFT_581129	rna-gnl|WGS:JAJKKE|F5B20DRAFT_mRNA581129		None	None
gene-F5B20DRAFT_543176	rna-gnl|WGS:JAJKKE|F5B20DRAFT_mRNA543176	PF01157.25	Partial	None
gene-F5B20DRAFT_581132	rna-gnl|WGS:JAJKKE|F5B20DRAFT_mRNA581132	PF00163.25,PF01479.31	Complete	None
gene-F5B20DRAFT_543181	rna-gnl|WGS:JAJKKE|F5B20DRAFT_mRNA543181	PF11708.14,PF30379.1	Complete	None
gene-F5B20DRAFT_161116	rna-gnl|WGS:JAJKKE|F5B20DRAFT_mRNA161116	PF00136.27,PF03104.26,PF14260.12,PF24055.3,PF24065.2	Complete	None
gene-F5B20DRAFT_160940	rna-gnl|WGS:JAJKKE|F5B20DRAFT_mRNA160940	PF22939.3,PF24809.2,PF24883.3	Complete	None
gene-F5B20DRAFT_543200	rna-gnl|WGS:JAJKKE|F5B20DRAFT_mRNA543200	PF00176.30,PF00270.36,PF00271.38,PF04851.22	Complete	None
gene-F5B20DRAFT_161225	rna-gnl|WGS:JAJKKE|F5B20DRAFT_mRNA161225	PF15413.13	Partial	None
gene-F5B20DRAFT_161204	rna-gnl|WGS:JAJKKE|F5B20DRAFT_mRNA161204	PF02046.21	Partial	None
gene-F5B20DRAFT_543233	rna-gnl|WGS:JAJKKE|F5B20DRAFT_mRNA543233	PF03372.30,PF06839.18	Complete	None
gene-F5B20DRAFT_590535	rna-gnl|WGS:JAJKKE|F5B20DRAFT_mRNA590535		None	None
gene-F5B20DRAFT_581141	rna-gnl|WGS:JAJKKE|F5B20DRAFT_mRNA581141		None	None
gene-F5B20DRAFT_581142	rna-gnl|WGS:JAJKKE|F5B20DRAFT_mRNA581142		None	None
gene-F5B20DRAFT_543237	rna-gnl|WGS:JAJKKE|F5B20DRAFT_mRNA543237	PF01608.24,PF07651.23	Complete	None
gene-F5B20DRAFT_543240	rna-gnl|WGS:JAJKKE|F5B20DRAFT_mRNA543240	PF08547.19	Partial	None
gene-F5B20DRAFT_543244	rna-gnl|WGS:JAJKKE|F5B20DRAFT_mRNA543244	PF12862.14	Complete	None
gene-F5B20DRAFT_543246	rna-gnl|WGS:JAJKKE|F5B20DRAFT_mRNA543246		None	None
gene-F5B20DRAFT_161379	rna-gnl|WGS:JAJKKE|F5B20DRAFT_mRNA161379	PF01794.26,PF08022.19,PF08030.18	Complete	None
gene-F5B20DRAFT_543267	rna-gnl|WGS:JAJKKE|F5B20DRAFT_mRNA543267	PF00682.26,PF08502.16,PF22615.2	Complete	None
gene-F5B20DRAFT_161519	rna-gnl|WGS:JAJKKE|F5B20DRAFT_mRNA161519		None	None
gene-F5B20DRAFT_161504	rna-gnl|WGS:JAJKKE|F5B20DRAFT_mRNA161504	PF02985.29,PF03810.26,PF13513.13,PF25574.2	Complete	None
gene-F5B20DRAFT_543271	rna-gnl|WGS:JAJKKE|F5B20DRAFT_mRNA543271	PF04082.24	Partial	None
gene-F5B20DRAFT_590554	rna-gnl|WGS:JAJKKE|F5B20DRAFT_mRNA590554	PF00067.28	Partial	None
gene-F5B20DRAFT_161711	rna-gnl|WGS:JAJKKE|F5B20DRAFT_mRNA161711	PF06428.17,PF25555.3	Complete	None
gene-F5B20DRAFT_543287	rna-gnl|WGS:JAJKKE|F5B20DRAFT_mRNA543287	PF01565.29,PF04030.20	Partial	None
gene-F5B20DRAFT_161796	rna-gnl|WGS:JAJKKE|F5B20DRAFT_mRNA161796		None	None
gene-F5B20DRAFT_590560	rna-gnl|WGS:JAJKKE|F5B20DRAFT_mRNA590560	PF04824.22,PF04825.19	Complete	None
gene-F5B20DRAFT_570937	rna-gnl|WGS:JAJKKE|F5B20DRAFT_mRNA570937	PF00996.25,PF00996.25	Partial	None
gene-F5B20DRAFT_543299	rna-gnl|WGS:JAJKKE|F5B20DRAFT_mRNA543299	PF01138.28,PF03725.21	Complete	None
gene-F5B20DRAFT_581160	rna-gnl|WGS:JAJKKE|F5B20DRAFT_mRNA581160		None	None
gene-F5B20DRAFT_161897	rna-gnl|WGS:JAJKKE|F5B20DRAFT_mRNA161897	PF01794.26,PF08022.19,PF08030.18	Complete	None
gene-F5B20DRAFT_162057	rna-gnl|WGS:JAJKKE|F5B20DRAFT_mRNA162057	PF00023.37,PF00023.37,PF00023.37,PF12796.14,PF12796.14,PF12796.14	Complete	None
gene-F5B20DRAFT_162058	rna-gnl|WGS:JAJKKE|F5B20DRAFT_mRNA162058	PF02656.21	Partial	None
gene-F5B20DRAFT_543321	rna-gnl|WGS:JAJKKE|F5B20DRAFT_mRNA543321	PF00628.36,PF30811.1	Complete	None
gene-F5B20DRAFT_162148	rna-gnl|WGS:JAJKKE|F5B20DRAFT_mRNA162148	PF00096.33,PF00096.33	Complete	None
gene-F5B20DRAFT_162306	rna-gnl|WGS:JAJKKE|F5B20DRAFT_mRNA162306		None	None
gene-F5B20DRAFT_162221	rna-gnl|WGS:JAJKKE|F5B20DRAFT_mRNA162221	PF13472.13	Partial	None
gene-F5B20DRAFT_162393	rna-gnl|WGS:JAJKKE|F5B20DRAFT_mRNA162393	PF02996.23	Partial	None
gene-F5B20DRAFT_581172	rna-gnl|WGS:JAJKKE|F5B20DRAFT_mRNA581172	PF25482.2	Partial	None
gene-F5B20DRAFT_162456	rna-gnl|WGS:JAJKKE|F5B20DRAFT_mRNA162456	PF00004.36,PF01426.25,PF13191.13,PF13401.13,PF17872.8,PF21312.5,PF22606.3	Complete	None
gene-F5B20DRAFT_581174	rna-gnl|WGS:JAJKKE|F5B20DRAFT_mRNA581174	PF00400.39,PF00400.39,PF00400.39,PF00400.39,PF00400.39,PF00400.39,PF00400.39	Complete	None
gene-F5B20DRAFT_162538	rna-gnl|WGS:JAJKKE|F5B20DRAFT_mRNA162538	PF00023.37,PF00023.37,PF00023.37,PF12796.14,PF12796.14,PF13606.13,PF13606.13,PF13637.13,PF13637.13,PF13637.13,PF13857.13,PF13857.13	Complete	None
gene-F5B20DRAFT_162542	rna-gnl|WGS:JAJKKE|F5B20DRAFT_mRNA162542	PF12325.14,PF12329.14	Complete	None
gene-F5B20DRAFT_543389	rna-gnl|WGS:JAJKKE|F5B20DRAFT_mRNA543389	PF05875.19	Partial	None
gene-F5B20DRAFT_543391	rna-gnl|WGS:JAJKKE|F5B20DRAFT_mRNA543391	PF01920.26	Partial	None
gene-F5B20DRAFT_162581	rna-gnl|WGS:JAJKKE|F5B20DRAFT_mRNA162581		None	None
gene-F5B20DRAFT_162595	rna-gnl|WGS:JAJKKE|F5B20DRAFT_mRNA162595	PF00153.33,PF00153.33,PF00153.33	Complete	None
gene-F5B20DRAFT_162594	rna-gnl|WGS:JAJKKE|F5B20DRAFT_mRNA162594	PF04124.19,PF04124.19	Partial	None
gene-F5B20DRAFT_581182	rna-gnl|WGS:JAJKKE|F5B20DRAFT_mRNA581182	PF03798.22	Partial	None
gene-F5B20DRAFT_162770	rna-gnl|WGS:JAJKKE|F5B20DRAFT_mRNA162770	PF00018.35,PF00018.35,PF00018.35,PF03983.19,PF07653.24,PF07653.24,PF14604.13,PF14604.13,PF24081.2	Complete	None
gene-F5B20DRAFT_162810	rna-gnl|WGS:JAJKKE|F5B20DRAFT_mRNA162810		None	None
gene-F5B20DRAFT_543416	rna-gnl|WGS:JAJKKE|F5B20DRAFT_mRNA543416	PF00962.29,PF19326.6	Complete	None
gene-F5B20DRAFT_543426	rna-gnl|WGS:JAJKKE|F5B20DRAFT_mRNA543426	PF08449.18	Partial	None
gene-F5B20DRAFT_543429	rna-gnl|WGS:JAJKKE|F5B20DRAFT_mRNA543429	PF00400.39,PF00400.39	Complete	None
gene-F5B20DRAFT_163001	rna-gnl|WGS:JAJKKE|F5B20DRAFT_mRNA163001		None	None
gene-F5B20DRAFT_543432	rna-gnl|WGS:JAJKKE|F5B20DRAFT_mRNA543432	PF00350.30,PF01031.26,PF02212.24	Complete	None
gene-F5B20DRAFT_543448	rna-gnl|WGS:JAJKKE|F5B20DRAFT_mRNA543448	PF13516.13,PF13516.13	Complete	None
gene-F5B20DRAFT_543449	rna-gnl|WGS:JAJKKE|F5B20DRAFT_mRNA543449	PF25422.2	Complete	None
gene-F5B20DRAFT_543451	rna-gnl|WGS:JAJKKE|F5B20DRAFT_mRNA543451		None	None
gene-F5B20DRAFT_163099	rna-gnl|WGS:JAJKKE|F5B20DRAFT_mRNA163099	PF00400.39,PF00400.39,PF00400.39	Complete	None
gene-F5B20DRAFT_581192	rna-gnl|WGS:JAJKKE|F5B20DRAFT_mRNA581192	PF00076.29	Partial	None
gene-F5B20DRAFT_163394	rna-gnl|WGS:JAJKKE|F5B20DRAFT_mRNA163394	PF03987.21	Partial	None
gene-F5B20DRAFT_163155	rna-gnl|WGS:JAJKKE|F5B20DRAFT_mRNA163155	PF01532.27	Partial	None
gene-F5B20DRAFT_543460	rna-gnl|WGS:JAJKKE|F5B20DRAFT_mRNA543460	PF00324.28,PF13520.13	Partial	None
gene-F5B20DRAFT_163424	rna-gnl|WGS:JAJKKE|F5B20DRAFT_mRNA163424		None	None
gene-F5B20DRAFT_543463	rna-gnl|WGS:JAJKKE|F5B20DRAFT_mRNA543463		None	None
gene-F5B20DRAFT_543464	rna-gnl|WGS:JAJKKE|F5B20DRAFT_mRNA543464	PF15901.11,PF15901.11,PF15902.13,PF15902.13	Complete	None
gene-F5B20DRAFT_163482	rna-gnl|WGS:JAJKKE|F5B20DRAFT_mRNA163482		None	None
gene-F5B20DRAFT_543469	rna-gnl|WGS:JAJKKE|F5B20DRAFT_mRNA543469		None	None
gene-F5B20DRAFT_543474	rna-gnl|WGS:JAJKKE|F5B20DRAFT_mRNA543474	PF00575.30,PF03876.23	Partial	None
gene-F5B20DRAFT_543482	rna-gnl|WGS:JAJKKE|F5B20DRAFT_mRNA543482	PF06127.17	Partial	None
gene-F5B20DRAFT_543483	rna-gnl|WGS:JAJKKE|F5B20DRAFT_mRNA543483		None	None
gene-F5B20DRAFT_581203	rna-gnl|WGS:JAJKKE|F5B20DRAFT_mRNA581203		None	None
gene-F5B20DRAFT_163700	rna-gnl|WGS:JAJKKE|F5B20DRAFT_mRNA163700	PF00172.24,PF04082.24	Partial	None
gene-F5B20DRAFT_590601	rna-gnl|WGS:JAJKKE|F5B20DRAFT_mRNA590601		None	None
gene-F5B20DRAFT_543516	rna-gnl|WGS:JAJKKE|F5B20DRAFT_mRNA543516	PF00328.28	Partial	None
gene-F5B20DRAFT_543517	rna-gnl|WGS:JAJKKE|F5B20DRAFT_mRNA543517	PF00646.39,PF12937.13	Partial	None
gene-F5B20DRAFT_164127	rna-gnl|WGS:JAJKKE|F5B20DRAFT_mRNA164127	PF00171.28	Partial	None
gene-F5B20DRAFT_543522	rna-gnl|WGS:JAJKKE|F5B20DRAFT_mRNA543522	PF03224.21,PF11698.15	Complete	None
gene-F5B20DRAFT_164146	rna-gnl|WGS:JAJKKE|F5B20DRAFT_mRNA164146	PF00355.33,PF13806.13	Partial	None
gene-F5B20DRAFT_543538	rna-gnl|WGS:JAJKKE|F5B20DRAFT_mRNA543538		None	None
gene-F5B20DRAFT_164366	rna-gnl|WGS:JAJKKE|F5B20DRAFT_mRNA164366	PF00347.29,PF00347.29	Partial	None
gene-F5B20DRAFT_543546	rna-gnl|WGS:JAJKKE|F5B20DRAFT_mRNA543546	PF03643.21	Partial	None
gene-F5B20DRAFT_543548	rna-gnl|WGS:JAJKKE|F5B20DRAFT_mRNA543548	PF11715.17,PF21486.4,PF23300.4,PF23354.2	Complete	None
gene-F5B20DRAFT_543549	rna-gnl|WGS:JAJKKE|F5B20DRAFT_mRNA543549	PF00154.28,PF08423.18,PF13481.13,PF14520.13	Partial	None
gene-F5B20DRAFT_164471	rna-gnl|WGS:JAJKKE|F5B20DRAFT_mRNA164471		None	None
gene-F5B20DRAFT_164435	rna-gnl|WGS:JAJKKE|F5B20DRAFT_mRNA164435	PF00551.25,PF01842.32,PF13740.13	Partial	None
gene-F5B20DRAFT_164427	rna-gnl|WGS:JAJKKE|F5B20DRAFT_mRNA164427		None	None
gene-F5B20DRAFT_543580	rna-gnl|WGS:JAJKKE|F5B20DRAFT_mRNA543580	PF13181.13,PF13424.13	Complete	None
gene-F5B20DRAFT_543581	rna-gnl|WGS:JAJKKE|F5B20DRAFT_mRNA543581	PF05773.28	Partial	None
gene-F5B20DRAFT_543582	rna-gnl|WGS:JAJKKE|F5B20DRAFT_mRNA543582	PF08144.18	Complete	None
gene-F5B20DRAFT_590602	rna-gnl|WGS:JAJKKE|F5B20DRAFT_mRNA590602		None	None
gene-F5B20DRAFT_581224	rna-gnl|WGS:JAJKKE|F5B20DRAFT_mRNA581224	PF03874.22	Partial	None
gene-F5B20DRAFT_543595	rna-gnl|WGS:JAJKKE|F5B20DRAFT_mRNA543595	PF04099.19,PF04628.20	Partial	None
gene-F5B20DRAFT_543625	rna-gnl|WGS:JAJKKE|F5B20DRAFT_mRNA543625	PF00092.35,PF04056.21,PF13519.13	Partial	None
gene-F5B20DRAFT_164938	rna-gnl|WGS:JAJKKE|F5B20DRAFT_mRNA164938	PF10444.15	Partial	None
gene-F5B20DRAFT_164782	rna-gnl|WGS:JAJKKE|F5B20DRAFT_mRNA164782	PF01253.28,PF21023.3	Partial	None
gene-F5B20DRAFT_164922	rna-gnl|WGS:JAJKKE|F5B20DRAFT_mRNA164922	PF08241.19	Complete	None
gene-F5B20DRAFT_590617	rna-gnl|WGS:JAJKKE|F5B20DRAFT_mRNA590617	PF25438.2	Complete	None
gene-F5B20DRAFT_543653	rna-gnl|WGS:JAJKKE|F5B20DRAFT_mRNA543653	PF01633.27,PF01636.30,PF02958.27	Partial	None
gene-F5B20DRAFT_165399	rna-gnl|WGS:JAJKKE|F5B20DRAFT_mRNA165399	PF01544.24	Partial	None
gene-F5B20DRAFT_165460	rna-gnl|WGS:JAJKKE|F5B20DRAFT_mRNA165460	PF00583.32,PF08445.17,PF13508.14,PF13673.14	Partial	None
gene-F5B20DRAFT_165362	rna-gnl|WGS:JAJKKE|F5B20DRAFT_mRNA165362	PF05730.17	Partial	None
gene-F5B20DRAFT_543673	rna-gnl|WGS:JAJKKE|F5B20DRAFT_mRNA543673	PF00488.28,PF05192.24,PF27035.1	Complete	None
gene-F5B20DRAFT_581238	rna-gnl|WGS:JAJKKE|F5B20DRAFT_mRNA581238	PF10270.15	Partial	None
gene-F5B20DRAFT_165517	rna-gnl|WGS:JAJKKE|F5B20DRAFT_mRNA165517	PF00702.33,PF13419.13	Partial	None
gene-F5B20DRAFT_581240	rna-gnl|WGS:JAJKKE|F5B20DRAFT_mRNA581240		None	None
gene-F5B20DRAFT_165533	rna-gnl|WGS:JAJKKE|F5B20DRAFT_mRNA165533	PF00596.28	Partial	None
gene-F5B20DRAFT_543678	rna-gnl|WGS:JAJKKE|F5B20DRAFT_mRNA543678	PF00262.26	Partial	None
gene-F5B20DRAFT_165723	rna-gnl|WGS:JAJKKE|F5B20DRAFT_mRNA165723	PF00190.29	Partial	None
gene-F5B20DRAFT_165732	rna-gnl|WGS:JAJKKE|F5B20DRAFT_mRNA165732	PF03856.19	Partial	None
gene-F5B20DRAFT_581246	rna-gnl|WGS:JAJKKE|F5B20DRAFT_mRNA581246		None	None
gene-F5B20DRAFT_570979	rna-gnl|WGS:JAJKKE|F5B20DRAFT_mRNA570979	PF00108.30,PF02803.25	Complete	None
gene-F5B20DRAFT_543688	rna-gnl|WGS:JAJKKE|F5B20DRAFT_mRNA543688	PF00179.32	Partial	None
gene-F5B20DRAFT_165823	rna-gnl|WGS:JAJKKE|F5B20DRAFT_mRNA165823	PF00225.30,PF16796.12	Partial	None
gene-F5B20DRAFT_543700	rna-gnl|WGS:JAJKKE|F5B20DRAFT_mRNA543700	PF00083.31,PF07690.22	Partial	None
gene-F5B20DRAFT_165928	rna-gnl|WGS:JAJKKE|F5B20DRAFT_mRNA165928	PF00005.34,PF00005.34,PF12848.14,PF13304.13	Complete	None
gene-F5B20DRAFT_543702	rna-gnl|WGS:JAJKKE|F5B20DRAFT_mRNA543702	PF00781.30	Partial	None
gene-F5B20DRAFT_543704	rna-gnl|WGS:JAJKKE|F5B20DRAFT_mRNA543704	PF02005.23	Partial	None
gene-F5B20DRAFT_165966	rna-gnl|WGS:JAJKKE|F5B20DRAFT_mRNA165966	PF18142.7	Partial	None
gene-F5B20DRAFT_165962	rna-gnl|WGS:JAJKKE|F5B20DRAFT_mRNA165962		None	None
gene-F5B20DRAFT_165946	rna-gnl|WGS:JAJKKE|F5B20DRAFT_mRNA165946	PF00583.32,PF13302.14	Partial	None
gene-F5B20DRAFT_543711	rna-gnl|WGS:JAJKKE|F5B20DRAFT_mRNA543711	PF03169.21	Partial	None
gene-F5B20DRAFT_166017	rna-gnl|WGS:JAJKKE|F5B20DRAFT_mRNA166017	PF01812.28	Partial	None
gene-F5B20DRAFT_571000	rna-gnl|WGS:JAJKKE|F5B20DRAFT_mRNA571000		None	None
gene-F5B20DRAFT_166035	rna-gnl|WGS:JAJKKE|F5B20DRAFT_mRNA166035	PF03810.26,PF08389.19,PF24138.2,PF24139.2,PF24140.2	Complete	None
gene-F5B20DRAFT_166056	rna-gnl|WGS:JAJKKE|F5B20DRAFT_mRNA166056	PF00293.35	Partial	None
gene-F5B20DRAFT_581265	rna-gnl|WGS:JAJKKE|F5B20DRAFT_mRNA581265	PF00009.34,PF00679.31,PF03144.32,PF03764.25,PF14492.13,PF22042.3	Complete	None
gene-F5B20DRAFT_166119	rna-gnl|WGS:JAJKKE|F5B20DRAFT_mRNA166119	PF21678.4,PF21678.4,PF25038.1	Partial	None
gene-F5B20DRAFT_543730	rna-gnl|WGS:JAJKKE|F5B20DRAFT_mRNA543730	PF03619.23	Partial	None
gene-F5B20DRAFT_581268	rna-gnl|WGS:JAJKKE|F5B20DRAFT_mRNA581268		None	None
gene-F5B20DRAFT_543733	rna-gnl|WGS:JAJKKE|F5B20DRAFT_mRNA543733	PF14479.12	Partial	None
gene-F5B20DRAFT_581270	rna-gnl|WGS:JAJKKE|F5B20DRAFT_mRNA581270	PF00023.37,PF00023.37,PF00023.37,PF00069.32,PF07714.24,PF12796.14,PF12796.14,PF13606.13	Complete	None
gene-F5B20DRAFT_166240	rna-gnl|WGS:JAJKKE|F5B20DRAFT_mRNA166240	PF07971.19,PF17678.8	Partial	None
gene-F5B20DRAFT_166449	rna-gnl|WGS:JAJKKE|F5B20DRAFT_mRNA166449	PF27566.1	Partial	None
gene-F5B20DRAFT_543743	rna-gnl|WGS:JAJKKE|F5B20DRAFT_mRNA543743	PF15469.13	Partial	None
gene-F5B20DRAFT_543744	rna-gnl|WGS:JAJKKE|F5B20DRAFT_mRNA543744	PF00180.26	Partial	None
gene-F5B20DRAFT_166527	rna-gnl|WGS:JAJKKE|F5B20DRAFT_mRNA166527		None	None
gene-F5B20DRAFT_166540	rna-gnl|WGS:JAJKKE|F5B20DRAFT_mRNA166540	PF00106.32,PF00106.32,PF08659.17,PF13561.13	Partial	None
gene-F5B20DRAFT_543753	rna-gnl|WGS:JAJKKE|F5B20DRAFT_mRNA543753		None	None
gene-F5B20DRAFT_543756	rna-gnl|WGS:JAJKKE|F5B20DRAFT_mRNA543756	PF04450.19	Partial	None
gene-F5B20DRAFT_166598	rna-gnl|WGS:JAJKKE|F5B20DRAFT_mRNA166598	PF12348.15,PF12348.15	Partial	None
gene-F5B20DRAFT_581281	rna-gnl|WGS:JAJKKE|F5B20DRAFT_mRNA581281	PF02156.22	Partial	None
gene-F5B20DRAFT_543764	rna-gnl|WGS:JAJKKE|F5B20DRAFT_mRNA543764	PF11807.14	Partial	None
gene-F5B20DRAFT_543765	rna-gnl|WGS:JAJKKE|F5B20DRAFT_mRNA543765		None	None
gene-F5B20DRAFT_166791	rna-gnl|WGS:JAJKKE|F5B20DRAFT_mRNA166791	PF11807.14	Partial	None
gene-F5B20DRAFT_166674	rna-gnl|WGS:JAJKKE|F5B20DRAFT_mRNA166674	PF20684.4	Partial	None
gene-F5B20DRAFT_571002	rna-gnl|WGS:JAJKKE|F5B20DRAFT_mRNA571002	PF00135.35,PF07859.20,PF20434.6	Partial	None
gene-F5B20DRAFT_590627	rna-gnl|WGS:JAJKKE|F5B20DRAFT_mRNA590627	PF11915.14,PF11915.14	Complete	None
gene-F5B20DRAFT_166805	rna-gnl|WGS:JAJKKE|F5B20DRAFT_mRNA166805		None	None
gene-F5B20DRAFT_543785	rna-gnl|WGS:JAJKKE|F5B20DRAFT_mRNA543785		None	None
gene-F5B20DRAFT_166859	rna-gnl|WGS:JAJKKE|F5B20DRAFT_mRNA166859		None	None
gene-F5B20DRAFT_543789	rna-gnl|WGS:JAJKKE|F5B20DRAFT_mRNA543789	PF13889.12,PF13915.12	Complete	None
gene-F5B20DRAFT_581290	rna-gnl|WGS:JAJKKE|F5B20DRAFT_mRNA581290		None	None
gene-F5B20DRAFT_543798	rna-gnl|WGS:JAJKKE|F5B20DRAFT_mRNA543798	PF06985.18	Partial	None
gene-F5B20DRAFT_166944	rna-gnl|WGS:JAJKKE|F5B20DRAFT_mRNA166944	PF00412.29,PF00620.33	Complete	None
gene-F5B20DRAFT_167072	rna-gnl|WGS:JAJKKE|F5B20DRAFT_mRNA167072		None	None
gene-F5B20DRAFT_543818	rna-gnl|WGS:JAJKKE|F5B20DRAFT_mRNA543818	PF00583.32,PF13508.14,PF13673.14	Complete	None
gene-F5B20DRAFT_167007	rna-gnl|WGS:JAJKKE|F5B20DRAFT_mRNA167007	PF01535.27,PF13812.13,PF13812.13	Complete	None
gene-F5B20DRAFT_571008	rna-gnl|WGS:JAJKKE|F5B20DRAFT_mRNA571008	PF00394.29,PF07731.21,PF07732.22,PF16969.11	Complete	None
gene-F5B20DRAFT_581297	rna-gnl|WGS:JAJKKE|F5B20DRAFT_mRNA581297	PF00012.27,PF06723.20	Partial	None
gene-F5B20DRAFT_571010	rna-gnl|WGS:JAJKKE|F5B20DRAFT_mRNA571010	PF10313.16	Complete	None
gene-F5B20DRAFT_543834	rna-gnl|WGS:JAJKKE|F5B20DRAFT_mRNA543834	PF01266.31	Partial	None
gene-F5B20DRAFT_167238	rna-gnl|WGS:JAJKKE|F5B20DRAFT_mRNA167238	PF00175.27,PF00258.31,PF00667.27	Complete	None
gene-F5B20DRAFT_581301	rna-gnl|WGS:JAJKKE|F5B20DRAFT_mRNA581301	PF00067.28	Partial	None
gene-F5B20DRAFT_167250	rna-gnl|WGS:JAJKKE|F5B20DRAFT_mRNA167250	PF00172.24,PF11951.14	Partial	None
gene-F5B20DRAFT_571013	rna-gnl|WGS:JAJKKE|F5B20DRAFT_mRNA571013	PF00083.31,PF07690.22	Partial	None
gene-F5B20DRAFT_581304	rna-gnl|WGS:JAJKKE|F5B20DRAFT_mRNA581304	PF01408.29,PF02894.23,PF22725.2	Partial	None
gene-F5B20DRAFT_543850	rna-gnl|WGS:JAJKKE|F5B20DRAFT_mRNA543850		None	None
gene-F5B20DRAFT_543852	rna-gnl|WGS:JAJKKE|F5B20DRAFT_mRNA543852		None	None
gene-F5B20DRAFT_167481	rna-gnl|WGS:JAJKKE|F5B20DRAFT_mRNA167481	PF00703.28,PF02836.24,PF02837.25,PF16355.12,PF18565.8	Complete	None
gene-F5B20DRAFT_167486	rna-gnl|WGS:JAJKKE|F5B20DRAFT_mRNA167486		None	None
gene-F5B20DRAFT_543860	rna-gnl|WGS:JAJKKE|F5B20DRAFT_mRNA543860	PF00076.29,PF12353.14	Complete	None
gene-F5B20DRAFT_581309	rna-gnl|WGS:JAJKKE|F5B20DRAFT_mRNA581309		None	None
gene-F5B20DRAFT_543862	rna-gnl|WGS:JAJKKE|F5B20DRAFT_mRNA543862	PF04191.19,PF04191.19	Complete	None
gene-F5B20DRAFT_167600	rna-gnl|WGS:JAJKKE|F5B20DRAFT_mRNA167600		None	None
gene-F5B20DRAFT_590649	rna-gnl|WGS:JAJKKE|F5B20DRAFT_mRNA590649		None	None
gene-F5B20DRAFT_571020	rna-gnl|WGS:JAJKKE|F5B20DRAFT_mRNA571020	PF02893.27,PF16016.12	Complete	None
gene-F5B20DRAFT_167787	rna-gnl|WGS:JAJKKE|F5B20DRAFT_mRNA167787		None	None
gene-F5B20DRAFT_167786	rna-gnl|WGS:JAJKKE|F5B20DRAFT_mRNA167786		None	None
gene-F5B20DRAFT_543907	rna-gnl|WGS:JAJKKE|F5B20DRAFT_mRNA543907	PF07574.20,PF08746.18	Complete	None
gene-F5B20DRAFT_543908	rna-gnl|WGS:JAJKKE|F5B20DRAFT_mRNA543908		None	None
gene-F5B20DRAFT_167881	rna-gnl|WGS:JAJKKE|F5B20DRAFT_mRNA167881		None	None
gene-F5B20DRAFT_167914	rna-gnl|WGS:JAJKKE|F5B20DRAFT_mRNA167914		None	None
gene-F5B20DRAFT_167947	rna-gnl|WGS:JAJKKE|F5B20DRAFT_mRNA167947	PF08611.16	Complete	None
gene-F5B20DRAFT_543945	rna-gnl|WGS:JAJKKE|F5B20DRAFT_mRNA543945		None	None
gene-F5B20DRAFT_581320	rna-gnl|WGS:JAJKKE|F5B20DRAFT_mRNA581320	PF05995.19	Partial	None
gene-F5B20DRAFT_543951	rna-gnl|WGS:JAJKKE|F5B20DRAFT_mRNA543951	PF00097.32,PF00176.30,PF00271.38,PF08797.17,PF13639.13,PF13923.13	Complete	None
gene-F5B20DRAFT_590657	rna-gnl|WGS:JAJKKE|F5B20DRAFT_mRNA590657		None	None
gene-F5B20DRAFT_571025	rna-gnl|WGS:JAJKKE|F5B20DRAFT_mRNA571025	PF00046.36,PF05920.18	Complete	None
gene-F5B20DRAFT_168414	rna-gnl|WGS:JAJKKE|F5B20DRAFT_mRNA168414	PF00702.33,PF13242.13,PF13419.13	Complete	None
gene-F5B20DRAFT_168533	rna-gnl|WGS:JAJKKE|F5B20DRAFT_mRNA168533	PF01926.30,PF08701.17	Complete	None
gene-F5B20DRAFT_571027	rna-gnl|WGS:JAJKKE|F5B20DRAFT_mRNA571027		None	None
gene-F5B20DRAFT_544063	rna-gnl|WGS:JAJKKE|F5B20DRAFT_mRNA544063		None	None
gene-F5B20DRAFT_581328	rna-gnl|WGS:JAJKKE|F5B20DRAFT_mRNA581328		None	None
gene-F5B20DRAFT_581329	rna-gnl|WGS:JAJKKE|F5B20DRAFT_mRNA581329	PF08624.16	Partial	None
gene-F5B20DRAFT_168874	rna-gnl|WGS:JAJKKE|F5B20DRAFT_mRNA168874		None	None
gene-F5B20DRAFT_581331	rna-gnl|WGS:JAJKKE|F5B20DRAFT_mRNA581331	PF00773.26,PF13638.13,PF17215.10,PF17216.10,PF17849.8	Complete	None
gene-F5B20DRAFT_581332	rna-gnl|WGS:JAJKKE|F5B20DRAFT_mRNA581332	PF00125.31,PF00808.30	Partial	None
gene-F5B20DRAFT_169858	rna-gnl|WGS:JAJKKE|F5B20DRAFT_mRNA169858		None	None
gene-F5B20DRAFT_170215	rna-gnl|WGS:JAJKKE|F5B20DRAFT_mRNA170215	PF00069.32,PF07714.24,PF14531.13	Complete	None
gene-F5B20DRAFT_571031	rna-gnl|WGS:JAJKKE|F5B20DRAFT_mRNA571031	PF08639.16	Partial	None
gene-F5B20DRAFT_544144	rna-gnl|WGS:JAJKKE|F5B20DRAFT_mRNA544144	PF00135.35,PF20434.6	Partial	None
gene-F5B20DRAFT_581339	rna-gnl|WGS:JAJKKE|F5B20DRAFT_mRNA581339	PF00010.32	Complete	None
gene-F5B20DRAFT_170272	rna-gnl|WGS:JAJKKE|F5B20DRAFT_mRNA170272	PF00722.29	Partial	None
gene-F5B20DRAFT_170281	rna-gnl|WGS:JAJKKE|F5B20DRAFT_mRNA170281	PF00722.29	Partial	None
gene-F5B20DRAFT_544152	rna-gnl|WGS:JAJKKE|F5B20DRAFT_mRNA544152		None	None
gene-F5B20DRAFT_590679	rna-gnl|WGS:JAJKKE|F5B20DRAFT_mRNA590679	PF00743.26,PF01266.31,PF01593.31,PF07992.21,PF13434.13,PF13450.13,PF13738.13	Partial	None
gene-F5B20DRAFT_544159	rna-gnl|WGS:JAJKKE|F5B20DRAFT_mRNA544159	PF06221.19	Complete	None
gene-F5B20DRAFT_544161	rna-gnl|WGS:JAJKKE|F5B20DRAFT_mRNA544161	PF03633.21,PF22422.3	Complete	None
gene-F5B20DRAFT_544165	rna-gnl|WGS:JAJKKE|F5B20DRAFT_mRNA544165	PF00122.26,PF13246.13,PF23143.2	Complete	None
gene-F5B20DRAFT_170343	rna-gnl|WGS:JAJKKE|F5B20DRAFT_mRNA170343	PF01933.24	Partial	None
gene-F5B20DRAFT_170347	rna-gnl|WGS:JAJKKE|F5B20DRAFT_mRNA170347	PF00056.30,PF02866.24	Partial	None
gene-F5B20DRAFT_544169	rna-gnl|WGS:JAJKKE|F5B20DRAFT_mRNA544169	PF01636.30	Partial	None
gene-F5B20DRAFT_590695	rna-gnl|WGS:JAJKKE|F5B20DRAFT_mRNA590695		None	None
gene-F5B20DRAFT_544172	rna-gnl|WGS:JAJKKE|F5B20DRAFT_mRNA544172	PF00330.26,PF00694.26,PF27434.2,PF27512.1	Complete	None
gene-F5B20DRAFT_544178	rna-gnl|WGS:JAJKKE|F5B20DRAFT_mRNA544178		None	None
gene-F5B20DRAFT_170592	rna-gnl|WGS:JAJKKE|F5B20DRAFT_mRNA170592	PF08492.18,PF17004.12	Complete	None
gene-F5B20DRAFT_170613	rna-gnl|WGS:JAJKKE|F5B20DRAFT_mRNA170613	PF01369.26	Complete	None
gene-F5B20DRAFT_581355	rna-gnl|WGS:JAJKKE|F5B20DRAFT_mRNA581355	PF00246.30	Partial	None
gene-F5B20DRAFT_170646	rna-gnl|WGS:JAJKKE|F5B20DRAFT_mRNA170646	PF01124.24	Partial	None
gene-F5B20DRAFT_581357	rna-gnl|WGS:JAJKKE|F5B20DRAFT_mRNA581357	PF01602.27,PF02883.27	Complete	None
gene-F5B20DRAFT_544202	rna-gnl|WGS:JAJKKE|F5B20DRAFT_mRNA544202		None	None
gene-F5B20DRAFT_544209	rna-gnl|WGS:JAJKKE|F5B20DRAFT_mRNA544209		None	None
gene-F5B20DRAFT_544210	rna-gnl|WGS:JAJKKE|F5B20DRAFT_mRNA544210		None	None
gene-F5B20DRAFT_544214	rna-gnl|WGS:JAJKKE|F5B20DRAFT_mRNA544214	PF20684.4	Partial	None
gene-F5B20DRAFT_571043	rna-gnl|WGS:JAJKKE|F5B20DRAFT_mRNA571043	PF01565.29	Partial	None
gene-F5B20DRAFT_170887	rna-gnl|WGS:JAJKKE|F5B20DRAFT_mRNA170887	PF08314.18	Partial	None
gene-F5B20DRAFT_170944	rna-gnl|WGS:JAJKKE|F5B20DRAFT_mRNA170944		None	None
gene-F5B20DRAFT_170896	rna-gnl|WGS:JAJKKE|F5B20DRAFT_mRNA170896	PF00076.29	Partial	None
gene-F5B20DRAFT_544226	rna-gnl|WGS:JAJKKE|F5B20DRAFT_mRNA544226	PF16335.11,PF16335.11,PF16335.11,PF17168.11	Complete	None
gene-F5B20DRAFT_171011	rna-gnl|WGS:JAJKKE|F5B20DRAFT_mRNA171011	PF00106.32,PF08659.17,PF13561.13	Partial	None
gene-F5B20DRAFT_581368	rna-gnl|WGS:JAJKKE|F5B20DRAFT_mRNA581368	PF00583.32,PF08445.17,PF13508.14,PF13673.14	Partial	None
gene-F5B20DRAFT_544233	rna-gnl|WGS:JAJKKE|F5B20DRAFT_mRNA544233		None	None
gene-F5B20DRAFT_171054	rna-gnl|WGS:JAJKKE|F5B20DRAFT_mRNA171054	PF13426.14	Complete	None
gene-F5B20DRAFT_544240	rna-gnl|WGS:JAJKKE|F5B20DRAFT_mRNA544240	PF00400.39,PF00400.39,PF00400.39,PF00400.39,PF00400.39,PF12894.14,PF23098.2,PF24807.2	Complete	None
gene-F5B20DRAFT_171145	rna-gnl|WGS:JAJKKE|F5B20DRAFT_mRNA171145	PF10998.15	Partial	None
gene-F5B20DRAFT_544244	rna-gnl|WGS:JAJKKE|F5B20DRAFT_mRNA544244	PF02463.26,PF06470.19,PF13476.13,PF13555.13	Complete	None
gene-F5B20DRAFT_544248	rna-gnl|WGS:JAJKKE|F5B20DRAFT_mRNA544248	PF02002.24	Partial	None
gene-F5B20DRAFT_171218	rna-gnl|WGS:JAJKKE|F5B20DRAFT_mRNA171218	PF10391.16,PF14716.14,PF14791.12,PF14792.13	Complete	None
gene-F5B20DRAFT_544250	rna-gnl|WGS:JAJKKE|F5B20DRAFT_mRNA544250	PF00561.27,PF12146.16,PF12697.14	Partial	None
gene-F5B20DRAFT_544255	rna-gnl|WGS:JAJKKE|F5B20DRAFT_mRNA544255	PF00005.34,PF00664.29	Complete	None
gene-F5B20DRAFT_544258	rna-gnl|WGS:JAJKKE|F5B20DRAFT_mRNA544258	PF04818.20	Partial	None
gene-F5B20DRAFT_544260	rna-gnl|WGS:JAJKKE|F5B20DRAFT_mRNA544260	PF01086.23	Partial	None
gene-F5B20DRAFT_544261	rna-gnl|WGS:JAJKKE|F5B20DRAFT_mRNA544261		None	None
gene-F5B20DRAFT_544264	rna-gnl|WGS:JAJKKE|F5B20DRAFT_mRNA544264		None	None
gene-F5B20DRAFT_590715	rna-gnl|WGS:JAJKKE|F5B20DRAFT_mRNA590715	PF05739.27	Complete	None
gene-F5B20DRAFT_581383	rna-gnl|WGS:JAJKKE|F5B20DRAFT_mRNA581383	PF00036.39,PF00036.39,PF00036.39,PF13202.13,PF13202.13,PF13202.13,PF13405.13,PF13499.13,PF13499.13,PF13833.13,PF13833.13,PF13833.13	Complete	None
gene-F5B20DRAFT_544279	rna-gnl|WGS:JAJKKE|F5B20DRAFT_mRNA544279		None	None
gene-F5B20DRAFT_171531	rna-gnl|WGS:JAJKKE|F5B20DRAFT_mRNA171531	PF01532.27	Partial	None
gene-F5B20DRAFT_171571	rna-gnl|WGS:JAJKKE|F5B20DRAFT_mRNA171571	PF01545.27,PF16916.12	Complete	None
gene-F5B20DRAFT_171585	rna-gnl|WGS:JAJKKE|F5B20DRAFT_mRNA171585	PF01501.27	Partial	None
gene-F5B20DRAFT_544288	rna-gnl|WGS:JAJKKE|F5B20DRAFT_mRNA544288	PF10294.16	Partial	None
gene-F5B20DRAFT_171649	rna-gnl|WGS:JAJKKE|F5B20DRAFT_mRNA171649	PF28332.1	Complete	None
gene-F5B20DRAFT_171786	rna-gnl|WGS:JAJKKE|F5B20DRAFT_mRNA171786	PF00097.32,PF12678.14,PF13445.13,PF13639.13,PF25563.1	Complete	None
gene-F5B20DRAFT_171898	rna-gnl|WGS:JAJKKE|F5B20DRAFT_mRNA171898		None	None
gene-F5B20DRAFT_172015	rna-gnl|WGS:JAJKKE|F5B20DRAFT_mRNA172015		None	None
gene-F5B20DRAFT_544373	rna-gnl|WGS:JAJKKE|F5B20DRAFT_mRNA544373	PF03571.22	Partial	None
gene-F5B20DRAFT_172240	rna-gnl|WGS:JAJKKE|F5B20DRAFT_mRNA172240		None	None
gene-F5B20DRAFT_581395	rna-gnl|WGS:JAJKKE|F5B20DRAFT_mRNA581395	PF20233.4	Complete	None
gene-F5B20DRAFT_172322	rna-gnl|WGS:JAJKKE|F5B20DRAFT_mRNA172322		None	None
gene-F5B20DRAFT_544379	rna-gnl|WGS:JAJKKE|F5B20DRAFT_mRNA544379		None	None
gene-F5B20DRAFT_544382	rna-gnl|WGS:JAJKKE|F5B20DRAFT_mRNA544382	PF00237.25	Partial	None
gene-F5B20DRAFT_172400	rna-gnl|WGS:JAJKKE|F5B20DRAFT_mRNA172400	PF01269.24,PF08704.17	Partial	None
gene-F5B20DRAFT_172542	rna-gnl|WGS:JAJKKE|F5B20DRAFT_mRNA172542		None	None
gene-F5B20DRAFT_172348	rna-gnl|WGS:JAJKKE|F5B20DRAFT_mRNA172348	PF00002.30,PF05462.18	Partial	None
gene-F5B20DRAFT_581402	rna-gnl|WGS:JAJKKE|F5B20DRAFT_mRNA581402		None	None
gene-F5B20DRAFT_571059	rna-gnl|WGS:JAJKKE|F5B20DRAFT_mRNA571059	PF00860.27	Partial	None
gene-F5B20DRAFT_544448	rna-gnl|WGS:JAJKKE|F5B20DRAFT_mRNA544448	PF01088.28,PF18031.7	Complete	None
gene-F5B20DRAFT_544455	rna-gnl|WGS:JAJKKE|F5B20DRAFT_mRNA544455	PF11937.14	Partial	None
gene-F5B20DRAFT_173099	rna-gnl|WGS:JAJKKE|F5B20DRAFT_mRNA173099	PF08172.18,PF25398.2	Partial	None
gene-F5B20DRAFT_544460	rna-gnl|WGS:JAJKKE|F5B20DRAFT_mRNA544460	PF29748.1	Partial	None
gene-F5B20DRAFT_571062	rna-gnl|WGS:JAJKKE|F5B20DRAFT_mRNA571062	PF00004.36,PF00004.36,PF08740.17,PF25426.2	Complete	None
gene-F5B20DRAFT_173119	rna-gnl|WGS:JAJKKE|F5B20DRAFT_mRNA173119	PF00400.39,PF00400.39,PF00400.39,PF00400.39,PF04003.18,PF23381.2	Complete	None
gene-F5B20DRAFT_544470	rna-gnl|WGS:JAJKKE|F5B20DRAFT_mRNA544470	PF00735.25,PF01926.30	Partial	None
gene-F5B20DRAFT_544472	rna-gnl|WGS:JAJKKE|F5B20DRAFT_mRNA544472	PF10436.15	Partial	None
gene-F5B20DRAFT_173273	rna-gnl|WGS:JAJKKE|F5B20DRAFT_mRNA173273		None	None
gene-F5B20DRAFT_581412	rna-gnl|WGS:JAJKKE|F5B20DRAFT_mRNA581412	PF00443.36,PF00917.33,PF12436.15,PF13423.13,PF14533.13,PF22486.3	Complete	None
gene-F5B20DRAFT_590735	rna-gnl|WGS:JAJKKE|F5B20DRAFT_mRNA590735	PF00069.32,PF00069.32,PF07714.24	Partial	None
gene-F5B20DRAFT_544477	rna-gnl|WGS:JAJKKE|F5B20DRAFT_mRNA544477	PF14027.12	Partial	None
gene-F5B20DRAFT_590743	rna-gnl|WGS:JAJKKE|F5B20DRAFT_mRNA590743	PF00023.37,PF00710.26,PF17763.7	Complete	None
gene-F5B20DRAFT_173342	rna-gnl|WGS:JAJKKE|F5B20DRAFT_mRNA173342	PF22669.3	Complete	None
gene-F5B20DRAFT_544488	rna-gnl|WGS:JAJKKE|F5B20DRAFT_mRNA544488	PF15932.11	Partial	None
gene-F5B20DRAFT_544490	rna-gnl|WGS:JAJKKE|F5B20DRAFT_mRNA544490	PF04818.20	Partial	None
gene-F5B20DRAFT_544497	rna-gnl|WGS:JAJKKE|F5B20DRAFT_mRNA544497	PF02985.29,PF02985.29,PF03810.26,PF13513.13,PF23271.2,PF25780.2	Complete	None
gene-F5B20DRAFT_173520	rna-gnl|WGS:JAJKKE|F5B20DRAFT_mRNA173520	PF16093.11	Partial	None
gene-F5B20DRAFT_173536	rna-gnl|WGS:JAJKKE|F5B20DRAFT_mRNA173536	PF07942.19	Partial	None
gene-F5B20DRAFT_544502	rna-gnl|WGS:JAJKKE|F5B20DRAFT_mRNA544502	PF00106.32,PF08659.17,PF13561.13,PF23441.1	Partial	None
gene-F5B20DRAFT_173557	rna-gnl|WGS:JAJKKE|F5B20DRAFT_mRNA173557	PF09734.16,PF17682.7	Partial	None
gene-F5B20DRAFT_173568	rna-gnl|WGS:JAJKKE|F5B20DRAFT_mRNA173568	PF01603.27	Partial	None
gene-F5B20DRAFT_544507	rna-gnl|WGS:JAJKKE|F5B20DRAFT_mRNA544507	PF02666.21,PF02666.21	Partial	None
gene-F5B20DRAFT_544509	rna-gnl|WGS:JAJKKE|F5B20DRAFT_mRNA544509		None	None
gene-F5B20DRAFT_544510	rna-gnl|WGS:JAJKKE|F5B20DRAFT_mRNA544510	PF00006.32,PF02874.30,PF16886.12,PF22919.2	Complete	None
gene-F5B20DRAFT_173961	rna-gnl|WGS:JAJKKE|F5B20DRAFT_mRNA173961	PF00149.34	Partial	None
gene-F5B20DRAFT_173632	rna-gnl|WGS:JAJKKE|F5B20DRAFT_mRNA173632	PF13840.13	Partial	None
gene-F5B20DRAFT_571074	rna-gnl|WGS:JAJKKE|F5B20DRAFT_mRNA571074	PF13679.13	Partial	None
gene-F5B20DRAFT_544530	rna-gnl|WGS:JAJKKE|F5B20DRAFT_mRNA544530	PF05739.27	Partial	None
gene-F5B20DRAFT_544532	rna-gnl|WGS:JAJKKE|F5B20DRAFT_mRNA544532	PF07817.20	Partial	None
gene-F5B20DRAFT_544534	rna-gnl|WGS:JAJKKE|F5B20DRAFT_mRNA544534	PF00773.26,PF17849.8,PF17877.8	Complete	None
gene-F5B20DRAFT_174044	rna-gnl|WGS:JAJKKE|F5B20DRAFT_mRNA174044	PF13668.13	Partial	None
gene-F5B20DRAFT_174112	rna-gnl|WGS:JAJKKE|F5B20DRAFT_mRNA174112	PF01161.27	Partial	None
gene-F5B20DRAFT_590749	rna-gnl|WGS:JAJKKE|F5B20DRAFT_mRNA590749	PF01822.25,PF01822.25,PF01822.25,PF01822.25	Complete	None
gene-F5B20DRAFT_544544	rna-gnl|WGS:JAJKKE|F5B20DRAFT_mRNA544544	PF00067.28	Partial	None
gene-F5B20DRAFT_571077	rna-gnl|WGS:JAJKKE|F5B20DRAFT_mRNA571077	PF14683.13,PF14686.13,PF28395.1	Complete	None
gene-F5B20DRAFT_544552	rna-gnl|WGS:JAJKKE|F5B20DRAFT_mRNA544552	PF00389.37,PF02826.26	Partial	None
gene-F5B20DRAFT_174225	rna-gnl|WGS:JAJKKE|F5B20DRAFT_mRNA174225	PF04821.20,PF05029.20,PF27570.2	Complete	None
gene-F5B20DRAFT_544560	rna-gnl|WGS:JAJKKE|F5B20DRAFT_mRNA544560	PF00149.34	Partial	None
gene-F5B20DRAFT_544563	rna-gnl|WGS:JAJKKE|F5B20DRAFT_mRNA544563	PF06985.18,PF26639.1	Complete	None
gene-F5B20DRAFT_544564	rna-gnl|WGS:JAJKKE|F5B20DRAFT_mRNA544564	PF00725.28,PF02737.25	Complete	None
gene-F5B20DRAFT_174504	rna-gnl|WGS:JAJKKE|F5B20DRAFT_mRNA174504	PF13577.13	Partial	None
gene-F5B20DRAFT_581442	rna-gnl|WGS:JAJKKE|F5B20DRAFT_mRNA581442	PF01565.29,PF08031.18	Complete	None
gene-F5B20DRAFT_544572	rna-gnl|WGS:JAJKKE|F5B20DRAFT_mRNA544572	PF00583.32,PF13508.14,PF13673.14	Partial	None
gene-F5B20DRAFT_581444	rna-gnl|WGS:JAJKKE|F5B20DRAFT_mRNA581444	PF00106.32,PF08659.17,PF13561.13	Partial	None
gene-F5B20DRAFT_581445	rna-gnl|WGS:JAJKKE|F5B20DRAFT_mRNA581445	PF00069.32,PF03109.23,PF07714.24	Complete	None
gene-F5B20DRAFT_174565	rna-gnl|WGS:JAJKKE|F5B20DRAFT_mRNA174565		None	None
gene-F5B20DRAFT_544581	rna-gnl|WGS:JAJKKE|F5B20DRAFT_mRNA544581	PF01569.28	Partial	None
gene-F5B20DRAFT_174589	rna-gnl|WGS:JAJKKE|F5B20DRAFT_mRNA174589	PF01485.28,PF05773.28	Complete	None
gene-F5B20DRAFT_174607	rna-gnl|WGS:JAJKKE|F5B20DRAFT_mRNA174607		None	None
gene-F5B20DRAFT_581450	rna-gnl|WGS:JAJKKE|F5B20DRAFT_mRNA581450	PF05224.18	Partial	None
gene-F5B20DRAFT_544604	rna-gnl|WGS:JAJKKE|F5B20DRAFT_mRNA544604	PF09428.18	Partial	None
gene-F5B20DRAFT_174862	rna-gnl|WGS:JAJKKE|F5B20DRAFT_mRNA174862	PF07923.19,PF11882.14	Partial	None
gene-F5B20DRAFT_174868	rna-gnl|WGS:JAJKKE|F5B20DRAFT_mRNA174868	PF01467.33	Partial	None
gene-F5B20DRAFT_544616	rna-gnl|WGS:JAJKKE|F5B20DRAFT_mRNA544616	PF03031.25	Partial	None
gene-F5B20DRAFT_544618	rna-gnl|WGS:JAJKKE|F5B20DRAFT_mRNA544618	PF06102.18	Partial	None
gene-F5B20DRAFT_544619	rna-gnl|WGS:JAJKKE|F5B20DRAFT_mRNA544619	PF03109.23	Partial	None
gene-F5B20DRAFT_544620	rna-gnl|WGS:JAJKKE|F5B20DRAFT_mRNA544620	PF00400.39,PF00400.39,PF00400.39,PF00400.39,PF00400.39,PF00400.39,PF00400.39,PF00400.39,PF00400.39,PF08625.17	Complete	None
gene-F5B20DRAFT_175049	rna-gnl|WGS:JAJKKE|F5B20DRAFT_mRNA175049		None	None
gene-F5B20DRAFT_175097	rna-gnl|WGS:JAJKKE|F5B20DRAFT_mRNA175097		None	None
gene-F5B20DRAFT_175136	rna-gnl|WGS:JAJKKE|F5B20DRAFT_mRNA175136	PF00172.24,PF04082.24	Partial	None
gene-F5B20DRAFT_175142	rna-gnl|WGS:JAJKKE|F5B20DRAFT_mRNA175142	PF02187.23	Complete	None
gene-F5B20DRAFT_571092	rna-gnl|WGS:JAJKKE|F5B20DRAFT_mRNA571092	PF00390.25,PF03949.22	Partial	None
gene-F5B20DRAFT_544647	rna-gnl|WGS:JAJKKE|F5B20DRAFT_mRNA544647	PF00295.24	Partial	None
gene-F5B20DRAFT_175258	rna-gnl|WGS:JAJKKE|F5B20DRAFT_mRNA175258		None	None
gene-F5B20DRAFT_175418	rna-gnl|WGS:JAJKKE|F5B20DRAFT_mRNA175418	PF07543.18	Partial	None
gene-F5B20DRAFT_544664	rna-gnl|WGS:JAJKKE|F5B20DRAFT_mRNA544664		None	None
gene-F5B20DRAFT_544668	rna-gnl|WGS:JAJKKE|F5B20DRAFT_mRNA544668		None	None
gene-F5B20DRAFT_544670	rna-gnl|WGS:JAJKKE|F5B20DRAFT_mRNA544670	PF00475.25	Partial	None
gene-F5B20DRAFT_175646	rna-gnl|WGS:JAJKKE|F5B20DRAFT_mRNA175646	PF28225.1	Partial	None
gene-F5B20DRAFT_175682	rna-gnl|WGS:JAJKKE|F5B20DRAFT_mRNA175682		None	None
gene-F5B20DRAFT_581470	rna-gnl|WGS:JAJKKE|F5B20DRAFT_mRNA581470	PF00172.24,PF04082.24	Partial	None
gene-F5B20DRAFT_544679	rna-gnl|WGS:JAJKKE|F5B20DRAFT_mRNA544679	PF00004.36,PF01434.25,PF06480.21,PF17862.8	Complete	None
gene-F5B20DRAFT_544681	rna-gnl|WGS:JAJKKE|F5B20DRAFT_mRNA544681	PF00955.28,PF00955.28	Partial	None
gene-F5B20DRAFT_175866	rna-gnl|WGS:JAJKKE|F5B20DRAFT_mRNA175866	PF00046.36	Complete	None
gene-F5B20DRAFT_175835	rna-gnl|WGS:JAJKKE|F5B20DRAFT_mRNA175835		None	None
gene-F5B20DRAFT_581474	rna-gnl|WGS:JAJKKE|F5B20DRAFT_mRNA581474		None	None
gene-F5B20DRAFT_544741	rna-gnl|WGS:JAJKKE|F5B20DRAFT_mRNA544741	PF00083.31,PF07690.22	Partial	None
gene-F5B20DRAFT_176357	rna-gnl|WGS:JAJKKE|F5B20DRAFT_mRNA176357	PF00018.35,PF01841.26,PF24584.2,PF24584.2	Complete	None
gene-F5B20DRAFT_544751	rna-gnl|WGS:JAJKKE|F5B20DRAFT_mRNA544751	PF00069.32,PF07714.24	Partial	None
gene-F5B20DRAFT_581479	rna-gnl|WGS:JAJKKE|F5B20DRAFT_mRNA581479	PF00202.28	Partial	None
gene-F5B20DRAFT_544764	rna-gnl|WGS:JAJKKE|F5B20DRAFT_mRNA544764		None	None
gene-F5B20DRAFT_177009	rna-gnl|WGS:JAJKKE|F5B20DRAFT_mRNA177009		None	None
gene-F5B20DRAFT_571101	rna-gnl|WGS:JAJKKE|F5B20DRAFT_mRNA571101	PF20237.4	Partial	None
gene-F5B20DRAFT_544795	rna-gnl|WGS:JAJKKE|F5B20DRAFT_mRNA544795	PF00657.29,PF13472.13	Partial	None
gene-F5B20DRAFT_544798	rna-gnl|WGS:JAJKKE|F5B20DRAFT_mRNA544798	PF12895.14,PF13181.13,PF13181.13,PF13374.13,PF13424.13,PF13432.13	Complete	None
gene-F5B20DRAFT_177468	rna-gnl|WGS:JAJKKE|F5B20DRAFT_mRNA177468		None	None
gene-F5B20DRAFT_581490	rna-gnl|WGS:JAJKKE|F5B20DRAFT_mRNA581490		None	None
gene-F5B20DRAFT_177566	rna-gnl|WGS:JAJKKE|F5B20DRAFT_mRNA177566	PF00083.31,PF06609.19,PF07690.22	Partial	None
gene-F5B20DRAFT_544833	rna-gnl|WGS:JAJKKE|F5B20DRAFT_mRNA544833	PF00067.28	Partial	None
gene-F5B20DRAFT_581493	rna-gnl|WGS:JAJKKE|F5B20DRAFT_mRNA581493		None	None
gene-F5B20DRAFT_544837	rna-gnl|WGS:JAJKKE|F5B20DRAFT_mRNA544837	PF18972.6	Complete	None
gene-F5B20DRAFT_544839	rna-gnl|WGS:JAJKKE|F5B20DRAFT_mRNA544839	PF00155.28	Partial	None
gene-F5B20DRAFT_581496	rna-gnl|WGS:JAJKKE|F5B20DRAFT_mRNA581496	PF03663.21	Partial	None
gene-F5B20DRAFT_581497	rna-gnl|WGS:JAJKKE|F5B20DRAFT_mRNA581497		None	None
gene-F5B20DRAFT_t52	gene-F5B20DRAFT_t52		None	None
gene-F5B20DRAFT_544849	rna-gnl|WGS:JAJKKE|F5B20DRAFT_mRNA544849	PF00400.39,PF00400.39	Complete	None
gene-F5B20DRAFT_177944	rna-gnl|WGS:JAJKKE|F5B20DRAFT_mRNA177944	PF08447.19,PF13426.14	Partial	None
gene-F5B20DRAFT_544889	rna-gnl|WGS:JAJKKE|F5B20DRAFT_mRNA544889	PF04893.23	Partial	None
gene-F5B20DRAFT_571116	rna-gnl|WGS:JAJKKE|F5B20DRAFT_mRNA571116	PF04090.19	Partial	None
gene-F5B20DRAFT_581504	rna-gnl|WGS:JAJKKE|F5B20DRAFT_mRNA581504	PF00646.39,PF12937.13	Partial	None
gene-F5B20DRAFT_178507	rna-gnl|WGS:JAJKKE|F5B20DRAFT_mRNA178507	PF04716.20	Partial	None
gene-F5B20DRAFT_590795	rna-gnl|WGS:JAJKKE|F5B20DRAFT_mRNA590795	PF03114.24,PF10455.15	Partial	None
gene-F5B20DRAFT_178586	rna-gnl|WGS:JAJKKE|F5B20DRAFT_mRNA178586	PF01644.24,PF03142.22,PF13632.13,PF13641.13	Partial	None
gene-F5B20DRAFT_178677	rna-gnl|WGS:JAJKKE|F5B20DRAFT_mRNA178677	PF02133.22	Partial	None
gene-F5B20DRAFT_178678	rna-gnl|WGS:JAJKKE|F5B20DRAFT_mRNA178678		None	None
gene-F5B20DRAFT_178654	rna-gnl|WGS:JAJKKE|F5B20DRAFT_mRNA178654		None	None
gene-F5B20DRAFT_571121	rna-gnl|WGS:JAJKKE|F5B20DRAFT_mRNA571121	PF02854.26,PF02854.26,PF04050.21	Complete	None
gene-F5B20DRAFT_581513	rna-gnl|WGS:JAJKKE|F5B20DRAFT_mRNA581513	PF00173.34,PF00174.26,PF00175.27,PF00970.31,PF03404.23	Complete	None
gene-F5B20DRAFT_178852	rna-gnl|WGS:JAJKKE|F5B20DRAFT_mRNA178852	PF00638.25	Complete	None
gene-F5B20DRAFT_544938	rna-gnl|WGS:JAJKKE|F5B20DRAFT_mRNA544938	PF00270.36,PF00271.38,PF04851.22,PF08839.18,PF09369.16,PF22982.4	Complete	None
gene-F5B20DRAFT_178856	rna-gnl|WGS:JAJKKE|F5B20DRAFT_mRNA178856		None	None
gene-F5B20DRAFT_544942	rna-gnl|WGS:JAJKKE|F5B20DRAFT_mRNA544942		None	None
gene-F5B20DRAFT_178898	rna-gnl|WGS:JAJKKE|F5B20DRAFT_mRNA178898	PF06687.18	Partial	None
gene-F5B20DRAFT_590807	rna-gnl|WGS:JAJKKE|F5B20DRAFT_mRNA590807		None	None
gene-F5B20DRAFT_581520	rna-gnl|WGS:JAJKKE|F5B20DRAFT_mRNA581520	PF27939.1	Complete	None
gene-F5B20DRAFT_544946	rna-gnl|WGS:JAJKKE|F5B20DRAFT_mRNA544946	PF00172.24	Partial	None
gene-F5B20DRAFT_179185	rna-gnl|WGS:JAJKKE|F5B20DRAFT_mRNA179185		None	None
gene-F5B20DRAFT_179057	rna-gnl|WGS:JAJKKE|F5B20DRAFT_mRNA179057	PF03969.23	Partial	None
gene-F5B20DRAFT_179274	rna-gnl|WGS:JAJKKE|F5B20DRAFT_mRNA179274		None	None
gene-F5B20DRAFT_179282	rna-gnl|WGS:JAJKKE|F5B20DRAFT_mRNA179282	PF11885.14	Partial	None
gene-F5B20DRAFT_179277	rna-gnl|WGS:JAJKKE|F5B20DRAFT_mRNA179277	PF01546.34,PF04389.23	Partial	None
gene-F5B20DRAFT_544970	rna-gnl|WGS:JAJKKE|F5B20DRAFT_mRNA544970	PF13091.13	Complete	None
gene-F5B20DRAFT_581527	rna-gnl|WGS:JAJKKE|F5B20DRAFT_mRNA581527		None	None
gene-F5B20DRAFT_544972	rna-gnl|WGS:JAJKKE|F5B20DRAFT_mRNA544972		None	None
gene-F5B20DRAFT_571131	rna-gnl|WGS:JAJKKE|F5B20DRAFT_mRNA571131	PF00326.28	Complete	None
gene-F5B20DRAFT_179391	rna-gnl|WGS:JAJKKE|F5B20DRAFT_mRNA179391	PF29555.1	Partial	None
gene-F5B20DRAFT_179353	rna-gnl|WGS:JAJKKE|F5B20DRAFT_mRNA179353	PF04157.23,PF11605.15,PF16988.11	Complete	None
gene-F5B20DRAFT_544979	rna-gnl|WGS:JAJKKE|F5B20DRAFT_mRNA544979	PF03399.23	Partial	None
gene-F5B20DRAFT_179425	rna-gnl|WGS:JAJKKE|F5B20DRAFT_mRNA179425		None	None
gene-F5B20DRAFT_179530	rna-gnl|WGS:JAJKKE|F5B20DRAFT_mRNA179530	PF00018.35,PF00018.35,PF00564.31,PF00787.30,PF07653.24,PF14604.13	Complete	None
gene-F5B20DRAFT_544988	rna-gnl|WGS:JAJKKE|F5B20DRAFT_mRNA544988	PF00303.25	Partial	None
gene-F5B20DRAFT_179565	rna-gnl|WGS:JAJKKE|F5B20DRAFT_mRNA179565		None	None
gene-F5B20DRAFT_t51	gene-F5B20DRAFT_t51		None	None
gene-F5B20DRAFT_581537	rna-gnl|WGS:JAJKKE|F5B20DRAFT_mRNA581537	PF00520.38,PF23317.2	Partial	None
gene-F5B20DRAFT_179699	rna-gnl|WGS:JAJKKE|F5B20DRAFT_mRNA179699	PF02567.22	Partial	None
gene-F5B20DRAFT_590819	rna-gnl|WGS:JAJKKE|F5B20DRAFT_mRNA590819	PF00067.28	Partial	None
gene-F5B20DRAFT_179755	rna-gnl|WGS:JAJKKE|F5B20DRAFT_mRNA179755	PF00067.28	Partial	None
gene-F5B20DRAFT_581540	rna-gnl|WGS:JAJKKE|F5B20DRAFT_mRNA581540		None	None
gene-F5B20DRAFT_179771	rna-gnl|WGS:JAJKKE|F5B20DRAFT_mRNA179771	PF03835.22,PF10403.15,PF10404.15,PF10405.16	Complete	None
gene-F5B20DRAFT_590823	rna-gnl|WGS:JAJKKE|F5B20DRAFT_mRNA590823	PF01428.24,PF01428.24,PF25327.2	Complete	None
gene-F5B20DRAFT_571144	rna-gnl|WGS:JAJKKE|F5B20DRAFT_mRNA571144	PF10558.15	Partial	None
gene-F5B20DRAFT_545018	rna-gnl|WGS:JAJKKE|F5B20DRAFT_mRNA545018	PF11022.14	Partial	None
gene-F5B20DRAFT_545022	rna-gnl|WGS:JAJKKE|F5B20DRAFT_mRNA545022	PF08450.19	Partial	None
gene-F5B20DRAFT_545026	rna-gnl|WGS:JAJKKE|F5B20DRAFT_mRNA545026	PF03178.22,PF10433.16,PF23726.2	Complete	None
gene-F5B20DRAFT_545028	rna-gnl|WGS:JAJKKE|F5B20DRAFT_mRNA545028	PF13641.13	Partial	None
gene-F5B20DRAFT_545037	rna-gnl|WGS:JAJKKE|F5B20DRAFT_mRNA545037	PF27566.1	Partial	None
gene-F5B20DRAFT_545045	rna-gnl|WGS:JAJKKE|F5B20DRAFT_mRNA545045	PF00355.33,PF02921.20	Complete	None
gene-F5B20DRAFT_179998	rna-gnl|WGS:JAJKKE|F5B20DRAFT_mRNA179998	PF27672.1	Complete	None
gene-F5B20DRAFT_545050	rna-gnl|WGS:JAJKKE|F5B20DRAFT_mRNA545050	PF11951.14	Partial	None
gene-F5B20DRAFT_545056	rna-gnl|WGS:JAJKKE|F5B20DRAFT_mRNA545056	PF17784.8	Partial	None
gene-F5B20DRAFT_180136	rna-gnl|WGS:JAJKKE|F5B20DRAFT_mRNA180136	PF19086.6	Partial	None
gene-F5B20DRAFT_571152	rna-gnl|WGS:JAJKKE|F5B20DRAFT_mRNA571152	PF00067.28	Partial	None
gene-F5B20DRAFT_545089	rna-gnl|WGS:JAJKKE|F5B20DRAFT_mRNA545089	PF20684.4	Partial	None
gene-F5B20DRAFT_545096	rna-gnl|WGS:JAJKKE|F5B20DRAFT_mRNA545096	PF00350.30,PF01031.26	Partial	None
gene-F5B20DRAFT_545098	rna-gnl|WGS:JAJKKE|F5B20DRAFT_mRNA545098	PF00350.30	Partial	None
gene-F5B20DRAFT_545109	rna-gnl|WGS:JAJKKE|F5B20DRAFT_mRNA545109		None	None
gene-F5B20DRAFT_545110	rna-gnl|WGS:JAJKKE|F5B20DRAFT_mRNA545110	PF00118.30	Partial	None
gene-F5B20DRAFT_180512	rna-gnl|WGS:JAJKKE|F5B20DRAFT_mRNA180512	PF22998.3	Partial	None
gene-F5B20DRAFT_571157	rna-gnl|WGS:JAJKKE|F5B20DRAFT_mRNA571157	PF26200.2	Complete	None
gene-F5B20DRAFT_180470	rna-gnl|WGS:JAJKKE|F5B20DRAFT_mRNA180470	PF09724.15	Partial	None
gene-F5B20DRAFT_545144	rna-gnl|WGS:JAJKKE|F5B20DRAFT_mRNA545144	PF00621.26,PF25351.2	Complete	None
gene-F5B20DRAFT_571159	rna-gnl|WGS:JAJKKE|F5B20DRAFT_mRNA571159	PF00106.32,PF08659.17	Partial	None
gene-F5B20DRAFT_545150	rna-gnl|WGS:JAJKKE|F5B20DRAFT_mRNA545150	PF03810.26,PF25018.2	Partial	None
gene-F5B20DRAFT_545154	rna-gnl|WGS:JAJKKE|F5B20DRAFT_mRNA545154	PF02301.24	Partial	None
gene-F5B20DRAFT_180760	rna-gnl|WGS:JAJKKE|F5B20DRAFT_mRNA180760	PF08577.17,PF11566.14	Complete	None
gene-F5B20DRAFT_581569	rna-gnl|WGS:JAJKKE|F5B20DRAFT_mRNA581569		None	None
gene-F5B20DRAFT_545157	rna-gnl|WGS:JAJKKE|F5B20DRAFT_mRNA545157		None	None
gene-F5B20DRAFT_545160	rna-gnl|WGS:JAJKKE|F5B20DRAFT_mRNA545160	PF00149.34	Partial	None
gene-F5B20DRAFT_571164	rna-gnl|WGS:JAJKKE|F5B20DRAFT_mRNA571164	PF02115.24	Partial	None
gene-F5B20DRAFT_180845	rna-gnl|WGS:JAJKKE|F5B20DRAFT_mRNA180845		None	None
gene-F5B20DRAFT_180887	rna-gnl|WGS:JAJKKE|F5B20DRAFT_mRNA180887	PF03446.22,PF03807.24,PF14833.12	Partial	None
gene-F5B20DRAFT_180850	rna-gnl|WGS:JAJKKE|F5B20DRAFT_mRNA180850	PF04479.19	Partial	None
gene-F5B20DRAFT_590875	rna-gnl|WGS:JAJKKE|F5B20DRAFT_mRNA590875	PF01602.27,PF12717.14	Partial	None
gene-F5B20DRAFT_181132	rna-gnl|WGS:JAJKKE|F5B20DRAFT_mRNA181132		None	None
gene-F5B20DRAFT_581581	rna-gnl|WGS:JAJKKE|F5B20DRAFT_mRNA581581	PF03800.21,PF18595.7	Complete	None
gene-F5B20DRAFT_181209	rna-gnl|WGS:JAJKKE|F5B20DRAFT_mRNA181209		None	None
gene-F5B20DRAFT_181241	rna-gnl|WGS:JAJKKE|F5B20DRAFT_mRNA181241	PF00085.27	Partial	None
gene-F5B20DRAFT_181271	rna-gnl|WGS:JAJKKE|F5B20DRAFT_mRNA181271	PF00141.29	Partial	None
gene-F5B20DRAFT_545211	rna-gnl|WGS:JAJKKE|F5B20DRAFT_mRNA545211	PF00225.30,PF16796.12	Partial	None
gene-F5B20DRAFT_545212	rna-gnl|WGS:JAJKKE|F5B20DRAFT_mRNA545212	PF00583.32,PF13508.14,PF13673.14	Complete	None
gene-F5B20DRAFT_571188	rna-gnl|WGS:JAJKKE|F5B20DRAFT_mRNA571188	PF00324.28,PF13520.13	Partial	None
gene-F5B20DRAFT_181471	rna-gnl|WGS:JAJKKE|F5B20DRAFT_mRNA181471	PF05368.20,PF13460.13	Partial	None
gene-F5B20DRAFT_181301	rna-gnl|WGS:JAJKKE|F5B20DRAFT_mRNA181301	PF03443.21	Partial	None
gene-F5B20DRAFT_571177	rna-gnl|WGS:JAJKKE|F5B20DRAFT_mRNA571177		None	None
gene-F5B20DRAFT_571179	rna-gnl|WGS:JAJKKE|F5B20DRAFT_mRNA571179	PF20684.4	Partial	None
gene-F5B20DRAFT_181492	rna-gnl|WGS:JAJKKE|F5B20DRAFT_mRNA181492	PF01909.30,PF03372.30,PF04457.18,PF04928.23,PF13563.13	Complete	None
gene-F5B20DRAFT_181541	rna-gnl|WGS:JAJKKE|F5B20DRAFT_mRNA181541	PF01557.24	Partial	None
gene-F5B20DRAFT_581595	rna-gnl|WGS:JAJKKE|F5B20DRAFT_mRNA581595		None	None
gene-F5B20DRAFT_571182	rna-gnl|WGS:JAJKKE|F5B20DRAFT_mRNA571182	PF00202.28,PF03081.23,PF20669.4	Complete	None
gene-F5B20DRAFT_182677	rna-gnl|WGS:JAJKKE|F5B20DRAFT_mRNA182677	PF00493.30,PF01078.28,PF14551.12,PF17207.10,PF17855.8,PF23191.2	Complete	None
gene-F5B20DRAFT_590879	rna-gnl|WGS:JAJKKE|F5B20DRAFT_mRNA590879	PF00439.31,PF00651.38	Complete	None
gene-F5B20DRAFT_545269	rna-gnl|WGS:JAJKKE|F5B20DRAFT_mRNA545269		None	None
gene-F5B20DRAFT_545275	rna-gnl|WGS:JAJKKE|F5B20DRAFT_mRNA545275		None	None
gene-F5B20DRAFT_571186	rna-gnl|WGS:JAJKKE|F5B20DRAFT_mRNA571186	PF16653.11	Partial	None
gene-F5B20DRAFT_571187	rna-gnl|WGS:JAJKKE|F5B20DRAFT_mRNA571187	PF00096.33,PF00096.33	Complete	None
gene-F5B20DRAFT_183671	rna-gnl|WGS:JAJKKE|F5B20DRAFT_mRNA183671		None	None
gene-F5B20DRAFT_545316	rna-gnl|WGS:JAJKKE|F5B20DRAFT_mRNA545316	PF05057.22,PF05057.22	Complete	None
gene-F5B20DRAFT_545329	rna-gnl|WGS:JAJKKE|F5B20DRAFT_mRNA545329	PF01485.28,PF01485.28	Complete	None
gene-F5B20DRAFT_183956	rna-gnl|WGS:JAJKKE|F5B20DRAFT_mRNA183956		None	None
gene-F5B20DRAFT_184027	rna-gnl|WGS:JAJKKE|F5B20DRAFT_mRNA184027		None	None
gene-F5B20DRAFT_184072	rna-gnl|WGS:JAJKKE|F5B20DRAFT_mRNA184072		None	None
gene-F5B20DRAFT_184122	rna-gnl|WGS:JAJKKE|F5B20DRAFT_mRNA184122		None	None
gene-F5B20DRAFT_184066	rna-gnl|WGS:JAJKKE|F5B20DRAFT_mRNA184066	PF10173.15	Partial	None
gene-F5B20DRAFT_545353	rna-gnl|WGS:JAJKKE|F5B20DRAFT_mRNA545353	PF30036.1	Partial	None
gene-F5B20DRAFT_184185	rna-gnl|WGS:JAJKKE|F5B20DRAFT_mRNA184185	PF00888.30,PF10557.16,PF26557.1	Complete	None
gene-F5B20DRAFT_184238	rna-gnl|WGS:JAJKKE|F5B20DRAFT_mRNA184238	PF09794.15	Partial	None
gene-F5B20DRAFT_545365	rna-gnl|WGS:JAJKKE|F5B20DRAFT_mRNA545365	PF03097.25,PF13949.12	Partial	None
gene-F5B20DRAFT_545367	rna-gnl|WGS:JAJKKE|F5B20DRAFT_mRNA545367		None	None
gene-F5B20DRAFT_545368	rna-gnl|WGS:JAJKKE|F5B20DRAFT_mRNA545368	PF00226.37,PF00684.26,PF01556.24	Complete	None
gene-F5B20DRAFT_581616	rna-gnl|WGS:JAJKKE|F5B20DRAFT_mRNA581616		None	None
gene-F5B20DRAFT_581617	rna-gnl|WGS:JAJKKE|F5B20DRAFT_mRNA581617	PF13867.12	Complete	None
gene-F5B20DRAFT_184324	rna-gnl|WGS:JAJKKE|F5B20DRAFT_mRNA184324	PF12710.14,PF13207.13,PF14681.13	Complete	None
gene-F5B20DRAFT_184325	rna-gnl|WGS:JAJKKE|F5B20DRAFT_mRNA184325	PF12697.14	Partial	None
gene-F5B20DRAFT_184405	rna-gnl|WGS:JAJKKE|F5B20DRAFT_mRNA184405		None	None
gene-F5B20DRAFT_545378	rna-gnl|WGS:JAJKKE|F5B20DRAFT_mRNA545378		None	None
gene-F5B20DRAFT_184427	rna-gnl|WGS:JAJKKE|F5B20DRAFT_mRNA184427		None	None
gene-F5B20DRAFT_184521	rna-gnl|WGS:JAJKKE|F5B20DRAFT_mRNA184521	PF00025.28,PF00503.27	Partial	None
gene-F5B20DRAFT_184536	rna-gnl|WGS:JAJKKE|F5B20DRAFT_mRNA184536	PF00343.27	Partial	None
gene-F5B20DRAFT_545397	rna-gnl|WGS:JAJKKE|F5B20DRAFT_mRNA545397	PF02551.22,PF13622.13,PF20789.4	Partial	None
gene-F5B20DRAFT_545401	rna-gnl|WGS:JAJKKE|F5B20DRAFT_mRNA545401	PF00067.28	Partial	None
gene-F5B20DRAFT_184868	rna-gnl|WGS:JAJKKE|F5B20DRAFT_mRNA184868	PF00069.32,PF06293.21,PF07714.24	Partial	None
gene-F5B20DRAFT_545426	rna-gnl|WGS:JAJKKE|F5B20DRAFT_mRNA545426		None	None
gene-F5B20DRAFT_545432	rna-gnl|WGS:JAJKKE|F5B20DRAFT_mRNA545432		None	None
gene-F5B20DRAFT_571208	rna-gnl|WGS:JAJKKE|F5B20DRAFT_mRNA571208	PF04082.24	Complete	None
gene-F5B20DRAFT_185239	rna-gnl|WGS:JAJKKE|F5B20DRAFT_mRNA185239	PF00646.39,PF12937.13	Partial	None
gene-F5B20DRAFT_185409	rna-gnl|WGS:JAJKKE|F5B20DRAFT_mRNA185409	PF04757.20	Partial	None
gene-F5B20DRAFT_545474	rna-gnl|WGS:JAJKKE|F5B20DRAFT_mRNA545474	PF14273.12	Partial	None
gene-F5B20DRAFT_545475	rna-gnl|WGS:JAJKKE|F5B20DRAFT_mRNA545475	PF04547.18,PF20877.3	Partial	None
gene-F5B20DRAFT_545476	rna-gnl|WGS:JAJKKE|F5B20DRAFT_mRNA545476	PF00149.34	Partial	None
gene-F5B20DRAFT_590922	rna-gnl|WGS:JAJKKE|F5B20DRAFT_mRNA590922	PF01822.25,PF26113.1	Complete	None
gene-F5B20DRAFT_545484	rna-gnl|WGS:JAJKKE|F5B20DRAFT_mRNA545484	PF00755.26	Partial	None
gene-F5B20DRAFT_545485	rna-gnl|WGS:JAJKKE|F5B20DRAFT_mRNA545485	PF01213.25,PF08603.17,PF21938.2	Complete	None
gene-F5B20DRAFT_545486	rna-gnl|WGS:JAJKKE|F5B20DRAFT_mRNA545486	PF00294.30	Partial	None
gene-F5B20DRAFT_545489	rna-gnl|WGS:JAJKKE|F5B20DRAFT_mRNA545489	PF01412.24	Partial	None
gene-F5B20DRAFT_545493	rna-gnl|WGS:JAJKKE|F5B20DRAFT_mRNA545493	PF08294.18	Partial	None
gene-F5B20DRAFT_545496	rna-gnl|WGS:JAJKKE|F5B20DRAFT_mRNA545496		None	None
gene-F5B20DRAFT_545503	rna-gnl|WGS:JAJKKE|F5B20DRAFT_mRNA545503		None	None
gene-F5B20DRAFT_185852	rna-gnl|WGS:JAJKKE|F5B20DRAFT_mRNA185852	PF05224.18	Partial	None
gene-F5B20DRAFT_581641	rna-gnl|WGS:JAJKKE|F5B20DRAFT_mRNA581641		None	None
gene-F5B20DRAFT_581642	rna-gnl|WGS:JAJKKE|F5B20DRAFT_mRNA581642	PF00809.29,PF01288.26	Partial	None
gene-F5B20DRAFT_185892	rna-gnl|WGS:JAJKKE|F5B20DRAFT_mRNA185892	PF00478.32,PF01070.25,PF03060.22	Partial	None
gene-F5B20DRAFT_186023	rna-gnl|WGS:JAJKKE|F5B20DRAFT_mRNA186023	PF00106.32,PF08659.17,PF13561.13	Partial	None
gene-F5B20DRAFT_185884	rna-gnl|WGS:JAJKKE|F5B20DRAFT_mRNA185884		None	None
gene-F5B20DRAFT_545556	rna-gnl|WGS:JAJKKE|F5B20DRAFT_mRNA545556	PF06687.18	Partial	None
gene-F5B20DRAFT_545558	rna-gnl|WGS:JAJKKE|F5B20DRAFT_mRNA545558	PF01741.24	Partial	None
gene-F5B20DRAFT_571225	rna-gnl|WGS:JAJKKE|F5B20DRAFT_mRNA571225	PF00775.28	Partial	None
gene-F5B20DRAFT_590926	rna-gnl|WGS:JAJKKE|F5B20DRAFT_mRNA590926		None	None
gene-F5B20DRAFT_545563	rna-gnl|WGS:JAJKKE|F5B20DRAFT_mRNA545563	PF11700.15	Partial	None
gene-F5B20DRAFT_545565	rna-gnl|WGS:JAJKKE|F5B20DRAFT_mRNA545565		None	None
gene-F5B20DRAFT_581652	rna-gnl|WGS:JAJKKE|F5B20DRAFT_mRNA581652	PF06766.17	Partial	None
gene-F5B20DRAFT_581653	rna-gnl|WGS:JAJKKE|F5B20DRAFT_mRNA581653	PF06140.19	Complete	None
gene-F5B20DRAFT_545571	rna-gnl|WGS:JAJKKE|F5B20DRAFT_mRNA545571	PF00450.29	Partial	None
gene-F5B20DRAFT_581655	rna-gnl|WGS:JAJKKE|F5B20DRAFT_mRNA581655	PF01753.25	Complete	None
gene-F5B20DRAFT_186332	rna-gnl|WGS:JAJKKE|F5B20DRAFT_mRNA186332		None	None
gene-F5B20DRAFT_545586	rna-gnl|WGS:JAJKKE|F5B20DRAFT_mRNA545586	PF00106.32	Partial	None
gene-F5B20DRAFT_545591	rna-gnl|WGS:JAJKKE|F5B20DRAFT_mRNA545591	PF00083.31,PF07690.22	Partial	None
gene-F5B20DRAFT_545596	rna-gnl|WGS:JAJKKE|F5B20DRAFT_mRNA545596	PF00172.24,PF00172.24,PF04082.24	Complete	None
gene-F5B20DRAFT_545598	rna-gnl|WGS:JAJKKE|F5B20DRAFT_mRNA545598	PF01734.28,PF11815.14	Partial	None
gene-F5B20DRAFT_186509	rna-gnl|WGS:JAJKKE|F5B20DRAFT_mRNA186509		None	None
gene-F5B20DRAFT_545602	rna-gnl|WGS:JAJKKE|F5B20DRAFT_mRNA545602	PF07646.22,PF24681.2,PF24981.2	Complete	None
gene-F5B20DRAFT_186769	rna-gnl|WGS:JAJKKE|F5B20DRAFT_mRNA186769	PF00578.28,PF08534.17,PF10417.15	Complete	None
gene-F5B20DRAFT_571237	rna-gnl|WGS:JAJKKE|F5B20DRAFT_mRNA571237	PF00004.36,PF00004.36	Complete	None
gene-F5B20DRAFT_545622	rna-gnl|WGS:JAJKKE|F5B20DRAFT_mRNA545622		None	None
gene-F5B20DRAFT_581676	rna-gnl|WGS:JAJKKE|F5B20DRAFT_mRNA581676	PF01233.26,PF02799.22	Partial	None
gene-F5B20DRAFT_545644	rna-gnl|WGS:JAJKKE|F5B20DRAFT_mRNA545644	PF00561.27,PF12146.16,PF12697.14	Partial	None
gene-F5B20DRAFT_545653	rna-gnl|WGS:JAJKKE|F5B20DRAFT_mRNA545653	PF24707.2	Partial	None
gene-F5B20DRAFT_545656	rna-gnl|WGS:JAJKKE|F5B20DRAFT_mRNA545656	PF00561.27,PF09752.16,PF12146.16,PF12697.14	Partial	None
gene-F5B20DRAFT_545658	rna-gnl|WGS:JAJKKE|F5B20DRAFT_mRNA545658		None	None
gene-F5B20DRAFT_545659	rna-gnl|WGS:JAJKKE|F5B20DRAFT_mRNA545659	PF13398.13	Partial	None
gene-F5B20DRAFT_545665	rna-gnl|WGS:JAJKKE|F5B20DRAFT_mRNA545665		None	None
gene-F5B20DRAFT_545666	rna-gnl|WGS:JAJKKE|F5B20DRAFT_mRNA545666	PF00569.24,PF13499.13	Complete	None
gene-F5B20DRAFT_545667	rna-gnl|WGS:JAJKKE|F5B20DRAFT_mRNA545667		None	None
gene-F5B20DRAFT_571245	rna-gnl|WGS:JAJKKE|F5B20DRAFT_mRNA571245	PF26061.1	Partial	None
gene-F5B20DRAFT_545673	rna-gnl|WGS:JAJKKE|F5B20DRAFT_mRNA545673		None	None
gene-F5B20DRAFT_545676	rna-gnl|WGS:JAJKKE|F5B20DRAFT_mRNA545676	PF11327.14	Partial	None
gene-F5B20DRAFT_545678	rna-gnl|WGS:JAJKKE|F5B20DRAFT_mRNA545678	PF08240.18	Partial	None
gene-F5B20DRAFT_545679	rna-gnl|WGS:JAJKKE|F5B20DRAFT_mRNA545679	PF00106.32,PF08659.17,PF13561.13	Partial	None
gene-F5B20DRAFT_571250	rna-gnl|WGS:JAJKKE|F5B20DRAFT_mRNA571250	PF06516.18	Partial	None
gene-F5B20DRAFT_571251	rna-gnl|WGS:JAJKKE|F5B20DRAFT_mRNA571251	PF01036.25	Partial	None
gene-F5B20DRAFT_590954	rna-gnl|WGS:JAJKKE|F5B20DRAFT_mRNA590954	PF03055.22	Partial	None
gene-F5B20DRAFT_545686	rna-gnl|WGS:JAJKKE|F5B20DRAFT_mRNA545686	PF00069.32,PF07714.24	Partial	None
gene-F5B20DRAFT_545688	rna-gnl|WGS:JAJKKE|F5B20DRAFT_mRNA545688	PF01370.28	Partial	None
gene-F5B20DRAFT_545691	rna-gnl|WGS:JAJKKE|F5B20DRAFT_mRNA545691	PF30922.1,PF30923.1	Complete	None
gene-F5B20DRAFT_187645	rna-gnl|WGS:JAJKKE|F5B20DRAFT_mRNA187645	PF00172.24	Partial	None
gene-F5B20DRAFT_545699	rna-gnl|WGS:JAJKKE|F5B20DRAFT_mRNA545699	PF03443.21	Partial	None
gene-F5B20DRAFT_187689	rna-gnl|WGS:JAJKKE|F5B20DRAFT_mRNA187689	PF28751.1	Partial	None
gene-F5B20DRAFT_187709	rna-gnl|WGS:JAJKKE|F5B20DRAFT_mRNA187709	PF00296.27	Partial	None
gene-F5B20DRAFT_187716	rna-gnl|WGS:JAJKKE|F5B20DRAFT_mRNA187716	PF00702.33,PF13419.13	Partial	None
gene-F5B20DRAFT_590962	rna-gnl|WGS:JAJKKE|F5B20DRAFT_mRNA590962	PF01544.24	Partial	None
gene-F5B20DRAFT_590966	rna-gnl|WGS:JAJKKE|F5B20DRAFT_mRNA590966	PF13374.13,PF13424.13,PF13424.13,PF25000.1	Complete	None
gene-F5B20DRAFT_590974	rna-gnl|WGS:JAJKKE|F5B20DRAFT_mRNA590974		None	None
gene-F5B20DRAFT_188015	rna-gnl|WGS:JAJKKE|F5B20DRAFT_mRNA188015	PF00467.36,PF03439.19,PF11942.14,PF23037.2,PF23042.3,PF23284.3,PF23290.2,PF23291.2	Complete	None
gene-F5B20DRAFT_188025	rna-gnl|WGS:JAJKKE|F5B20DRAFT_mRNA188025	PF00400.39,PF00400.39,PF00400.39	Complete	None
gene-F5B20DRAFT_188048	rna-gnl|WGS:JAJKKE|F5B20DRAFT_mRNA188048	PF01467.33,PF28717.1	Partial	None
gene-F5B20DRAFT_188043	rna-gnl|WGS:JAJKKE|F5B20DRAFT_mRNA188043	PF00106.32,PF01370.28,PF08659.17,PF13561.13,PF23441.1	Partial	None
gene-F5B20DRAFT_581706	rna-gnl|WGS:JAJKKE|F5B20DRAFT_mRNA581706	PF00097.32,PF12678.14,PF12861.14,PF13445.13,PF13639.13,PF13923.13	Complete	None
gene-F5B20DRAFT_188070	rna-gnl|WGS:JAJKKE|F5B20DRAFT_mRNA188070		None	None
gene-F5B20DRAFT_188274	rna-gnl|WGS:JAJKKE|F5B20DRAFT_mRNA188274		None	None
gene-F5B20DRAFT_188133	rna-gnl|WGS:JAJKKE|F5B20DRAFT_mRNA188133	PF08520.16	Partial	None
gene-F5B20DRAFT_581709	rna-gnl|WGS:JAJKKE|F5B20DRAFT_mRNA581709	PF00224.28,PF02887.22	Complete	None
gene-F5B20DRAFT_581710	rna-gnl|WGS:JAJKKE|F5B20DRAFT_mRNA581710	PF00023.37,PF13606.13	Complete	None
gene-F5B20DRAFT_590984	rna-gnl|WGS:JAJKKE|F5B20DRAFT_mRNA590984	PF00023.37,PF00023.37,PF12796.14,PF12796.14,PF13606.13,PF13637.13	Complete	None
gene-F5B20DRAFT_188406	rna-gnl|WGS:JAJKKE|F5B20DRAFT_mRNA188406	PF00083.31,PF07690.22	Partial	None
gene-F5B20DRAFT_590988	rna-gnl|WGS:JAJKKE|F5B20DRAFT_mRNA590988		None	None
gene-F5B20DRAFT_545758	rna-gnl|WGS:JAJKKE|F5B20DRAFT_mRNA545758	PF01301.26,PF10435.16,PF13363.12,PF13364.13,PF13364.13	Complete	None
gene-F5B20DRAFT_188654	rna-gnl|WGS:JAJKKE|F5B20DRAFT_mRNA188654	PF07690.22	Partial	None
gene-F5B20DRAFT_545764	rna-gnl|WGS:JAJKKE|F5B20DRAFT_mRNA545764	PF05721.20	Partial	None
gene-F5B20DRAFT_188758	rna-gnl|WGS:JAJKKE|F5B20DRAFT_mRNA188758	PF00067.28	Partial	None
gene-F5B20DRAFT_581718	rna-gnl|WGS:JAJKKE|F5B20DRAFT_mRNA581718	PF00171.28,PF11951.14	Partial	None
gene-F5B20DRAFT_188764	rna-gnl|WGS:JAJKKE|F5B20DRAFT_mRNA188764	PF05368.20,PF13460.13	Partial	None
gene-F5B20DRAFT_581720	rna-gnl|WGS:JAJKKE|F5B20DRAFT_mRNA581720	PF00083.31,PF07690.22	Partial	None
gene-F5B20DRAFT_545785	rna-gnl|WGS:JAJKKE|F5B20DRAFT_mRNA545785	PF00172.24	Partial	None
gene-F5B20DRAFT_188846	rna-gnl|WGS:JAJKKE|F5B20DRAFT_mRNA188846	PF00903.32	Partial	None
gene-F5B20DRAFT_188811	rna-gnl|WGS:JAJKKE|F5B20DRAFT_mRNA188811	PF00890.31,PF01494.26,PF01494.26	Partial	None
gene-F5B20DRAFT_590998	rna-gnl|WGS:JAJKKE|F5B20DRAFT_mRNA590998		None	None
gene-F5B20DRAFT_581725	rna-gnl|WGS:JAJKKE|F5B20DRAFT_mRNA581725	PF00909.27	Partial	None
gene-F5B20DRAFT_188869	rna-gnl|WGS:JAJKKE|F5B20DRAFT_mRNA188869		None	None
gene-F5B20DRAFT_581727	rna-gnl|WGS:JAJKKE|F5B20DRAFT_mRNA581727	PF07883.18	Partial	None
gene-F5B20DRAFT_545808	rna-gnl|WGS:JAJKKE|F5B20DRAFT_mRNA545808	PF00646.39,PF12014.14,PF12937.13	Complete	None
gene-F5B20DRAFT_545811	rna-gnl|WGS:JAJKKE|F5B20DRAFT_mRNA545811	PF08588.17	Partial	None
gene-F5B20DRAFT_591008	rna-gnl|WGS:JAJKKE|F5B20DRAFT_mRNA591008	PF00023.37,PF00023.37,PF00023.37,PF12796.14,PF12796.14,PF13606.13,PF13606.13,PF13637.13,PF13637.13,PF13857.13	Complete	None
gene-F5B20DRAFT_581732	rna-gnl|WGS:JAJKKE|F5B20DRAFT_mRNA581732		None	None
gene-F5B20DRAFT_189594	rna-gnl|WGS:JAJKKE|F5B20DRAFT_mRNA189594	PF05730.17,PF20684.4	Partial	None
gene-F5B20DRAFT_189652	rna-gnl|WGS:JAJKKE|F5B20DRAFT_mRNA189652	PF31246.1	Partial	None
gene-F5B20DRAFT_571281	rna-gnl|WGS:JAJKKE|F5B20DRAFT_mRNA571281	PF06985.18,PF26639.1	Complete	None
gene-F5B20DRAFT_591019	rna-gnl|WGS:JAJKKE|F5B20DRAFT_mRNA591019		None	None
gene-F5B20DRAFT_545834	rna-gnl|WGS:JAJKKE|F5B20DRAFT_mRNA545834	PF03443.21	Partial	None
gene-F5B20DRAFT_545836	rna-gnl|WGS:JAJKKE|F5B20DRAFT_mRNA545836	PF22244.3	Partial	None
gene-F5B20DRAFT_571283	rna-gnl|WGS:JAJKKE|F5B20DRAFT_mRNA571283	PF02535.29	Partial	None
gene-F5B20DRAFT_545841	rna-gnl|WGS:JAJKKE|F5B20DRAFT_mRNA545841	PF00082.28,PF05922.22	Partial	None
gene-F5B20DRAFT_189719	rna-gnl|WGS:JAJKKE|F5B20DRAFT_mRNA189719	PF00775.28	Partial	None
gene-F5B20DRAFT_591023	rna-gnl|WGS:JAJKKE|F5B20DRAFT_mRNA591023		None	None
gene-F5B20DRAFT_571288	rna-gnl|WGS:JAJKKE|F5B20DRAFT_mRNA571288	PF00069.32,PF07714.24	Partial	None
gene-F5B20DRAFT_581745	rna-gnl|WGS:JAJKKE|F5B20DRAFT_mRNA581745	PF16862.11	Complete	None
gene-F5B20DRAFT_189907	rna-gnl|WGS:JAJKKE|F5B20DRAFT_mRNA189907		None	None
gene-F5B20DRAFT_545863	rna-gnl|WGS:JAJKKE|F5B20DRAFT_mRNA545863		None	None
gene-F5B20DRAFT_545865	rna-gnl|WGS:JAJKKE|F5B20DRAFT_mRNA545865		None	None
gene-F5B20DRAFT_581749	rna-gnl|WGS:JAJKKE|F5B20DRAFT_mRNA581749	PF09362.16	Partial	None
gene-F5B20DRAFT_581750	rna-gnl|WGS:JAJKKE|F5B20DRAFT_mRNA581750	PF13826.13	Partial	None
gene-F5B20DRAFT_190196	rna-gnl|WGS:JAJKKE|F5B20DRAFT_mRNA190196	PF13489.13	Partial	None
gene-F5B20DRAFT_571292	rna-gnl|WGS:JAJKKE|F5B20DRAFT_mRNA571292	PF00732.26,PF05199.20	Complete	None
gene-F5B20DRAFT_545895	rna-gnl|WGS:JAJKKE|F5B20DRAFT_mRNA545895	PF00096.33	Complete	None
gene-F5B20DRAFT_581754	rna-gnl|WGS:JAJKKE|F5B20DRAFT_mRNA581754		None	None
gene-F5B20DRAFT_591029	rna-gnl|WGS:JAJKKE|F5B20DRAFT_mRNA591029		None	None
gene-F5B20DRAFT_190281	rna-gnl|WGS:JAJKKE|F5B20DRAFT_mRNA190281	PF01565.29	Partial	None
gene-F5B20DRAFT_591031	rna-gnl|WGS:JAJKKE|F5B20DRAFT_mRNA591031		None	None
gene-F5B20DRAFT_545901	rna-gnl|WGS:JAJKKE|F5B20DRAFT_mRNA545901		None	None
gene-F5B20DRAFT_545904	rna-gnl|WGS:JAJKKE|F5B20DRAFT_mRNA545904	PF00651.38	Partial	None
gene-F5B20DRAFT_545917	rna-gnl|WGS:JAJKKE|F5B20DRAFT_mRNA545917	PF01399.34	Complete	None
gene-F5B20DRAFT_571297	rna-gnl|WGS:JAJKKE|F5B20DRAFT_mRNA571297	PF01775.23	Partial	None
gene-F5B20DRAFT_190631	rna-gnl|WGS:JAJKKE|F5B20DRAFT_mRNA190631	PF00172.24,PF04082.24	Partial	None
gene-F5B20DRAFT_581763	rna-gnl|WGS:JAJKKE|F5B20DRAFT_mRNA581763	PF20684.4	Partial	None
gene-F5B20DRAFT_581764	rna-gnl|WGS:JAJKKE|F5B20DRAFT_mRNA581764	PF13302.14	Partial	None
gene-F5B20DRAFT_190513	rna-gnl|WGS:JAJKKE|F5B20DRAFT_mRNA190513	PF08592.17	Partial	None
gene-F5B20DRAFT_545940	rna-gnl|WGS:JAJKKE|F5B20DRAFT_mRNA545940	PF24355.2	Partial	None
gene-F5B20DRAFT_545942	rna-gnl|WGS:JAJKKE|F5B20DRAFT_mRNA545942		None	None
gene-F5B20DRAFT_591037	rna-gnl|WGS:JAJKKE|F5B20DRAFT_mRNA591037	PF13641.13	Partial	None
gene-F5B20DRAFT_571301	rna-gnl|WGS:JAJKKE|F5B20DRAFT_mRNA571301	PF06657.19	Complete	None
gene-F5B20DRAFT_581770	rna-gnl|WGS:JAJKKE|F5B20DRAFT_mRNA581770	PF00076.29	Partial	None
gene-F5B20DRAFT_545957	rna-gnl|WGS:JAJKKE|F5B20DRAFT_mRNA545957		None	None
gene-F5B20DRAFT_191031	rna-gnl|WGS:JAJKKE|F5B20DRAFT_mRNA191031	PF01529.26	Partial	None
gene-F5B20DRAFT_191029	rna-gnl|WGS:JAJKKE|F5B20DRAFT_mRNA191029	PF00018.35,PF00063.28,PF06017.20,PF07653.24,PF14604.13	Complete	None
gene-F5B20DRAFT_191074	rna-gnl|WGS:JAJKKE|F5B20DRAFT_mRNA191074	PF01794.26,PF08022.19,PF08030.18	Complete	None
gene-F5B20DRAFT_545973	rna-gnl|WGS:JAJKKE|F5B20DRAFT_mRNA545973	PF00023.37,PF00023.37,PF00023.37,PF00023.37,PF00023.37,PF00023.37,PF00023.37,PF00023.37,PF00023.37,PF12796.14,PF12796.14,PF12796.14,PF12796.14,PF13606.13,PF13637.13,PF13637.13,PF13857.13,PF24883.3	Complete	None
gene-F5B20DRAFT_191211	rna-gnl|WGS:JAJKKE|F5B20DRAFT_mRNA191211		None	None
gene-F5B20DRAFT_581779	rna-gnl|WGS:JAJKKE|F5B20DRAFT_mRNA581779		None	None
gene-F5B20DRAFT_591046	rna-gnl|WGS:JAJKKE|F5B20DRAFT_mRNA591046		None	None
gene-F5B20DRAFT_591049	rna-gnl|WGS:JAJKKE|F5B20DRAFT_mRNA591049	PF07690.22	Partial	None
gene-F5B20DRAFT_545980	rna-gnl|WGS:JAJKKE|F5B20DRAFT_mRNA545980		None	None
gene-F5B20DRAFT_545987	rna-gnl|WGS:JAJKKE|F5B20DRAFT_mRNA545987	PF24537.2	Complete	None
gene-F5B20DRAFT_191317	rna-gnl|WGS:JAJKKE|F5B20DRAFT_mRNA191317		None	None
gene-F5B20DRAFT_191332	rna-gnl|WGS:JAJKKE|F5B20DRAFT_mRNA191332	PF00394.29,PF07731.21,PF07732.22	Complete	None
gene-F5B20DRAFT_546000	rna-gnl|WGS:JAJKKE|F5B20DRAFT_mRNA546000	PF02679.22	Partial	None
gene-F5B20DRAFT_546001	rna-gnl|WGS:JAJKKE|F5B20DRAFT_mRNA546001		None	None
gene-F5B20DRAFT_591054	rna-gnl|WGS:JAJKKE|F5B20DRAFT_mRNA591054	PF07690.22	Partial	None
gene-F5B20DRAFT_191376	rna-gnl|WGS:JAJKKE|F5B20DRAFT_mRNA191376		None	None
gene-F5B20DRAFT_546007	rna-gnl|WGS:JAJKKE|F5B20DRAFT_mRNA546007	PF00815.26,PF01502.24,PF01503.23	Complete	None
gene-F5B20DRAFT_546009	rna-gnl|WGS:JAJKKE|F5B20DRAFT_mRNA546009	PF02291.22	Partial	None
gene-F5B20DRAFT_591056	rna-gnl|WGS:JAJKKE|F5B20DRAFT_mRNA591056	PF04571.20,PF08235.20,PF24565.2,PF24694.2	Complete	None
gene-F5B20DRAFT_191576	rna-gnl|WGS:JAJKKE|F5B20DRAFT_mRNA191576	PF00041.28	Partial	None
gene-F5B20DRAFT_591058	rna-gnl|WGS:JAJKKE|F5B20DRAFT_mRNA591058	PF08583.16	Partial	None
gene-F5B20DRAFT_546020	rna-gnl|WGS:JAJKKE|F5B20DRAFT_mRNA546020	PF00023.37,PF00023.37,PF00023.37,PF00023.37,PF12796.14,PF12796.14,PF13606.13	Complete	None
gene-F5B20DRAFT_591064	rna-gnl|WGS:JAJKKE|F5B20DRAFT_mRNA591064		None	None
gene-F5B20DRAFT_591066	rna-gnl|WGS:JAJKKE|F5B20DRAFT_mRNA591066	PF00023.37,PF12796.14	Complete	None
gene-F5B20DRAFT_591072	rna-gnl|WGS:JAJKKE|F5B20DRAFT_mRNA591072	PF13095.13	Partial	None
gene-F5B20DRAFT_581798	rna-gnl|WGS:JAJKKE|F5B20DRAFT_mRNA581798		None	None
gene-F5B20DRAFT_191634	rna-gnl|WGS:JAJKKE|F5B20DRAFT_mRNA191634	PF10198.15	Complete	None
gene-F5B20DRAFT_546034	rna-gnl|WGS:JAJKKE|F5B20DRAFT_mRNA546034	PF00449.27,PF00547.24,PF00699.26,PF01979.27	Complete	None
gene-F5B20DRAFT_546039	rna-gnl|WGS:JAJKKE|F5B20DRAFT_mRNA546039	PF00505.26	Complete	None
gene-F5B20DRAFT_591078	rna-gnl|WGS:JAJKKE|F5B20DRAFT_mRNA591078	PF07217.17	Partial	None
gene-F5B20DRAFT_581804	rna-gnl|WGS:JAJKKE|F5B20DRAFT_mRNA581804	PF02015.23	Partial	None
gene-F5B20DRAFT_571327	rna-gnl|WGS:JAJKKE|F5B20DRAFT_mRNA571327	PF03134.25	Partial	None
gene-F5B20DRAFT_191932	rna-gnl|WGS:JAJKKE|F5B20DRAFT_mRNA191932	PF06420.18	Partial	None
gene-F5B20DRAFT_581807	rna-gnl|WGS:JAJKKE|F5B20DRAFT_mRNA581807		None	None
gene-F5B20DRAFT_191911	rna-gnl|WGS:JAJKKE|F5B20DRAFT_mRNA191911	PF03099.25,PF09825.16	Complete	None
gene-F5B20DRAFT_191992	rna-gnl|WGS:JAJKKE|F5B20DRAFT_mRNA191992	PF20684.4	Partial	None
gene-F5B20DRAFT_191987	rna-gnl|WGS:JAJKKE|F5B20DRAFT_mRNA191987		None	None
gene-F5B20DRAFT_192027	rna-gnl|WGS:JAJKKE|F5B20DRAFT_mRNA192027	PF20684.4	Partial	None
gene-F5B20DRAFT_581811	rna-gnl|WGS:JAJKKE|F5B20DRAFT_mRNA581811	PF00732.26,PF00890.31,PF05199.20	Complete	None
gene-F5B20DRAFT_546080	rna-gnl|WGS:JAJKKE|F5B20DRAFT_mRNA546080	PF00106.32,PF13561.13	Partial	None
gene-F5B20DRAFT_571332	rna-gnl|WGS:JAJKKE|F5B20DRAFT_mRNA571332	PF00106.32,PF00107.33,PF00109.33,PF00698.27,PF02801.29,PF08240.18,PF08659.17,PF13602.13,PF14765.13,PF16197.12,PF21089.4,PF23114.1	Complete	None
gene-F5B20DRAFT_591095	rna-gnl|WGS:JAJKKE|F5B20DRAFT_mRNA591095		None	None
gene-F5B20DRAFT_591096	rna-gnl|WGS:JAJKKE|F5B20DRAFT_mRNA591096	PF01841.26,PF03835.22	Complete	None
gene-F5B20DRAFT_192251	rna-gnl|WGS:JAJKKE|F5B20DRAFT_mRNA192251	PF14328.12	Partial	None
gene-F5B20DRAFT_581817	rna-gnl|WGS:JAJKKE|F5B20DRAFT_mRNA581817	PF08719.18	Partial	None
gene-F5B20DRAFT_546087	rna-gnl|WGS:JAJKKE|F5B20DRAFT_mRNA546087	PF03656.19	Partial	None
gene-F5B20DRAFT_192273	rna-gnl|WGS:JAJKKE|F5B20DRAFT_mRNA192273	PF04893.23	Partial	None
gene-F5B20DRAFT_546092	rna-gnl|WGS:JAJKKE|F5B20DRAFT_mRNA546092	PF07690.22	Partial	None
gene-F5B20DRAFT_546093	rna-gnl|WGS:JAJKKE|F5B20DRAFT_mRNA546093	PF00067.28	Partial	None
gene-F5B20DRAFT_571339	rna-gnl|WGS:JAJKKE|F5B20DRAFT_mRNA571339	PF03881.21	Partial	None
gene-F5B20DRAFT_546109	rna-gnl|WGS:JAJKKE|F5B20DRAFT_mRNA546109	PF03443.21	Partial	None
gene-F5B20DRAFT_591105	rna-gnl|WGS:JAJKKE|F5B20DRAFT_mRNA591105	PF17109.11,PF24883.3	Partial	None
gene-F5B20DRAFT_571342	rna-gnl|WGS:JAJKKE|F5B20DRAFT_mRNA571342	PF20219.4	Partial	None
gene-F5B20DRAFT_581826	rna-gnl|WGS:JAJKKE|F5B20DRAFT_mRNA581826	PF20684.4	Partial	None
gene-F5B20DRAFT_581827	rna-gnl|WGS:JAJKKE|F5B20DRAFT_mRNA581827	PF00891.25,PF08100.19	Partial	None
gene-F5B20DRAFT_546125	rna-gnl|WGS:JAJKKE|F5B20DRAFT_mRNA546125	PF01112.24	Partial	None
gene-F5B20DRAFT_546136	rna-gnl|WGS:JAJKKE|F5B20DRAFT_mRNA546136		None	None
gene-F5B20DRAFT_546139	rna-gnl|WGS:JAJKKE|F5B20DRAFT_mRNA546139	PF00195.26,PF02797.22	Partial	None
gene-F5B20DRAFT_192755	rna-gnl|WGS:JAJKKE|F5B20DRAFT_mRNA192755		None	None
gene-F5B20DRAFT_192781	rna-gnl|WGS:JAJKKE|F5B20DRAFT_mRNA192781	PF00106.32,PF13561.13	Partial	None
gene-F5B20DRAFT_546145	rna-gnl|WGS:JAJKKE|F5B20DRAFT_mRNA546145	PF07998.18	Partial	None
gene-F5B20DRAFT_546146	rna-gnl|WGS:JAJKKE|F5B20DRAFT_mRNA546146		None	None
gene-F5B20DRAFT_591111	rna-gnl|WGS:JAJKKE|F5B20DRAFT_mRNA591111		None	None
gene-F5B20DRAFT_192813	rna-gnl|WGS:JAJKKE|F5B20DRAFT_mRNA192813	PF00890.31,PF01494.26,PF07992.21,PF13450.13	Partial	None
gene-F5B20DRAFT_192864	rna-gnl|WGS:JAJKKE|F5B20DRAFT_mRNA192864		None	None
gene-F5B20DRAFT_192868	rna-gnl|WGS:JAJKKE|F5B20DRAFT_mRNA192868	PF00082.28,PF02225.28,PF06280.19	Complete	None
gene-F5B20DRAFT_581840	rna-gnl|WGS:JAJKKE|F5B20DRAFT_mRNA581840	PF02548.22,PF13714.13	Partial	None
gene-F5B20DRAFT_192878	rna-gnl|WGS:JAJKKE|F5B20DRAFT_mRNA192878	PF04110.20	Partial	None
gene-F5B20DRAFT_192924	rna-gnl|WGS:JAJKKE|F5B20DRAFT_mRNA192924	PF00891.25	Partial	None
gene-F5B20DRAFT_581843	rna-gnl|WGS:JAJKKE|F5B20DRAFT_mRNA581843	PF01565.29	Partial	None
gene-F5B20DRAFT_546171	rna-gnl|WGS:JAJKKE|F5B20DRAFT_mRNA546171	PF00153.33,PF00153.33,PF00153.33	Complete	None
gene-F5B20DRAFT_192979	rna-gnl|WGS:JAJKKE|F5B20DRAFT_mRNA192979	PF02458.21	Partial	None
gene-F5B20DRAFT_546175	rna-gnl|WGS:JAJKKE|F5B20DRAFT_mRNA546175	PF00892.27,PF00892.27	Complete	None
gene-F5B20DRAFT_546182	rna-gnl|WGS:JAJKKE|F5B20DRAFT_mRNA546182		None	None
gene-F5B20DRAFT_581847	rna-gnl|WGS:JAJKKE|F5B20DRAFT_mRNA581847		None	None
gene-F5B20DRAFT_581848	rna-gnl|WGS:JAJKKE|F5B20DRAFT_mRNA581848		None	None
gene-F5B20DRAFT_193054	rna-gnl|WGS:JAJKKE|F5B20DRAFT_mRNA193054	PF07535.19,PF08630.16,PF22437.3	Complete	None
gene-F5B20DRAFT_581850	rna-gnl|WGS:JAJKKE|F5B20DRAFT_mRNA581850	PF00557.30,PF05195.23	Partial	None
gene-F5B20DRAFT_546189	rna-gnl|WGS:JAJKKE|F5B20DRAFT_mRNA546189		None	None
gene-F5B20DRAFT_546242	rna-gnl|WGS:JAJKKE|F5B20DRAFT_mRNA546242		None	None
gene-F5B20DRAFT_193152	rna-gnl|WGS:JAJKKE|F5B20DRAFT_mRNA193152	PF00010.32	Complete	None
gene-F5B20DRAFT_193349	rna-gnl|WGS:JAJKKE|F5B20DRAFT_mRNA193349	PF08883.17	Partial	None
gene-F5B20DRAFT_546311	rna-gnl|WGS:JAJKKE|F5B20DRAFT_mRNA546311	PF01794.26,PF08022.19,PF08030.18	Complete	None
gene-F5B20DRAFT_546313	rna-gnl|WGS:JAJKKE|F5B20DRAFT_mRNA546313	PF00106.32,PF13561.13	Partial	None
gene-F5B20DRAFT_546324	rna-gnl|WGS:JAJKKE|F5B20DRAFT_mRNA546324	PF00743.26,PF07992.21,PF13434.13,PF13450.13,PF13738.13	Partial	None
gene-F5B20DRAFT_546326	rna-gnl|WGS:JAJKKE|F5B20DRAFT_mRNA546326	PF00106.32,PF08659.17,PF13561.13	Partial	None
gene-F5B20DRAFT_546329	rna-gnl|WGS:JAJKKE|F5B20DRAFT_mRNA546329	PF00962.29	Partial	None
gene-F5B20DRAFT_571361	rna-gnl|WGS:JAJKKE|F5B20DRAFT_mRNA571361		None	None
gene-F5B20DRAFT_546337	rna-gnl|WGS:JAJKKE|F5B20DRAFT_mRNA546337	PF14856.12	Partial	None
gene-F5B20DRAFT_546340	rna-gnl|WGS:JAJKKE|F5B20DRAFT_mRNA546340	PF00005.34,PF00005.34,PF01061.30,PF01061.30,PF06422.19,PF14510.12	Complete	None
gene-F5B20DRAFT_546346	rna-gnl|WGS:JAJKKE|F5B20DRAFT_mRNA546346	PF01214.24	Partial	None
gene-F5B20DRAFT_193904	rna-gnl|WGS:JAJKKE|F5B20DRAFT_mRNA193904	PF13621.13	Partial	None
gene-F5B20DRAFT_193927	rna-gnl|WGS:JAJKKE|F5B20DRAFT_mRNA193927		None	None
gene-F5B20DRAFT_193907	rna-gnl|WGS:JAJKKE|F5B20DRAFT_mRNA193907		None	None
gene-F5B20DRAFT_193989	rna-gnl|WGS:JAJKKE|F5B20DRAFT_mRNA193989		None	None
gene-F5B20DRAFT_591121	rna-gnl|WGS:JAJKKE|F5B20DRAFT_mRNA591121	PF00067.28	Partial	None
gene-F5B20DRAFT_194159	rna-gnl|WGS:JAJKKE|F5B20DRAFT_mRNA194159	PF20684.4	Partial	None
gene-F5B20DRAFT_546392	rna-gnl|WGS:JAJKKE|F5B20DRAFT_mRNA546392	PF00840.28	Partial	None
gene-F5B20DRAFT_571365	rna-gnl|WGS:JAJKKE|F5B20DRAFT_mRNA571365	PF06165.19,PF17167.11	Partial	None
gene-F5B20DRAFT_194286	rna-gnl|WGS:JAJKKE|F5B20DRAFT_mRNA194286		None	None
gene-F5B20DRAFT_581870	rna-gnl|WGS:JAJKKE|F5B20DRAFT_mRNA581870	PF00179.32	Partial	None
gene-F5B20DRAFT_194296	rna-gnl|WGS:JAJKKE|F5B20DRAFT_mRNA194296	PF04502.19	Partial	None
gene-F5B20DRAFT_194404	rna-gnl|WGS:JAJKKE|F5B20DRAFT_mRNA194404		None	None
gene-F5B20DRAFT_194427	rna-gnl|WGS:JAJKKE|F5B20DRAFT_mRNA194427	PF04828.23	Partial	None
gene-F5B20DRAFT_194457	rna-gnl|WGS:JAJKKE|F5B20DRAFT_mRNA194457	PF03198.21,PF07983.19	Complete	None
gene-F5B20DRAFT_194491	rna-gnl|WGS:JAJKKE|F5B20DRAFT_mRNA194491	PF00023.37,PF00023.37,PF12796.14,PF13606.13,PF13637.13	Complete	None
gene-F5B20DRAFT_571369	rna-gnl|WGS:JAJKKE|F5B20DRAFT_mRNA571369	PF00106.32,PF01370.28,PF13561.13	Partial	None
gene-F5B20DRAFT_571370	rna-gnl|WGS:JAJKKE|F5B20DRAFT_mRNA571370	PF07690.22,PF07690.22	Partial	None
gene-F5B20DRAFT_546427	rna-gnl|WGS:JAJKKE|F5B20DRAFT_mRNA546427	PF00067.28	Partial	None
gene-F5B20DRAFT_194613	rna-gnl|WGS:JAJKKE|F5B20DRAFT_mRNA194613	PF00722.29,PF26113.1	Partial	None
gene-F5B20DRAFT_194698	rna-gnl|WGS:JAJKKE|F5B20DRAFT_mRNA194698	PF00083.31,PF06609.19,PF07690.22	Partial	None
gene-F5B20DRAFT_546437	rna-gnl|WGS:JAJKKE|F5B20DRAFT_mRNA546437	PF28575.1	Complete	None
gene-F5B20DRAFT_546438	rna-gnl|WGS:JAJKKE|F5B20DRAFT_mRNA546438	PF16010.11	Partial	None
gene-F5B20DRAFT_546442	rna-gnl|WGS:JAJKKE|F5B20DRAFT_mRNA546442	PF00082.28,PF09286.17	Partial	None
gene-F5B20DRAFT_546444	rna-gnl|WGS:JAJKKE|F5B20DRAFT_mRNA546444	PF11807.14	Partial	None
gene-F5B20DRAFT_546446	rna-gnl|WGS:JAJKKE|F5B20DRAFT_mRNA546446	PF00082.28,PF09286.17	Partial	None
gene-F5B20DRAFT_546449	rna-gnl|WGS:JAJKKE|F5B20DRAFT_mRNA546449	PF03169.21	Partial	None
gene-F5B20DRAFT_546455	rna-gnl|WGS:JAJKKE|F5B20DRAFT_mRNA546455	PF11807.14	Partial	None
gene-F5B20DRAFT_195255	rna-gnl|WGS:JAJKKE|F5B20DRAFT_mRNA195255		None	None
gene-F5B20DRAFT_546464	rna-gnl|WGS:JAJKKE|F5B20DRAFT_mRNA546464	PF11807.14	Partial	None
gene-F5B20DRAFT_571377	rna-gnl|WGS:JAJKKE|F5B20DRAFT_mRNA571377	PF08164.18,PF13339.12	Complete	None
gene-F5B20DRAFT_581891	rna-gnl|WGS:JAJKKE|F5B20DRAFT_mRNA581891	PF01656.30,PF10609.16,PF13614.13	Partial	None
gene-F5B20DRAFT_581892	rna-gnl|WGS:JAJKKE|F5B20DRAFT_mRNA581892	PF18115.8	Complete	None
gene-F5B20DRAFT_196437	rna-gnl|WGS:JAJKKE|F5B20DRAFT_mRNA196437	PF02714.21,PF13967.12,PF14703.13	Partial	None
gene-F5B20DRAFT_546474	rna-gnl|WGS:JAJKKE|F5B20DRAFT_mRNA546474	PF00071.29,PF08477.20	Complete	None
gene-F5B20DRAFT_581895	rna-gnl|WGS:JAJKKE|F5B20DRAFT_mRNA581895		None	None
gene-F5B20DRAFT_546475	rna-gnl|WGS:JAJKKE|F5B20DRAFT_mRNA546475		None	None
gene-F5B20DRAFT_546477	rna-gnl|WGS:JAJKKE|F5B20DRAFT_mRNA546477	PF00415.25,PF00415.25,PF00651.38,PF12796.14,PF13540.13,PF13637.13	Complete	None
gene-F5B20DRAFT_546481	rna-gnl|WGS:JAJKKE|F5B20DRAFT_mRNA546481	PF00153.33,PF00153.33,PF00153.33	Complete	None
gene-F5B20DRAFT_591145	rna-gnl|WGS:JAJKKE|F5B20DRAFT_mRNA591145		None	None
gene-F5B20DRAFT_196521	rna-gnl|WGS:JAJKKE|F5B20DRAFT_mRNA196521	PF09073.16	Partial	None
gene-F5B20DRAFT_196547	rna-gnl|WGS:JAJKKE|F5B20DRAFT_mRNA196547	PF00106.32,PF08659.17,PF13561.13	Partial	None
gene-F5B20DRAFT_196590	rna-gnl|WGS:JAJKKE|F5B20DRAFT_mRNA196590	PF00153.33,PF00153.33,PF00153.33	Complete	None
gene-F5B20DRAFT_546495	rna-gnl|WGS:JAJKKE|F5B20DRAFT_mRNA546495		None	None
gene-F5B20DRAFT_196676	rna-gnl|WGS:JAJKKE|F5B20DRAFT_mRNA196676	PF00067.28	Partial	None
gene-F5B20DRAFT_591150	rna-gnl|WGS:JAJKKE|F5B20DRAFT_mRNA591150	PF06609.19,PF07690.22	Partial	None
gene-F5B20DRAFT_581906	rna-gnl|WGS:JAJKKE|F5B20DRAFT_mRNA581906	PF12224.14	Partial	None
gene-F5B20DRAFT_546498	rna-gnl|WGS:JAJKKE|F5B20DRAFT_mRNA546498	PF09362.16	Partial	None
gene-F5B20DRAFT_546501	rna-gnl|WGS:JAJKKE|F5B20DRAFT_mRNA546501		None	None
gene-F5B20DRAFT_196698	rna-gnl|WGS:JAJKKE|F5B20DRAFT_mRNA196698	PF00018.35,PF00611.29,PF07653.24,PF14604.13	Complete	None
gene-F5B20DRAFT_546506	rna-gnl|WGS:JAJKKE|F5B20DRAFT_mRNA546506	PF06775.20	Partial	None
gene-F5B20DRAFT_196746	rna-gnl|WGS:JAJKKE|F5B20DRAFT_mRNA196746	PF25534.1	Partial	None
gene-F5B20DRAFT_591152	rna-gnl|WGS:JAJKKE|F5B20DRAFT_mRNA591152	PF00144.30	Partial	None
gene-F5B20DRAFT_546519	rna-gnl|WGS:JAJKKE|F5B20DRAFT_mRNA546519	PF10183.15	Partial	None
gene-F5B20DRAFT_546521	rna-gnl|WGS:JAJKKE|F5B20DRAFT_mRNA546521	PF01063.25	Partial	None
gene-F5B20DRAFT_546524	rna-gnl|WGS:JAJKKE|F5B20DRAFT_mRNA546524	PF00069.32,PF07714.24	Partial	None
gene-F5B20DRAFT_546527	rna-gnl|WGS:JAJKKE|F5B20DRAFT_mRNA546527	PF02146.24	Partial	None
gene-F5B20DRAFT_196998	rna-gnl|WGS:JAJKKE|F5B20DRAFT_mRNA196998	PF00122.26,PF00689.27,PF00690.32,PF00702.33,PF13246.13	Complete	None
gene-F5B20DRAFT_571390	rna-gnl|WGS:JAJKKE|F5B20DRAFT_mRNA571390	PF00067.28	Partial	None
gene-F5B20DRAFT_591166	rna-gnl|WGS:JAJKKE|F5B20DRAFT_mRNA591166	PF01975.24,PF03133.21	Partial	None
gene-F5B20DRAFT_546565	rna-gnl|WGS:JAJKKE|F5B20DRAFT_mRNA546565		None	None
gene-F5B20DRAFT_581920	rna-gnl|WGS:JAJKKE|F5B20DRAFT_mRNA581920	PF08651.16	Partial	None
gene-F5B20DRAFT_546568	rna-gnl|WGS:JAJKKE|F5B20DRAFT_mRNA546568	PF09468.17,PF17745.7	Partial	None
gene-F5B20DRAFT_546570	rna-gnl|WGS:JAJKKE|F5B20DRAFT_mRNA546570	PF09329.17,PF22379.3	Complete	None
gene-F5B20DRAFT_546573	rna-gnl|WGS:JAJKKE|F5B20DRAFT_mRNA546573	PF11489.14	Partial	None
gene-F5B20DRAFT_546579	rna-gnl|WGS:JAJKKE|F5B20DRAFT_mRNA546579		None	None
gene-F5B20DRAFT_197300	rna-gnl|WGS:JAJKKE|F5B20DRAFT_mRNA197300	PF10233.15	Partial	None
gene-F5B20DRAFT_197334	rna-gnl|WGS:JAJKKE|F5B20DRAFT_mRNA197334	PF00067.28	Partial	None
gene-F5B20DRAFT_197331	rna-gnl|WGS:JAJKKE|F5B20DRAFT_mRNA197331		None	None
gene-F5B20DRAFT_197375	rna-gnl|WGS:JAJKKE|F5B20DRAFT_mRNA197375	PF00282.26	Partial	None
gene-F5B20DRAFT_197355	rna-gnl|WGS:JAJKKE|F5B20DRAFT_mRNA197355	PF07690.22	Partial	None
gene-F5B20DRAFT_546596	rna-gnl|WGS:JAJKKE|F5B20DRAFT_mRNA546596	PF00067.28	Partial	None
gene-F5B20DRAFT_591176	rna-gnl|WGS:JAJKKE|F5B20DRAFT_mRNA591176		None	None
gene-F5B20DRAFT_546600	rna-gnl|WGS:JAJKKE|F5B20DRAFT_mRNA546600		None	None
gene-F5B20DRAFT_197446	rna-gnl|WGS:JAJKKE|F5B20DRAFT_mRNA197446	PF04096.21,PF12110.14,PF13634.12,PF13634.12,PF13634.12,PF13634.12,PF13634.12,PF13634.12,PF13634.12	Complete	None
gene-F5B20DRAFT_197474	rna-gnl|WGS:JAJKKE|F5B20DRAFT_mRNA197474	PF13405.13,PF13499.13,PF13833.13	Complete	None
gene-F5B20DRAFT_197488	rna-gnl|WGS:JAJKKE|F5B20DRAFT_mRNA197488	PF01417.27	Partial	None
gene-F5B20DRAFT_571402	rna-gnl|WGS:JAJKKE|F5B20DRAFT_mRNA571402	PF04389.23	Partial	None
gene-F5B20DRAFT_546612	rna-gnl|WGS:JAJKKE|F5B20DRAFT_mRNA546612	PF01853.26,PF16866.12,PF17772.8	Complete	None
gene-F5B20DRAFT_197562	rna-gnl|WGS:JAJKKE|F5B20DRAFT_mRNA197562		None	None
gene-F5B20DRAFT_197594	rna-gnl|WGS:JAJKKE|F5B20DRAFT_mRNA197594	PF01171.28,PF16503.11	Complete	None
gene-F5B20DRAFT_197621	rna-gnl|WGS:JAJKKE|F5B20DRAFT_mRNA197621	PF01248.32	Partial	None
gene-F5B20DRAFT_591184	rna-gnl|WGS:JAJKKE|F5B20DRAFT_mRNA591184	PF00324.28,PF13520.13	Partial	None
gene-F5B20DRAFT_591188	rna-gnl|WGS:JAJKKE|F5B20DRAFT_mRNA591188	PF00005.34,PF00005.34,PF00664.29,PF00664.29,PF24357.2	Complete	None
gene-F5B20DRAFT_197822	rna-gnl|WGS:JAJKKE|F5B20DRAFT_mRNA197822	PF00501.35,PF00501.35,PF00550.32,PF00550.32,PF00668.26,PF00668.26	Complete	None
gene-F5B20DRAFT_197719	rna-gnl|WGS:JAJKKE|F5B20DRAFT_mRNA197719	PF00484.25	Partial	None
gene-F5B20DRAFT_197749	rna-gnl|WGS:JAJKKE|F5B20DRAFT_mRNA197749	PF02423.22	Partial	None
gene-F5B20DRAFT_197793	rna-gnl|WGS:JAJKKE|F5B20DRAFT_mRNA197793	PF00108.30,PF02803.25	Complete	None
gene-F5B20DRAFT_591197	rna-gnl|WGS:JAJKKE|F5B20DRAFT_mRNA591197	PF07690.22	Partial	None
gene-F5B20DRAFT_546654	rna-gnl|WGS:JAJKKE|F5B20DRAFT_mRNA546654	PF07478.19	Partial	None
gene-F5B20DRAFT_546658	rna-gnl|WGS:JAJKKE|F5B20DRAFT_mRNA546658	PF01731.28	Partial	None
gene-F5B20DRAFT_581952	rna-gnl|WGS:JAJKKE|F5B20DRAFT_mRNA581952	PF01070.25,PF01070.25	Partial	None
gene-F5B20DRAFT_571412	rna-gnl|WGS:JAJKKE|F5B20DRAFT_mRNA571412	PF01266.31	Partial	None
gene-F5B20DRAFT_546677	rna-gnl|WGS:JAJKKE|F5B20DRAFT_mRNA546677	PF00326.28,PF07859.20	Partial	None
gene-F5B20DRAFT_591199	rna-gnl|WGS:JAJKKE|F5B20DRAFT_mRNA591199		None	None
gene-F5B20DRAFT_546679	rna-gnl|WGS:JAJKKE|F5B20DRAFT_mRNA546679	PF10604.16	Partial	None
gene-F5B20DRAFT_546680	rna-gnl|WGS:JAJKKE|F5B20DRAFT_mRNA546680	PF18271.9	Partial	None
gene-F5B20DRAFT_546683	rna-gnl|WGS:JAJKKE|F5B20DRAFT_mRNA546683	PF00644.27	Partial	None
gene-F5B20DRAFT_198079	rna-gnl|WGS:JAJKKE|F5B20DRAFT_mRNA198079	PF11927.15	Partial	None
gene-F5B20DRAFT_198085	rna-gnl|WGS:JAJKKE|F5B20DRAFT_mRNA198085	PF03435.25	Partial	None
gene-F5B20DRAFT_546688	rna-gnl|WGS:JAJKKE|F5B20DRAFT_mRNA546688	PF05187.20,PF13450.13,PF21162.4	Complete	None
gene-F5B20DRAFT_198132	rna-gnl|WGS:JAJKKE|F5B20DRAFT_mRNA198132		None	None
gene-F5B20DRAFT_546697	rna-gnl|WGS:JAJKKE|F5B20DRAFT_mRNA546697	PF00106.32,PF00501.35,PF00550.32,PF01370.28,PF01370.28,PF07993.19,PF08659.17,PF13561.13	Complete	None
gene-F5B20DRAFT_198165	rna-gnl|WGS:JAJKKE|F5B20DRAFT_mRNA198165	PF00352.28,PF00352.28	Complete	None
gene-F5B20DRAFT_198227	rna-gnl|WGS:JAJKKE|F5B20DRAFT_mRNA198227	PF01266.31	Partial	None
gene-F5B20DRAFT_198284	rna-gnl|WGS:JAJKKE|F5B20DRAFT_mRNA198284	PF01805.27	Complete	None
gene-F5B20DRAFT_198288	rna-gnl|WGS:JAJKKE|F5B20DRAFT_mRNA198288	PF00649.24	Partial	None
gene-F5B20DRAFT_591206	rna-gnl|WGS:JAJKKE|F5B20DRAFT_mRNA591206	PF27660.1	Complete	None
gene-F5B20DRAFT_571422	rna-gnl|WGS:JAJKKE|F5B20DRAFT_mRNA571422	PF11735.14	Partial	None
gene-F5B20DRAFT_198348	rna-gnl|WGS:JAJKKE|F5B20DRAFT_mRNA198348	PF00704.35,PF23916.2	Partial	None
gene-F5B20DRAFT_546725	rna-gnl|WGS:JAJKKE|F5B20DRAFT_mRNA546725	PF07690.22	Partial	None
gene-F5B20DRAFT_546737	rna-gnl|WGS:JAJKKE|F5B20DRAFT_mRNA546737	PF01262.28,PF02233.23,PF05222.22,PF12769.13	Complete	None
gene-F5B20DRAFT_581975	rna-gnl|WGS:JAJKKE|F5B20DRAFT_mRNA581975		None	None
gene-F5B20DRAFT_198565	rna-gnl|WGS:JAJKKE|F5B20DRAFT_mRNA198565	PF01384.26	Partial	None
gene-F5B20DRAFT_198570	rna-gnl|WGS:JAJKKE|F5B20DRAFT_mRNA198570	PF00082.28,PF06280.19	Complete	None
gene-F5B20DRAFT_546744	rna-gnl|WGS:JAJKKE|F5B20DRAFT_mRNA546744	PF05071.22	Partial	None
gene-F5B20DRAFT_546748	rna-gnl|WGS:JAJKKE|F5B20DRAFT_mRNA546748	PF13091.13	Partial	None
gene-F5B20DRAFT_546752	rna-gnl|WGS:JAJKKE|F5B20DRAFT_mRNA546752	PF00150.25	Partial	None
gene-F5B20DRAFT_581980	rna-gnl|WGS:JAJKKE|F5B20DRAFT_mRNA581980		None	None
gene-F5B20DRAFT_546756	rna-gnl|WGS:JAJKKE|F5B20DRAFT_mRNA546756		None	None
gene-F5B20DRAFT_546757	rna-gnl|WGS:JAJKKE|F5B20DRAFT_mRNA546757		None	None
gene-F5B20DRAFT_198761	rna-gnl|WGS:JAJKKE|F5B20DRAFT_mRNA198761	PF00245.26,PF26732.1	Partial	None
gene-F5B20DRAFT_198779	rna-gnl|WGS:JAJKKE|F5B20DRAFT_mRNA198779	PF01702.26	Partial	None
gene-F5B20DRAFT_546762	rna-gnl|WGS:JAJKKE|F5B20DRAFT_mRNA546762	PF03815.25	Complete	None
gene-F5B20DRAFT_546763	rna-gnl|WGS:JAJKKE|F5B20DRAFT_mRNA546763		None	None
gene-F5B20DRAFT_546764	rna-gnl|WGS:JAJKKE|F5B20DRAFT_mRNA546764	PF00248.28	Partial	None
gene-F5B20DRAFT_546766	rna-gnl|WGS:JAJKKE|F5B20DRAFT_mRNA546766		None	None
gene-F5B20DRAFT_546771	rna-gnl|WGS:JAJKKE|F5B20DRAFT_mRNA546771		None	None
gene-F5B20DRAFT_591209	rna-gnl|WGS:JAJKKE|F5B20DRAFT_mRNA591209	PF00400.39,PF00400.39,PF00400.39,PF00400.39,PF00400.39,PF00400.39,PF00400.39,PF17100.12,PF24883.3	Complete	None
gene-F5B20DRAFT_199048	rna-gnl|WGS:JAJKKE|F5B20DRAFT_mRNA199048	PF07958.17	Partial	None
gene-F5B20DRAFT_546789	rna-gnl|WGS:JAJKKE|F5B20DRAFT_mRNA546789	PF02096.27	Partial	None
gene-F5B20DRAFT_581993	rna-gnl|WGS:JAJKKE|F5B20DRAFT_mRNA581993		None	None
gene-F5B20DRAFT_546792	rna-gnl|WGS:JAJKKE|F5B20DRAFT_mRNA546792	PF08219.17	Partial	None
gene-F5B20DRAFT_546793	rna-gnl|WGS:JAJKKE|F5B20DRAFT_mRNA546793	PF00789.27,PF08059.19,PF14555.13	Complete	None
gene-F5B20DRAFT_546797	rna-gnl|WGS:JAJKKE|F5B20DRAFT_mRNA546797	PF07510.17	Partial	None
gene-F5B20DRAFT_199200	rna-gnl|WGS:JAJKKE|F5B20DRAFT_mRNA199200	PF00025.28,PF00071.29,PF01926.30,PF04670.19,PF08477.20	Partial	None
gene-F5B20DRAFT_546801	rna-gnl|WGS:JAJKKE|F5B20DRAFT_mRNA546801	PF01565.29,PF08031.18	Complete	None
gene-F5B20DRAFT_199425	rna-gnl|WGS:JAJKKE|F5B20DRAFT_mRNA199425	PF00583.32,PF13508.14,PF13673.14	Partial	None
gene-F5B20DRAFT_571440	rna-gnl|WGS:JAJKKE|F5B20DRAFT_mRNA571440	PF00096.33,PF00096.33,PF04082.24	Complete	None
gene-F5B20DRAFT_582002	rna-gnl|WGS:JAJKKE|F5B20DRAFT_mRNA582002	PF21762.4	Partial	None
gene-F5B20DRAFT_591221	rna-gnl|WGS:JAJKKE|F5B20DRAFT_mRNA591221	PF06985.18	Partial	None
gene-F5B20DRAFT_199490	rna-gnl|WGS:JAJKKE|F5B20DRAFT_mRNA199490	PF00928.27,PF01217.27	Partial	None
gene-F5B20DRAFT_199541	rna-gnl|WGS:JAJKKE|F5B20DRAFT_mRNA199541	PF08618.16,PF08618.16	Partial	None
gene-F5B20DRAFT_582006	rna-gnl|WGS:JAJKKE|F5B20DRAFT_mRNA582006		None	None
gene-F5B20DRAFT_591227	rna-gnl|WGS:JAJKKE|F5B20DRAFT_mRNA591227		None	None
gene-F5B20DRAFT_199570	rna-gnl|WGS:JAJKKE|F5B20DRAFT_mRNA199570	PF10297.15	Complete	None
gene-F5B20DRAFT_199588	rna-gnl|WGS:JAJKKE|F5B20DRAFT_mRNA199588	PF06148.18	Partial	None
gene-F5B20DRAFT_582010	rna-gnl|WGS:JAJKKE|F5B20DRAFT_mRNA582010	PF00687.27	Partial	None
gene-F5B20DRAFT_546818	rna-gnl|WGS:JAJKKE|F5B20DRAFT_mRNA546818	PF00749.28,PF03950.24,PF20974.3	Complete	None
gene-F5B20DRAFT_199676	rna-gnl|WGS:JAJKKE|F5B20DRAFT_mRNA199676	PF30930.1	Partial	None
gene-F5B20DRAFT_546823	rna-gnl|WGS:JAJKKE|F5B20DRAFT_mRNA546823	PF13506.14,PF13506.14	Partial	None
gene-F5B20DRAFT_546825	rna-gnl|WGS:JAJKKE|F5B20DRAFT_mRNA546825	PF01974.24,PF02778.20	Complete	None
gene-F5B20DRAFT_199776	rna-gnl|WGS:JAJKKE|F5B20DRAFT_mRNA199776	PF00083.31,PF07690.22	Partial	None
gene-F5B20DRAFT_546833	rna-gnl|WGS:JAJKKE|F5B20DRAFT_mRNA546833	PF20684.4	Partial	None
gene-F5B20DRAFT_546842	rna-gnl|WGS:JAJKKE|F5B20DRAFT_mRNA546842	PF28293.1,PF28293.1,PF28293.1	Complete	None
gene-F5B20DRAFT_546844	rna-gnl|WGS:JAJKKE|F5B20DRAFT_mRNA546844	PF00067.28	Partial	None
gene-F5B20DRAFT_199856	rna-gnl|WGS:JAJKKE|F5B20DRAFT_mRNA199856		None	None
gene-F5B20DRAFT_546851	rna-gnl|WGS:JAJKKE|F5B20DRAFT_mRNA546851	PF01127.28	Partial	None
gene-F5B20DRAFT_199920	rna-gnl|WGS:JAJKKE|F5B20DRAFT_mRNA199920	PF02969.24,PF07571.20	Partial	None
gene-F5B20DRAFT_546857	rna-gnl|WGS:JAJKKE|F5B20DRAFT_mRNA546857	PF00172.24,PF11905.14	Complete	None
gene-F5B20DRAFT_571451	rna-gnl|WGS:JAJKKE|F5B20DRAFT_mRNA571451	PF20163.5,PF28510.1	Partial	None
gene-F5B20DRAFT_546863	rna-gnl|WGS:JAJKKE|F5B20DRAFT_mRNA546863	PF29556.1,PF29556.1	Partial	None
gene-F5B20DRAFT_t54	gene-F5B20DRAFT_t54		None	None
gene-F5B20DRAFT_200003	rna-gnl|WGS:JAJKKE|F5B20DRAFT_mRNA200003		None	None
gene-F5B20DRAFT_200064	rna-gnl|WGS:JAJKKE|F5B20DRAFT_mRNA200064	PF00732.26,PF05199.20,PF13450.13	Complete	None
gene-F5B20DRAFT_200116	rna-gnl|WGS:JAJKKE|F5B20DRAFT_mRNA200116		None	None
gene-F5B20DRAFT_591239	rna-gnl|WGS:JAJKKE|F5B20DRAFT_mRNA591239	PF06985.18	Partial	None
gene-F5B20DRAFT_546896	rna-gnl|WGS:JAJKKE|F5B20DRAFT_mRNA546896		None	None
gene-F5B20DRAFT_582028	rna-gnl|WGS:JAJKKE|F5B20DRAFT_mRNA582028	PF12296.14	Partial	None
gene-F5B20DRAFT_571453	rna-gnl|WGS:JAJKKE|F5B20DRAFT_mRNA571453	PF02798.27,PF13409.13,PF13410.12,PF13417.13	Complete	None
gene-F5B20DRAFT_200228	rna-gnl|WGS:JAJKKE|F5B20DRAFT_mRNA200228	PF01544.24,PF05057.22	Complete	None
gene-F5B20DRAFT_200296	rna-gnl|WGS:JAJKKE|F5B20DRAFT_mRNA200296	PF01569.28	Partial	None
gene-F5B20DRAFT_591243	rna-gnl|WGS:JAJKKE|F5B20DRAFT_mRNA591243	PF12511.14	Partial	None
gene-F5B20DRAFT_546906	rna-gnl|WGS:JAJKKE|F5B20DRAFT_mRNA546906		None	None
gene-F5B20DRAFT_200336	rna-gnl|WGS:JAJKKE|F5B20DRAFT_mRNA200336		None	None
gene-F5B20DRAFT_546910	rna-gnl|WGS:JAJKKE|F5B20DRAFT_mRNA546910	PF01016.25	Partial	None
gene-F5B20DRAFT_546911	rna-gnl|WGS:JAJKKE|F5B20DRAFT_mRNA546911	PF28115.1	Partial	None
gene-F5B20DRAFT_200365	rna-gnl|WGS:JAJKKE|F5B20DRAFT_mRNA200365	PF04979.20	Partial	None
gene-F5B20DRAFT_200434	rna-gnl|WGS:JAJKKE|F5B20DRAFT_mRNA200434	PF03851.22	Partial	None
gene-F5B20DRAFT_200452	rna-gnl|WGS:JAJKKE|F5B20DRAFT_mRNA200452	PF00097.32,PF12861.14,PF13639.13	Complete	None
gene-F5B20DRAFT_200451	rna-gnl|WGS:JAJKKE|F5B20DRAFT_mRNA200451	PF00856.34,PF09273.17	Complete	None
gene-F5B20DRAFT_200493	rna-gnl|WGS:JAJKKE|F5B20DRAFT_mRNA200493		None	None
gene-F5B20DRAFT_546931	rna-gnl|WGS:JAJKKE|F5B20DRAFT_mRNA546931	PF06985.18	Partial	None
gene-F5B20DRAFT_546944	rna-gnl|WGS:JAJKKE|F5B20DRAFT_mRNA546944	PF00023.37,PF00023.37,PF12796.14,PF13606.13,PF13637.13,PF13637.13,PF13857.13	Complete	None
gene-F5B20DRAFT_546951	rna-gnl|WGS:JAJKKE|F5B20DRAFT_mRNA546951	PF04406.20,PF21180.4	Partial	None
gene-F5B20DRAFT_546954	rna-gnl|WGS:JAJKKE|F5B20DRAFT_mRNA546954	PF13243.13,PF13249.13	Partial	None
gene-F5B20DRAFT_200730	rna-gnl|WGS:JAJKKE|F5B20DRAFT_mRNA200730	PF04969.23,PF05002.21	Complete	None
gene-F5B20DRAFT_200756	rna-gnl|WGS:JAJKKE|F5B20DRAFT_mRNA200756	PF00067.28	Partial	None
gene-F5B20DRAFT_582047	rna-gnl|WGS:JAJKKE|F5B20DRAFT_mRNA582047		None	None
gene-F5B20DRAFT_546964	rna-gnl|WGS:JAJKKE|F5B20DRAFT_mRNA546964	PF06985.18	Partial	None
gene-F5B20DRAFT_546965	rna-gnl|WGS:JAJKKE|F5B20DRAFT_mRNA546965	PF00448.29,PF02492.26,PF02881.25,PF02978.27	Complete	None
gene-F5B20DRAFT_546967	rna-gnl|WGS:JAJKKE|F5B20DRAFT_mRNA546967	PF06985.18	Partial	None
gene-F5B20DRAFT_546968	rna-gnl|WGS:JAJKKE|F5B20DRAFT_mRNA546968	PF16541.11	Partial	None
gene-F5B20DRAFT_571465	rna-gnl|WGS:JAJKKE|F5B20DRAFT_mRNA571465	PF00067.28	Partial	None
gene-F5B20DRAFT_546975	rna-gnl|WGS:JAJKKE|F5B20DRAFT_mRNA546975		None	None
gene-F5B20DRAFT_200966	rna-gnl|WGS:JAJKKE|F5B20DRAFT_mRNA200966	PF05572.20	Partial	None
gene-F5B20DRAFT_582054	rna-gnl|WGS:JAJKKE|F5B20DRAFT_mRNA582054		None	None
gene-F5B20DRAFT_201170	rna-gnl|WGS:JAJKKE|F5B20DRAFT_mRNA201170		None	None
gene-F5B20DRAFT_582057	rna-gnl|WGS:JAJKKE|F5B20DRAFT_mRNA582057	PF04616.21,PF04616.21,PF22847.4	Partial	None
gene-F5B20DRAFT_571469	rna-gnl|WGS:JAJKKE|F5B20DRAFT_mRNA571469		None	None
gene-F5B20DRAFT_571470	rna-gnl|WGS:JAJKKE|F5B20DRAFT_mRNA571470	PF00082.28,PF02225.28	Complete	None
gene-F5B20DRAFT_582060	rna-gnl|WGS:JAJKKE|F5B20DRAFT_mRNA582060		None	None
gene-F5B20DRAFT_591252	rna-gnl|WGS:JAJKKE|F5B20DRAFT_mRNA591252		None	None
gene-F5B20DRAFT_591256	rna-gnl|WGS:JAJKKE|F5B20DRAFT_mRNA591256	PF23232.2	Complete	None
gene-F5B20DRAFT_547012	rna-gnl|WGS:JAJKKE|F5B20DRAFT_mRNA547012	PF24809.2	Partial	None
gene-F5B20DRAFT_201273	rna-gnl|WGS:JAJKKE|F5B20DRAFT_mRNA201273		None	None
gene-F5B20DRAFT_201277	rna-gnl|WGS:JAJKKE|F5B20DRAFT_mRNA201277	PF00628.36,PF00628.36,PF01388.28,PF02373.29,PF02375.24,PF02928.22,PF08429.17	Complete	None
gene-F5B20DRAFT_201321	rna-gnl|WGS:JAJKKE|F5B20DRAFT_mRNA201321	PF01541.31,PF21202.4	Complete	None
gene-F5B20DRAFT_547023	rna-gnl|WGS:JAJKKE|F5B20DRAFT_mRNA547023	PF11931.15,PF12108.14,PF12171.15,PF12874.14,PF16837.11	Complete	None
gene-F5B20DRAFT_547024	rna-gnl|WGS:JAJKKE|F5B20DRAFT_mRNA547024	PF00270.36,PF00271.38,PF04851.22	Complete	None
gene-F5B20DRAFT_547026	rna-gnl|WGS:JAJKKE|F5B20DRAFT_mRNA547026		None	None
gene-F5B20DRAFT_547028	rna-gnl|WGS:JAJKKE|F5B20DRAFT_mRNA547028		None	None
gene-F5B20DRAFT_571477	rna-gnl|WGS:JAJKKE|F5B20DRAFT_mRNA571477	PF03068.21,PF03068.21	Partial	None
gene-F5B20DRAFT_591264	rna-gnl|WGS:JAJKKE|F5B20DRAFT_mRNA591264	PF00450.29	Partial	None
gene-F5B20DRAFT_201471	rna-gnl|WGS:JAJKKE|F5B20DRAFT_mRNA201471		None	None
gene-F5B20DRAFT_582072	rna-gnl|WGS:JAJKKE|F5B20DRAFT_mRNA582072	PF30970.1	Partial	None
gene-F5B20DRAFT_201538	rna-gnl|WGS:JAJKKE|F5B20DRAFT_mRNA201538	PF01784.25	Partial	None
gene-F5B20DRAFT_201567	rna-gnl|WGS:JAJKKE|F5B20DRAFT_mRNA201567	PF07944.19,PF20736.3	Complete	None
gene-F5B20DRAFT_201562	rna-gnl|WGS:JAJKKE|F5B20DRAFT_mRNA201562	PF11374.14	Partial	None
gene-F5B20DRAFT_547059	rna-gnl|WGS:JAJKKE|F5B20DRAFT_mRNA547059	PF05730.17,PF20684.4	Partial	None
gene-F5B20DRAFT_547062	rna-gnl|WGS:JAJKKE|F5B20DRAFT_mRNA547062	PF01731.28	Partial	None
gene-F5B20DRAFT_582078	rna-gnl|WGS:JAJKKE|F5B20DRAFT_mRNA582078	PF03443.21	Partial	None
gene-F5B20DRAFT_547069	rna-gnl|WGS:JAJKKE|F5B20DRAFT_mRNA547069		None	None
gene-F5B20DRAFT_547072	rna-gnl|WGS:JAJKKE|F5B20DRAFT_mRNA547072	PF00111.33	Partial	None
gene-F5B20DRAFT_201789	rna-gnl|WGS:JAJKKE|F5B20DRAFT_mRNA201789	PF07890.18	Partial	None
gene-F5B20DRAFT_547074	rna-gnl|WGS:JAJKKE|F5B20DRAFT_mRNA547074	PF02668.23	Partial	None
gene-F5B20DRAFT_547077	rna-gnl|WGS:JAJKKE|F5B20DRAFT_mRNA547077		None	None
gene-F5B20DRAFT_201850	rna-gnl|WGS:JAJKKE|F5B20DRAFT_mRNA201850	PF14856.12	Partial	None
gene-F5B20DRAFT_591268	rna-gnl|WGS:JAJKKE|F5B20DRAFT_mRNA591268	PF07690.22	Partial	None
gene-F5B20DRAFT_591289	rna-gnl|WGS:JAJKKE|F5B20DRAFT_mRNA591289	PF01494.26,PF01494.26,PF13450.13,PF13454.13	Partial	None
gene-F5B20DRAFT_591291	rna-gnl|WGS:JAJKKE|F5B20DRAFT_mRNA591291	PF00067.28,PF13243.13,PF13249.13	Partial	None
gene-F5B20DRAFT_591295	rna-gnl|WGS:JAJKKE|F5B20DRAFT_mRNA591295	PF00067.28	Partial	None
gene-F5B20DRAFT_547086	rna-gnl|WGS:JAJKKE|F5B20DRAFT_mRNA547086		None	None
gene-F5B20DRAFT_201874	rna-gnl|WGS:JAJKKE|F5B20DRAFT_mRNA201874		None	None
gene-F5B20DRAFT_547093	rna-gnl|WGS:JAJKKE|F5B20DRAFT_mRNA547093	PF03061.29	Partial	None
gene-F5B20DRAFT_582091	rna-gnl|WGS:JAJKKE|F5B20DRAFT_mRNA582091		None	None
gene-F5B20DRAFT_547098	rna-gnl|WGS:JAJKKE|F5B20DRAFT_mRNA547098	PF00743.26,PF00743.26,PF07992.21,PF13738.13	Partial	None
gene-F5B20DRAFT_582093	rna-gnl|WGS:JAJKKE|F5B20DRAFT_mRNA582093		None	None
gene-F5B20DRAFT_591296	rna-gnl|WGS:JAJKKE|F5B20DRAFT_mRNA591296	PF00324.28,PF13520.13	Partial	None
gene-F5B20DRAFT_547108	rna-gnl|WGS:JAJKKE|F5B20DRAFT_mRNA547108	PF05592.19,PF08531.17,PF17389.9,PF17390.8,PF25788.3	Complete	None
gene-F5B20DRAFT_591298	rna-gnl|WGS:JAJKKE|F5B20DRAFT_mRNA591298		None	None
gene-F5B20DRAFT_202007	rna-gnl|WGS:JAJKKE|F5B20DRAFT_mRNA202007	PF07859.20,PF12697.14,PF20434.6	Partial	None
gene-F5B20DRAFT_202076	rna-gnl|WGS:JAJKKE|F5B20DRAFT_mRNA202076	PF00241.26	Partial	None
gene-F5B20DRAFT_202080	rna-gnl|WGS:JAJKKE|F5B20DRAFT_mRNA202080	PF00190.29,PF05899.19,PF07883.18	Partial	None
gene-F5B20DRAFT_571501	rna-gnl|WGS:JAJKKE|F5B20DRAFT_mRNA571501	PF10199.15	Partial	None
gene-F5B20DRAFT_547123	rna-gnl|WGS:JAJKKE|F5B20DRAFT_mRNA547123		None	None
gene-F5B20DRAFT_202188	rna-gnl|WGS:JAJKKE|F5B20DRAFT_mRNA202188	PF00046.36,PF24818.2	Partial	None
gene-F5B20DRAFT_202234	rna-gnl|WGS:JAJKKE|F5B20DRAFT_mRNA202234	PF00122.26,PF00702.33,PF13246.13,PF16209.11,PF16212.12	Complete	None
gene-F5B20DRAFT_202335	rna-gnl|WGS:JAJKKE|F5B20DRAFT_mRNA202335	PF03006.27	Partial	None
gene-F5B20DRAFT_571505	rna-gnl|WGS:JAJKKE|F5B20DRAFT_mRNA571505	PF07690.22	Partial	None
gene-F5B20DRAFT_547155	rna-gnl|WGS:JAJKKE|F5B20DRAFT_mRNA547155	PF00884.29,PF16347.11	Complete	None
gene-F5B20DRAFT_547157	rna-gnl|WGS:JAJKKE|F5B20DRAFT_mRNA547157	PF07519.18,PF07519.18	Partial	None
gene-F5B20DRAFT_547166	rna-gnl|WGS:JAJKKE|F5B20DRAFT_mRNA547166	PF00732.26,PF05199.20	Complete	None
gene-F5B20DRAFT_571509	rna-gnl|WGS:JAJKKE|F5B20DRAFT_mRNA571509	PF00383.30,PF03881.21	Partial	None
gene-F5B20DRAFT_571511	rna-gnl|WGS:JAJKKE|F5B20DRAFT_mRNA571511	PF06985.18,PF26640.1	Partial	None
gene-F5B20DRAFT_202905	rna-gnl|WGS:JAJKKE|F5B20DRAFT_mRNA202905	PF05978.23	Partial	None
gene-F5B20DRAFT_202766	rna-gnl|WGS:JAJKKE|F5B20DRAFT_mRNA202766	PF02668.23	Partial	None
gene-F5B20DRAFT_203051	rna-gnl|WGS:JAJKKE|F5B20DRAFT_mRNA203051	PF00172.24,PF00172.24,PF04082.24	Complete	None
gene-F5B20DRAFT_582115	rna-gnl|WGS:JAJKKE|F5B20DRAFT_mRNA582115	PF08772.17,PF17146.11	Complete	None
gene-F5B20DRAFT_571516	rna-gnl|WGS:JAJKKE|F5B20DRAFT_mRNA571516		None	None
gene-F5B20DRAFT_202938	rna-gnl|WGS:JAJKKE|F5B20DRAFT_mRNA202938		None	None
gene-F5B20DRAFT_591336	rna-gnl|WGS:JAJKKE|F5B20DRAFT_mRNA591336		None	None
gene-F5B20DRAFT_582121	rna-gnl|WGS:JAJKKE|F5B20DRAFT_mRNA582121		None	None
gene-F5B20DRAFT_571517	rna-gnl|WGS:JAJKKE|F5B20DRAFT_mRNA571517	PF00561.27,PF12146.16,PF12697.14	Partial	None
gene-F5B20DRAFT_547215	rna-gnl|WGS:JAJKKE|F5B20DRAFT_mRNA547215	PF20684.4	Partial	None
gene-F5B20DRAFT_571519	rna-gnl|WGS:JAJKKE|F5B20DRAFT_mRNA571519	PF00324.28,PF13520.13	Partial	None
gene-F5B20DRAFT_203331	rna-gnl|WGS:JAJKKE|F5B20DRAFT_mRNA203331		None	None
gene-F5B20DRAFT_547226	rna-gnl|WGS:JAJKKE|F5B20DRAFT_mRNA547226	PF00023.37,PF00023.37,PF12796.14,PF12796.14,PF12796.14,PF13606.13,PF13606.13,PF13637.13,PF14420.12	Complete	None
gene-F5B20DRAFT_203398	rna-gnl|WGS:JAJKKE|F5B20DRAFT_mRNA203398	PF03171.27,PF14226.13	Complete	None
gene-F5B20DRAFT_203424	rna-gnl|WGS:JAJKKE|F5B20DRAFT_mRNA203424		None	None
gene-F5B20DRAFT_203422	rna-gnl|WGS:JAJKKE|F5B20DRAFT_mRNA203422	PF00069.32,PF00069.32,PF07714.24,PF07714.24	Partial	None
gene-F5B20DRAFT_203438	rna-gnl|WGS:JAJKKE|F5B20DRAFT_mRNA203438		None	None
gene-F5B20DRAFT_203590	rna-gnl|WGS:JAJKKE|F5B20DRAFT_mRNA203590	PF00172.24,PF11951.14	Partial	None
gene-F5B20DRAFT_203987	rna-gnl|WGS:JAJKKE|F5B20DRAFT_mRNA203987		None	None
gene-F5B20DRAFT_591341	rna-gnl|WGS:JAJKKE|F5B20DRAFT_mRNA591341	PF00067.28	Partial	None
gene-F5B20DRAFT_203841	rna-gnl|WGS:JAJKKE|F5B20DRAFT_mRNA203841	PF06985.18,PF26639.1	Complete	None
gene-F5B20DRAFT_203743	rna-gnl|WGS:JAJKKE|F5B20DRAFT_mRNA203743	PF01266.31	Partial	None
gene-F5B20DRAFT_203756	rna-gnl|WGS:JAJKKE|F5B20DRAFT_mRNA203756		None	None
gene-F5B20DRAFT_547284	rna-gnl|WGS:JAJKKE|F5B20DRAFT_mRNA547284	PF07716.21,PF30949.1	Complete	None
gene-F5B20DRAFT_591353	rna-gnl|WGS:JAJKKE|F5B20DRAFT_mRNA591353	PF05238.19	Partial	None
gene-F5B20DRAFT_547293	rna-gnl|WGS:JAJKKE|F5B20DRAFT_mRNA547293	PF01026.28	Partial	None
gene-F5B20DRAFT_547296	rna-gnl|WGS:JAJKKE|F5B20DRAFT_mRNA547296	PF00317.27,PF02867.21,PF03477.22	Complete	None
gene-F5B20DRAFT_547301	rna-gnl|WGS:JAJKKE|F5B20DRAFT_mRNA547301		None	None
gene-F5B20DRAFT_204246	rna-gnl|WGS:JAJKKE|F5B20DRAFT_mRNA204246	PF05730.17	Partial	None
gene-F5B20DRAFT_204317	rna-gnl|WGS:JAJKKE|F5B20DRAFT_mRNA204317	PF00795.28	Partial	None
gene-F5B20DRAFT_204283	rna-gnl|WGS:JAJKKE|F5B20DRAFT_mRNA204283	PF14420.12	Partial	None
gene-F5B20DRAFT_204308	rna-gnl|WGS:JAJKKE|F5B20DRAFT_mRNA204308		None	None
gene-F5B20DRAFT_591361	rna-gnl|WGS:JAJKKE|F5B20DRAFT_mRNA591361	PF13589.13	Partial	None
gene-F5B20DRAFT_591365	rna-gnl|WGS:JAJKKE|F5B20DRAFT_mRNA591365	PF00637.27,PF12451.14,PF23266.2,PF23341.2,PF23356.2,PF23356.2,PF23556.2	Complete	None
gene-F5B20DRAFT_547313	rna-gnl|WGS:JAJKKE|F5B20DRAFT_mRNA547313	PF21948.2	Partial	None
gene-F5B20DRAFT_547316	rna-gnl|WGS:JAJKKE|F5B20DRAFT_mRNA547316	PF01264.27	Partial	None
gene-F5B20DRAFT_582146	rna-gnl|WGS:JAJKKE|F5B20DRAFT_mRNA582146		None	None
gene-F5B20DRAFT_204436	rna-gnl|WGS:JAJKKE|F5B20DRAFT_mRNA204436	PF00069.32,PF07714.24	Partial	None
gene-F5B20DRAFT_547322	rna-gnl|WGS:JAJKKE|F5B20DRAFT_mRNA547322		None	None
gene-F5B20DRAFT_547324	rna-gnl|WGS:JAJKKE|F5B20DRAFT_mRNA547324	PF12697.14	Partial	None
gene-F5B20DRAFT_547325	rna-gnl|WGS:JAJKKE|F5B20DRAFT_mRNA547325		None	None
gene-F5B20DRAFT_204487	rna-gnl|WGS:JAJKKE|F5B20DRAFT_mRNA204487	PF03256.23	Partial	None
gene-F5B20DRAFT_582152	rna-gnl|WGS:JAJKKE|F5B20DRAFT_mRNA582152	PF01433.27,PF11838.15,PF17900.7	Complete	None
gene-F5B20DRAFT_204576	rna-gnl|WGS:JAJKKE|F5B20DRAFT_mRNA204576	PF26434.1	Complete	None
gene-F5B20DRAFT_547330	rna-gnl|WGS:JAJKKE|F5B20DRAFT_mRNA547330		None	None
gene-F5B20DRAFT_204606	rna-gnl|WGS:JAJKKE|F5B20DRAFT_mRNA204606		None	None
gene-F5B20DRAFT_547349	rna-gnl|WGS:JAJKKE|F5B20DRAFT_mRNA547349		None	None
gene-F5B20DRAFT_582157	rna-gnl|WGS:JAJKKE|F5B20DRAFT_mRNA582157		None	None
gene-F5B20DRAFT_582158	rna-gnl|WGS:JAJKKE|F5B20DRAFT_mRNA582158		None	None
gene-F5B20DRAFT_204718	rna-gnl|WGS:JAJKKE|F5B20DRAFT_mRNA204718		None	None
gene-F5B20DRAFT_547355	rna-gnl|WGS:JAJKKE|F5B20DRAFT_mRNA547355	PF01398.27,PF13012.12	Partial	None
gene-F5B20DRAFT_547356	rna-gnl|WGS:JAJKKE|F5B20DRAFT_mRNA547356	PF00406.30,PF05191.21,PF13207.13	Complete	None
gene-F5B20DRAFT_547368	rna-gnl|WGS:JAJKKE|F5B20DRAFT_mRNA547368		None	None
gene-F5B20DRAFT_204908	rna-gnl|WGS:JAJKKE|F5B20DRAFT_mRNA204908		None	None
gene-F5B20DRAFT_571542	rna-gnl|WGS:JAJKKE|F5B20DRAFT_mRNA571542	PF25540.2,PF25542.2,PF25543.2	Complete	None
gene-F5B20DRAFT_204982	rna-gnl|WGS:JAJKKE|F5B20DRAFT_mRNA204982	PF30690.1	Partial	None
gene-F5B20DRAFT_582167	rna-gnl|WGS:JAJKKE|F5B20DRAFT_mRNA582167	PF24883.3	Complete	None
gene-F5B20DRAFT_547387	rna-gnl|WGS:JAJKKE|F5B20DRAFT_mRNA547387		None	None
gene-F5B20DRAFT_547388	rna-gnl|WGS:JAJKKE|F5B20DRAFT_mRNA547388	PF06766.17	Partial	None
gene-F5B20DRAFT_571544	rna-gnl|WGS:JAJKKE|F5B20DRAFT_mRNA571544	PF07690.22	Partial	None
gene-F5B20DRAFT_582171	rna-gnl|WGS:JAJKKE|F5B20DRAFT_mRNA582171	PF17242.8	Partial	None
gene-F5B20DRAFT_547413	rna-gnl|WGS:JAJKKE|F5B20DRAFT_mRNA547413	PF00164.32	Partial	None
gene-F5B20DRAFT_205338	rna-gnl|WGS:JAJKKE|F5B20DRAFT_mRNA205338	PF01040.24	Partial	None
gene-F5B20DRAFT_205604	rna-gnl|WGS:JAJKKE|F5B20DRAFT_mRNA205604	PF02373.29,PF10497.15	Complete	None
gene-F5B20DRAFT_591387	rna-gnl|WGS:JAJKKE|F5B20DRAFT_mRNA591387	PF28513.1	Partial	None
gene-F5B20DRAFT_547431	rna-gnl|WGS:JAJKKE|F5B20DRAFT_mRNA547431		None	None
gene-F5B20DRAFT_205684	rna-gnl|WGS:JAJKKE|F5B20DRAFT_mRNA205684	PF01073.26,PF01370.28,PF03435.25,PF05368.20,PF13460.13	Partial	None
gene-F5B20DRAFT_547441	rna-gnl|WGS:JAJKKE|F5B20DRAFT_mRNA547441	PF28209.1,PF28209.1	Complete	None
gene-F5B20DRAFT_591393	rna-gnl|WGS:JAJKKE|F5B20DRAFT_mRNA591393	PF02535.29,PF02535.29	Partial	None
gene-F5B20DRAFT_205762	rna-gnl|WGS:JAJKKE|F5B20DRAFT_mRNA205762		None	None
gene-F5B20DRAFT_547445	rna-gnl|WGS:JAJKKE|F5B20DRAFT_mRNA547445	PF09350.16	Complete	None
gene-F5B20DRAFT_547448	rna-gnl|WGS:JAJKKE|F5B20DRAFT_mRNA547448	PF02550.23,PF13336.13	Complete	None
gene-F5B20DRAFT_205835	rna-gnl|WGS:JAJKKE|F5B20DRAFT_mRNA205835		None	None
gene-F5B20DRAFT_547451	rna-gnl|WGS:JAJKKE|F5B20DRAFT_mRNA547451	PF26061.1	Partial	None
gene-F5B20DRAFT_547454	rna-gnl|WGS:JAJKKE|F5B20DRAFT_mRNA547454	PF01370.28,PF13460.13	Partial	None
gene-F5B20DRAFT_205998	rna-gnl|WGS:JAJKKE|F5B20DRAFT_mRNA205998	PF01822.25,PF01822.25	Complete	None
gene-F5B20DRAFT_571554	rna-gnl|WGS:JAJKKE|F5B20DRAFT_mRNA571554	PF05978.23,PF07690.22	Partial	None
gene-F5B20DRAFT_582188	rna-gnl|WGS:JAJKKE|F5B20DRAFT_mRNA582188	PF00617.25,PF00618.26	Complete	None
gene-F5B20DRAFT_206194	rna-gnl|WGS:JAJKKE|F5B20DRAFT_mRNA206194		None	None
gene-F5B20DRAFT_206362	rna-gnl|WGS:JAJKKE|F5B20DRAFT_mRNA206362	PF01419.23,PF22669.3	Complete	None
gene-F5B20DRAFT_582190	rna-gnl|WGS:JAJKKE|F5B20DRAFT_mRNA582190	PF14441.13	Complete	None
gene-F5B20DRAFT_206448	rna-gnl|WGS:JAJKKE|F5B20DRAFT_mRNA206448		None	None
gene-F5B20DRAFT_571558	rna-gnl|WGS:JAJKKE|F5B20DRAFT_mRNA571558	PF00043.31,PF09949.16,PF14497.12	Complete	None
gene-F5B20DRAFT_206860	rna-gnl|WGS:JAJKKE|F5B20DRAFT_mRNA206860	PF03417.22	Partial	None
gene-F5B20DRAFT_547560	rna-gnl|WGS:JAJKKE|F5B20DRAFT_mRNA547560	PF02487.24,PF07690.22	Partial	None
gene-F5B20DRAFT_207015	rna-gnl|WGS:JAJKKE|F5B20DRAFT_mRNA207015	PF04082.24	Complete	None
gene-F5B20DRAFT_571562	rna-gnl|WGS:JAJKKE|F5B20DRAFT_mRNA571562		None	None
gene-F5B20DRAFT_207231	rna-gnl|WGS:JAJKKE|F5B20DRAFT_mRNA207231	PF07915.20	Complete	None
gene-F5B20DRAFT_207183	rna-gnl|WGS:JAJKKE|F5B20DRAFT_mRNA207183	PF25438.2	Complete	None
gene-F5B20DRAFT_582202	rna-gnl|WGS:JAJKKE|F5B20DRAFT_mRNA582202		None	None
gene-F5B20DRAFT_547616	rna-gnl|WGS:JAJKKE|F5B20DRAFT_mRNA547616		None	None
gene-F5B20DRAFT_571566	rna-gnl|WGS:JAJKKE|F5B20DRAFT_mRNA571566	PF00730.32	Partial	None
gene-F5B20DRAFT_591411	rna-gnl|WGS:JAJKKE|F5B20DRAFT_mRNA591411	PF05368.20	Partial	None
gene-F5B20DRAFT_207482	rna-gnl|WGS:JAJKKE|F5B20DRAFT_mRNA207482	PF00083.31,PF07690.22	Partial	None
gene-F5B20DRAFT_207551	rna-gnl|WGS:JAJKKE|F5B20DRAFT_mRNA207551		None	None
gene-F5B20DRAFT_591417	rna-gnl|WGS:JAJKKE|F5B20DRAFT_mRNA591417	PF07859.20,PF20434.6	Partial	None
gene-F5B20DRAFT_591419	rna-gnl|WGS:JAJKKE|F5B20DRAFT_mRNA591419		None	None
gene-F5B20DRAFT_547643	rna-gnl|WGS:JAJKKE|F5B20DRAFT_mRNA547643		None	None
gene-F5B20DRAFT_547648	rna-gnl|WGS:JAJKKE|F5B20DRAFT_mRNA547648	PF03815.25,PF08642.17	Complete	None
gene-F5B20DRAFT_582210	rna-gnl|WGS:JAJKKE|F5B20DRAFT_mRNA582210	PF07896.18	Complete	None
gene-F5B20DRAFT_547651	rna-gnl|WGS:JAJKKE|F5B20DRAFT_mRNA547651	PF18648.9	Partial	None
gene-F5B20DRAFT_547656	rna-gnl|WGS:JAJKKE|F5B20DRAFT_mRNA547656	PF06985.18	Partial	None
gene-F5B20DRAFT_582213	rna-gnl|WGS:JAJKKE|F5B20DRAFT_mRNA582213	PF00067.28	Partial	None
gene-F5B20DRAFT_547669	rna-gnl|WGS:JAJKKE|F5B20DRAFT_mRNA547669	PF00155.28	Partial	None
gene-F5B20DRAFT_591424	rna-gnl|WGS:JAJKKE|F5B20DRAFT_mRNA591424	PF28695.1	Partial	None
gene-F5B20DRAFT_582216	rna-gnl|WGS:JAJKKE|F5B20DRAFT_mRNA582216	PF00171.28	Partial	None
gene-F5B20DRAFT_207937	rna-gnl|WGS:JAJKKE|F5B20DRAFT_mRNA207937	PF00171.28	Partial	None
gene-F5B20DRAFT_582218	rna-gnl|WGS:JAJKKE|F5B20DRAFT_mRNA582218	PF06985.18	Partial	None
gene-F5B20DRAFT_207945	rna-gnl|WGS:JAJKKE|F5B20DRAFT_mRNA207945		None	None
gene-F5B20DRAFT_547677	rna-gnl|WGS:JAJKKE|F5B20DRAFT_mRNA547677	PF00830.25	Partial	None
gene-F5B20DRAFT_547678	rna-gnl|WGS:JAJKKE|F5B20DRAFT_mRNA547678	PF00290.27,PF00291.32	Partial	None
gene-F5B20DRAFT_547680	rna-gnl|WGS:JAJKKE|F5B20DRAFT_mRNA547680	PF06985.18	Partial	None
gene-F5B20DRAFT_547683	rna-gnl|WGS:JAJKKE|F5B20DRAFT_mRNA547683	PF00749.28,PF03950.24,PF20974.3	Complete	None
gene-F5B20DRAFT_571578	rna-gnl|WGS:JAJKKE|F5B20DRAFT_mRNA571578	PF00067.28	Partial	None
gene-F5B20DRAFT_208027	rna-gnl|WGS:JAJKKE|F5B20DRAFT_mRNA208027	PF08738.16	Partial	None
gene-F5B20DRAFT_208026	rna-gnl|WGS:JAJKKE|F5B20DRAFT_mRNA208026	PF00780.29,PF10366.16,PF10367.16	Complete	None
gene-F5B20DRAFT_208186	rna-gnl|WGS:JAJKKE|F5B20DRAFT_mRNA208186	PF00070.34,PF07992.21	Complete	None
gene-F5B20DRAFT_208193	rna-gnl|WGS:JAJKKE|F5B20DRAFT_mRNA208193	PF11443.14,PF25043.1	Complete	None
gene-F5B20DRAFT_547700	rna-gnl|WGS:JAJKKE|F5B20DRAFT_mRNA547700	PF00939.26,PF03105.25,PF03105.25,PF03600.23,PF03600.23	Complete	None
gene-F5B20DRAFT_208236	rna-gnl|WGS:JAJKKE|F5B20DRAFT_mRNA208236	PF00646.39	Partial	None
gene-F5B20DRAFT_571584	rna-gnl|WGS:JAJKKE|F5B20DRAFT_mRNA571584	PF00067.28	Partial	None
gene-F5B20DRAFT_571585	rna-gnl|WGS:JAJKKE|F5B20DRAFT_mRNA571585		None	None
gene-F5B20DRAFT_208273	rna-gnl|WGS:JAJKKE|F5B20DRAFT_mRNA208273	PF08539.17	Complete	None
gene-F5B20DRAFT_208359	rna-gnl|WGS:JAJKKE|F5B20DRAFT_mRNA208359	PF01803.22	Partial	None
gene-F5B20DRAFT_547721	rna-gnl|WGS:JAJKKE|F5B20DRAFT_mRNA547721	PF01425.27	Partial	None
gene-F5B20DRAFT_208432	rna-gnl|WGS:JAJKKE|F5B20DRAFT_mRNA208432	PF07690.22	Partial	None
gene-F5B20DRAFT_547728	rna-gnl|WGS:JAJKKE|F5B20DRAFT_mRNA547728	PF00172.24,PF11951.14	Partial	None
gene-F5B20DRAFT_547732	rna-gnl|WGS:JAJKKE|F5B20DRAFT_mRNA547732	PF02991.23,PF04110.20	Partial	None
gene-F5B20DRAFT_571592	rna-gnl|WGS:JAJKKE|F5B20DRAFT_mRNA571592	PF00400.39	Complete	None
gene-F5B20DRAFT_208678	rna-gnl|WGS:JAJKKE|F5B20DRAFT_mRNA208678	PF01239.29,PF01239.29,PF01239.29,PF01239.29,PF01239.29	Complete	None
gene-F5B20DRAFT_208608	rna-gnl|WGS:JAJKKE|F5B20DRAFT_mRNA208608		None	None
gene-F5B20DRAFT_591437	rna-gnl|WGS:JAJKKE|F5B20DRAFT_mRNA591437	PF20684.4,PF20684.4	Partial	None
gene-F5B20DRAFT_547750	rna-gnl|WGS:JAJKKE|F5B20DRAFT_mRNA547750	PF00328.28	Partial	None
gene-F5B20DRAFT_591439	rna-gnl|WGS:JAJKKE|F5B20DRAFT_mRNA591439	PF00083.31,PF07690.22,PF07690.22	Partial	None
gene-F5B20DRAFT_591445	rna-gnl|WGS:JAJKKE|F5B20DRAFT_mRNA591445		None	None
gene-F5B20DRAFT_591953	rna-gnl|WGS:JAJKKE|F5B20DRAFT_mRNA591953	PF00067.28	Partial	None
gene-F5B20DRAFT_547779	rna-gnl|WGS:JAJKKE|F5B20DRAFT_mRNA547779	PF00436.32	Partial	None
gene-F5B20DRAFT_547781	rna-gnl|WGS:JAJKKE|F5B20DRAFT_mRNA547781		None	None
gene-F5B20DRAFT_547783	rna-gnl|WGS:JAJKKE|F5B20DRAFT_mRNA547783	PF03199.22,PF03917.24	Complete	None
gene-F5B20DRAFT_571599	rna-gnl|WGS:JAJKKE|F5B20DRAFT_mRNA571599	PF00176.30,PF00271.38,PF24580.2	Complete	None
gene-F5B20DRAFT_225253	rna-gnl|WGS:JAJKKE|F5B20DRAFT_mRNA225253	PF00022.27,PF00022.27	Partial	None
gene-F5B20DRAFT_225266	rna-gnl|WGS:JAJKKE|F5B20DRAFT_mRNA225266		None	None
gene-F5B20DRAFT_225222	rna-gnl|WGS:JAJKKE|F5B20DRAFT_mRNA225222	PF14616.12	Complete	None
gene-F5B20DRAFT_547799	rna-gnl|WGS:JAJKKE|F5B20DRAFT_mRNA547799		None	None
gene-F5B20DRAFT_591963	rna-gnl|WGS:JAJKKE|F5B20DRAFT_mRNA591963		None	None
gene-F5B20DRAFT_571603	rna-gnl|WGS:JAJKKE|F5B20DRAFT_mRNA571603	PF00180.26,PF00180.26,PF00628.36,PF20826.3	Complete	None
gene-F5B20DRAFT_582266	rna-gnl|WGS:JAJKKE|F5B20DRAFT_mRNA582266	PF09748.15	Partial	None
gene-F5B20DRAFT_225536	rna-gnl|WGS:JAJKKE|F5B20DRAFT_mRNA225536		None	None
gene-F5B20DRAFT_225544	rna-gnl|WGS:JAJKKE|F5B20DRAFT_mRNA225544		None	None
gene-F5B20DRAFT_547813	rna-gnl|WGS:JAJKKE|F5B20DRAFT_mRNA547813	PF00561.27,PF06441.19	Partial	None
gene-F5B20DRAFT_547816	rna-gnl|WGS:JAJKKE|F5B20DRAFT_mRNA547816		None	None
gene-F5B20DRAFT_571606	rna-gnl|WGS:JAJKKE|F5B20DRAFT_mRNA571606		None	None
gene-F5B20DRAFT_582271	rna-gnl|WGS:JAJKKE|F5B20DRAFT_mRNA582271	PF09598.16	Partial	None
gene-F5B20DRAFT_582272	rna-gnl|WGS:JAJKKE|F5B20DRAFT_mRNA582272		None	None
gene-F5B20DRAFT_547833	rna-gnl|WGS:JAJKKE|F5B20DRAFT_mRNA547833	PF14033.13,PF21666.3	Partial	None
gene-F5B20DRAFT_591981	rna-gnl|WGS:JAJKKE|F5B20DRAFT_mRNA591981	PF10017.16	Partial	None
gene-F5B20DRAFT_547837	rna-gnl|WGS:JAJKKE|F5B20DRAFT_mRNA547837	PF00096.33	Complete	None
gene-F5B20DRAFT_547838	rna-gnl|WGS:JAJKKE|F5B20DRAFT_mRNA547838	PF01192.28	Partial	None
gene-F5B20DRAFT_225883	rna-gnl|WGS:JAJKKE|F5B20DRAFT_mRNA225883		None	None
gene-F5B20DRAFT_582278	rna-gnl|WGS:JAJKKE|F5B20DRAFT_mRNA582278	PF00756.27	Partial	None
gene-F5B20DRAFT_547846	rna-gnl|WGS:JAJKKE|F5B20DRAFT_mRNA547846	PF07792.18,PF08616.16	Complete	None
gene-F5B20DRAFT_547852	rna-gnl|WGS:JAJKKE|F5B20DRAFT_mRNA547852	PF00583.32,PF13508.14,PF13673.14	Partial	None
gene-F5B20DRAFT_226153	rna-gnl|WGS:JAJKKE|F5B20DRAFT_mRNA226153		None	None
gene-F5B20DRAFT_547858	rna-gnl|WGS:JAJKKE|F5B20DRAFT_mRNA547858	PF13202.13,PF13202.13	Complete	None
gene-F5B20DRAFT_226184	rna-gnl|WGS:JAJKKE|F5B20DRAFT_mRNA226184	PF00226.37,PF00515.35,PF07719.24,PF13174.13,PF13174.13,PF13181.13,PF13181.13,PF13181.13,PF13431.13,PF13432.13,PF13432.13,PF13432.13,PF13432.13,PF14559.13	Complete	None
gene-F5B20DRAFT_547866	rna-gnl|WGS:JAJKKE|F5B20DRAFT_mRNA547866		None	None
gene-F5B20DRAFT_571616	rna-gnl|WGS:JAJKKE|F5B20DRAFT_mRNA571616	PF03062.25	Partial	None
gene-F5B20DRAFT_547876	rna-gnl|WGS:JAJKKE|F5B20DRAFT_mRNA547876	PF00400.39,PF00400.39,PF00400.39,PF00400.39,PF00400.39,PF00400.39,PF23098.2	Complete	None
gene-F5B20DRAFT_547879	rna-gnl|WGS:JAJKKE|F5B20DRAFT_mRNA547879	PF01223.30	Partial	None
gene-F5B20DRAFT_582289	rna-gnl|WGS:JAJKKE|F5B20DRAFT_mRNA582289	PF14040.12	Partial	None
gene-F5B20DRAFT_591989	rna-gnl|WGS:JAJKKE|F5B20DRAFT_mRNA591989		None	None
gene-F5B20DRAFT_547881	rna-gnl|WGS:JAJKKE|F5B20DRAFT_mRNA547881		None	None
gene-F5B20DRAFT_226498	rna-gnl|WGS:JAJKKE|F5B20DRAFT_mRNA226498	PF13349.13	Partial	None
gene-F5B20DRAFT_547885	rna-gnl|WGS:JAJKKE|F5B20DRAFT_mRNA547885		None	None
gene-F5B20DRAFT_547886	rna-gnl|WGS:JAJKKE|F5B20DRAFT_mRNA547886		None	None
gene-F5B20DRAFT_226556	rna-gnl|WGS:JAJKKE|F5B20DRAFT_mRNA226556	PF00459.31	Partial	None
gene-F5B20DRAFT_547890	rna-gnl|WGS:JAJKKE|F5B20DRAFT_mRNA547890	PF06985.18,PF26639.1	Complete	None
gene-F5B20DRAFT_547895	rna-gnl|WGS:JAJKKE|F5B20DRAFT_mRNA547895		None	None
gene-F5B20DRAFT_547899	rna-gnl|WGS:JAJKKE|F5B20DRAFT_mRNA547899	PF02535.29	Partial	None
gene-F5B20DRAFT_592001	rna-gnl|WGS:JAJKKE|F5B20DRAFT_mRNA592001	PF26001.2,PF27739.2,PF27812.1	Complete	None
gene-F5B20DRAFT_226796	rna-gnl|WGS:JAJKKE|F5B20DRAFT_mRNA226796	PF10190.15	Partial	None
gene-F5B20DRAFT_547909	rna-gnl|WGS:JAJKKE|F5B20DRAFT_mRNA547909	PF04140.20,PF04191.19	Partial	None
gene-F5B20DRAFT_547910	rna-gnl|WGS:JAJKKE|F5B20DRAFT_mRNA547910	PF00226.37,PF02889.22	Partial	None
gene-F5B20DRAFT_226861	rna-gnl|WGS:JAJKKE|F5B20DRAFT_mRNA226861	PF20246.4	Partial	None
gene-F5B20DRAFT_571625	rna-gnl|WGS:JAJKKE|F5B20DRAFT_mRNA571625	PF24883.3	Complete	None
gene-F5B20DRAFT_547914	rna-gnl|WGS:JAJKKE|F5B20DRAFT_mRNA547914	PF09804.15,PF14831.12	Complete	None
gene-F5B20DRAFT_547915	rna-gnl|WGS:JAJKKE|F5B20DRAFT_mRNA547915		None	None
gene-F5B20DRAFT_226919	rna-gnl|WGS:JAJKKE|F5B20DRAFT_mRNA226919	PF06884.17	Partial	None
gene-F5B20DRAFT_226920	rna-gnl|WGS:JAJKKE|F5B20DRAFT_mRNA226920	PF13577.13	Partial	None
gene-F5B20DRAFT_582305	rna-gnl|WGS:JAJKKE|F5B20DRAFT_mRNA582305	PF03055.22	Partial	None
gene-F5B20DRAFT_582306	rna-gnl|WGS:JAJKKE|F5B20DRAFT_mRNA582306		None	None
gene-F5B20DRAFT_547929	rna-gnl|WGS:JAJKKE|F5B20DRAFT_mRNA547929	PF01636.30	Partial	None
gene-F5B20DRAFT_571631	rna-gnl|WGS:JAJKKE|F5B20DRAFT_mRNA571631	PF09994.15	Partial	None
gene-F5B20DRAFT_227063	rna-gnl|WGS:JAJKKE|F5B20DRAFT_mRNA227063	PF00025.28,PF00071.29,PF01926.30,PF04670.19,PF08477.20,PF09439.17	Partial	None
gene-F5B20DRAFT_582310	rna-gnl|WGS:JAJKKE|F5B20DRAFT_mRNA582310		None	None
gene-F5B20DRAFT_592022	rna-gnl|WGS:JAJKKE|F5B20DRAFT_mRNA592022		None	None
gene-F5B20DRAFT_547945	rna-gnl|WGS:JAJKKE|F5B20DRAFT_mRNA547945		None	None
gene-F5B20DRAFT_227247	rna-gnl|WGS:JAJKKE|F5B20DRAFT_mRNA227247	PF00646.39,PF12937.13,PF13516.13	Complete	None
gene-F5B20DRAFT_547958	rna-gnl|WGS:JAJKKE|F5B20DRAFT_mRNA547958	PF00172.24,PF04082.24	Partial	None
gene-F5B20DRAFT_547960	rna-gnl|WGS:JAJKKE|F5B20DRAFT_mRNA547960	PF01494.26,PF13450.13	Partial	None
gene-F5B20DRAFT_571637	rna-gnl|WGS:JAJKKE|F5B20DRAFT_mRNA571637	PF04909.21	Partial	None
gene-F5B20DRAFT_592024	rna-gnl|WGS:JAJKKE|F5B20DRAFT_mRNA592024		None	None
gene-F5B20DRAFT_227332	rna-gnl|WGS:JAJKKE|F5B20DRAFT_mRNA227332	PF00083.31,PF07690.22	Partial	None
gene-F5B20DRAFT_547965	rna-gnl|WGS:JAJKKE|F5B20DRAFT_mRNA547965	PF00067.28	Partial	None
gene-F5B20DRAFT_571641	rna-gnl|WGS:JAJKKE|F5B20DRAFT_mRNA571641	PF20684.4	Partial	None
gene-F5B20DRAFT_227368	rna-gnl|WGS:JAJKKE|F5B20DRAFT_mRNA227368	PF01565.29,PF08031.18	Complete	None
gene-F5B20DRAFT_582321	rna-gnl|WGS:JAJKKE|F5B20DRAFT_mRNA582321	PF07690.22	Partial	None
gene-F5B20DRAFT_227535	rna-gnl|WGS:JAJKKE|F5B20DRAFT_mRNA227535		None	None
gene-F5B20DRAFT_227553	rna-gnl|WGS:JAJKKE|F5B20DRAFT_mRNA227553		None	None
gene-F5B20DRAFT_227836	rna-gnl|WGS:JAJKKE|F5B20DRAFT_mRNA227836	PF00023.37,PF00023.37,PF00023.37,PF12796.14,PF12796.14	Complete	None
gene-F5B20DRAFT_547992	rna-gnl|WGS:JAJKKE|F5B20DRAFT_mRNA547992	PF01734.28	Partial	None
gene-F5B20DRAFT_571644	rna-gnl|WGS:JAJKKE|F5B20DRAFT_mRNA571644	PF00732.26,PF00890.31,PF05199.20	Complete	None
gene-F5B20DRAFT_227924	rna-gnl|WGS:JAJKKE|F5B20DRAFT_mRNA227924	PF04478.18	Partial	None
gene-F5B20DRAFT_548001	rna-gnl|WGS:JAJKKE|F5B20DRAFT_mRNA548001	PF00067.28	Partial	None
gene-F5B20DRAFT_227982	rna-gnl|WGS:JAJKKE|F5B20DRAFT_mRNA227982	PF01151.24	Partial	None
gene-F5B20DRAFT_548011	rna-gnl|WGS:JAJKKE|F5B20DRAFT_mRNA548011		None	None
gene-F5B20DRAFT_582329	rna-gnl|WGS:JAJKKE|F5B20DRAFT_mRNA582329	PF01363.28	Complete	None
gene-F5B20DRAFT_228419	rna-gnl|WGS:JAJKKE|F5B20DRAFT_mRNA228419	PF01967.28,PF04055.28,PF06463.19	Complete	None
gene-F5B20DRAFT_228365	rna-gnl|WGS:JAJKKE|F5B20DRAFT_mRNA228365		None	None
gene-F5B20DRAFT_582332	rna-gnl|WGS:JAJKKE|F5B20DRAFT_mRNA582332	PF00076.29	Partial	None
gene-F5B20DRAFT_228176	rna-gnl|WGS:JAJKKE|F5B20DRAFT_mRNA228176		None	None
gene-F5B20DRAFT_228531	rna-gnl|WGS:JAJKKE|F5B20DRAFT_mRNA228531	PF00350.30,PF24564.2	Complete	None
gene-F5B20DRAFT_548032	rna-gnl|WGS:JAJKKE|F5B20DRAFT_mRNA548032	PF13869.13	Partial	None
gene-F5B20DRAFT_548034	rna-gnl|WGS:JAJKKE|F5B20DRAFT_mRNA548034	PF01894.24	Partial	None
gene-F5B20DRAFT_548038	rna-gnl|WGS:JAJKKE|F5B20DRAFT_mRNA548038	PF10276.15	Complete	None
gene-F5B20DRAFT_582338	rna-gnl|WGS:JAJKKE|F5B20DRAFT_mRNA582338	PF00098.29	Complete	None
gene-F5B20DRAFT_228713	rna-gnl|WGS:JAJKKE|F5B20DRAFT_mRNA228713	PF00675.26,PF05193.27,PF05193.27,PF16187.11,PF22456.2	Complete	None
gene-F5B20DRAFT_228771	rna-gnl|WGS:JAJKKE|F5B20DRAFT_mRNA228771	PF00443.36,PF06337.18	Partial	None
gene-F5B20DRAFT_548064	rna-gnl|WGS:JAJKKE|F5B20DRAFT_mRNA548064	PF08386.17	Complete	None
gene-F5B20DRAFT_228885	rna-gnl|WGS:JAJKKE|F5B20DRAFT_mRNA228885	PF00233.26	Partial	None
gene-F5B20DRAFT_548093	rna-gnl|WGS:JAJKKE|F5B20DRAFT_mRNA548093		None	None
gene-F5B20DRAFT_548095	rna-gnl|WGS:JAJKKE|F5B20DRAFT_mRNA548095		None	None
gene-F5B20DRAFT_228996	rna-gnl|WGS:JAJKKE|F5B20DRAFT_mRNA228996	PF00069.32,PF07714.24,PF25421.2	Complete	None
gene-F5B20DRAFT_228990	rna-gnl|WGS:JAJKKE|F5B20DRAFT_mRNA228990		None	None
gene-F5B20DRAFT_229025	rna-gnl|WGS:JAJKKE|F5B20DRAFT_mRNA229025	PF00566.26	Partial	None
gene-F5B20DRAFT_548104	rna-gnl|WGS:JAJKKE|F5B20DRAFT_mRNA548104	PF11905.14	Partial	None
gene-F5B20DRAFT_229085	rna-gnl|WGS:JAJKKE|F5B20DRAFT_mRNA229085	PF30927.1	Partial	None
gene-F5B20DRAFT_571655	rna-gnl|WGS:JAJKKE|F5B20DRAFT_mRNA571655	PF00013.36,PF00013.36,PF00013.36	Complete	None
gene-F5B20DRAFT_548116	rna-gnl|WGS:JAJKKE|F5B20DRAFT_mRNA548116	PF00892.27,PF08449.18	Complete	None
gene-F5B20DRAFT_229306	rna-gnl|WGS:JAJKKE|F5B20DRAFT_mRNA229306	PF00782.26	Complete	None
gene-F5B20DRAFT_229369	rna-gnl|WGS:JAJKKE|F5B20DRAFT_mRNA229369		None	None
gene-F5B20DRAFT_548128	rna-gnl|WGS:JAJKKE|F5B20DRAFT_mRNA548128		None	None
gene-F5B20DRAFT_548129	rna-gnl|WGS:JAJKKE|F5B20DRAFT_mRNA548129	PF01885.23	Partial	None
gene-F5B20DRAFT_229471	rna-gnl|WGS:JAJKKE|F5B20DRAFT_mRNA229471		None	None
gene-F5B20DRAFT_229470	rna-gnl|WGS:JAJKKE|F5B20DRAFT_mRNA229470	PF10153.15	Partial	None
gene-F5B20DRAFT_229493	rna-gnl|WGS:JAJKKE|F5B20DRAFT_mRNA229493	PF17034.11,PF21719.4	Complete	None
gene-F5B20DRAFT_592050	rna-gnl|WGS:JAJKKE|F5B20DRAFT_mRNA592050		None	None
gene-F5B20DRAFT_582357	rna-gnl|WGS:JAJKKE|F5B20DRAFT_mRNA582357	PF00083.31,PF07690.22	Partial	None
gene-F5B20DRAFT_548152	rna-gnl|WGS:JAJKKE|F5B20DRAFT_mRNA548152	PF01182.27	Partial	None
gene-F5B20DRAFT_229531	rna-gnl|WGS:JAJKKE|F5B20DRAFT_mRNA229531	PF13242.13,PF13344.13	Complete	None
gene-F5B20DRAFT_229544	rna-gnl|WGS:JAJKKE|F5B20DRAFT_mRNA229544		None	None
gene-F5B20DRAFT_582362	rna-gnl|WGS:JAJKKE|F5B20DRAFT_mRNA582362	PF00186.25	Partial	None
gene-F5B20DRAFT_229767	rna-gnl|WGS:JAJKKE|F5B20DRAFT_mRNA229767	PF03981.18	Partial	None
gene-F5B20DRAFT_548165	rna-gnl|WGS:JAJKKE|F5B20DRAFT_mRNA548165	PF00109.33,PF02801.29	Complete	None
gene-F5B20DRAFT_548168	rna-gnl|WGS:JAJKKE|F5B20DRAFT_mRNA548168	PF03169.21	Partial	None
gene-F5B20DRAFT_582366	rna-gnl|WGS:JAJKKE|F5B20DRAFT_mRNA582366	PF16561.12	Partial	None
gene-F5B20DRAFT_229917	rna-gnl|WGS:JAJKKE|F5B20DRAFT_mRNA229917	PF08574.16	Complete	None
gene-F5B20DRAFT_582368	rna-gnl|WGS:JAJKKE|F5B20DRAFT_mRNA582368		None	None
gene-F5B20DRAFT_229898	rna-gnl|WGS:JAJKKE|F5B20DRAFT_mRNA229898	PF00300.28	Partial	None
gene-F5B20DRAFT_230057	rna-gnl|WGS:JAJKKE|F5B20DRAFT_mRNA230057		None	None
gene-F5B20DRAFT_548202	rna-gnl|WGS:JAJKKE|F5B20DRAFT_mRNA548202	PF00270.36,PF00271.38,PF04851.22	Complete	None
gene-F5B20DRAFT_571669	rna-gnl|WGS:JAJKKE|F5B20DRAFT_mRNA571669	PF00933.28,PF01915.28,PF14310.13	Complete	None
gene-F5B20DRAFT_582372	rna-gnl|WGS:JAJKKE|F5B20DRAFT_mRNA582372	PF12224.14	Partial	None
gene-F5B20DRAFT_548206	rna-gnl|WGS:JAJKKE|F5B20DRAFT_mRNA548206		None	None
gene-F5B20DRAFT_548212	rna-gnl|WGS:JAJKKE|F5B20DRAFT_mRNA548212		None	None
gene-F5B20DRAFT_230139	rna-gnl|WGS:JAJKKE|F5B20DRAFT_mRNA230139	PF04176.19	Partial	None
gene-F5B20DRAFT_582375	rna-gnl|WGS:JAJKKE|F5B20DRAFT_mRNA582375	PF07572.18	Complete	None
gene-F5B20DRAFT_548217	rna-gnl|WGS:JAJKKE|F5B20DRAFT_mRNA548217	PF01124.24	Partial	None
gene-F5B20DRAFT_548218	rna-gnl|WGS:JAJKKE|F5B20DRAFT_mRNA548218		None	None
gene-F5B20DRAFT_582378	rna-gnl|WGS:JAJKKE|F5B20DRAFT_mRNA582378	PF07690.22	Partial	None
gene-F5B20DRAFT_582379	rna-gnl|WGS:JAJKKE|F5B20DRAFT_mRNA582379		None	None
gene-F5B20DRAFT_230324	rna-gnl|WGS:JAJKKE|F5B20DRAFT_mRNA230324		None	None
gene-F5B20DRAFT_571674	rna-gnl|WGS:JAJKKE|F5B20DRAFT_mRNA571674	PF00083.31,PF07690.22	Partial	None
gene-F5B20DRAFT_592059	rna-gnl|WGS:JAJKKE|F5B20DRAFT_mRNA592059	PF08881.16	Partial	None
gene-F5B20DRAFT_230413	rna-gnl|WGS:JAJKKE|F5B20DRAFT_mRNA230413	PF05648.20	Partial	None
gene-F5B20DRAFT_230407	rna-gnl|WGS:JAJKKE|F5B20DRAFT_mRNA230407		None	None
gene-F5B20DRAFT_582385	rna-gnl|WGS:JAJKKE|F5B20DRAFT_mRNA582385	PF01636.30,PF02958.27	Partial	None
gene-F5B20DRAFT_548238	rna-gnl|WGS:JAJKKE|F5B20DRAFT_mRNA548238	PF10288.15	Complete	None
gene-F5B20DRAFT_548241	rna-gnl|WGS:JAJKKE|F5B20DRAFT_mRNA548241	PF00153.33,PF00153.33,PF00153.33	Complete	None
gene-F5B20DRAFT_571676	rna-gnl|WGS:JAJKKE|F5B20DRAFT_mRNA571676	PF00498.32,PF13639.13,PF17123.12	Complete	None
gene-F5B20DRAFT_548249	rna-gnl|WGS:JAJKKE|F5B20DRAFT_mRNA548249	PF00675.26,PF05193.27	Partial	None
gene-F5B20DRAFT_592063	rna-gnl|WGS:JAJKKE|F5B20DRAFT_mRNA592063		None	None
gene-F5B20DRAFT_582391	rna-gnl|WGS:JAJKKE|F5B20DRAFT_mRNA582391	PF17389.9,PF17390.8,PF22422.3	Complete	None
gene-F5B20DRAFT_548254	rna-gnl|WGS:JAJKKE|F5B20DRAFT_mRNA548254	PF00208.28,PF05088.19,PF23147.3,PF23152.2	Complete	None
gene-F5B20DRAFT_548264	rna-gnl|WGS:JAJKKE|F5B20DRAFT_mRNA548264	PF00266.26,PF22580.3	Complete	None
gene-F5B20DRAFT_548271	rna-gnl|WGS:JAJKKE|F5B20DRAFT_mRNA548271		None	None
gene-F5B20DRAFT_592065	rna-gnl|WGS:JAJKKE|F5B20DRAFT_mRNA592065		None	None
gene-F5B20DRAFT_582396	rna-gnl|WGS:JAJKKE|F5B20DRAFT_mRNA582396		None	None
gene-F5B20DRAFT_592069	rna-gnl|WGS:JAJKKE|F5B20DRAFT_mRNA592069	PF00227.32,PF10584.15	Partial	None
gene-F5B20DRAFT_548278	rna-gnl|WGS:JAJKKE|F5B20DRAFT_mRNA548278		None	None
gene-F5B20DRAFT_582399	rna-gnl|WGS:JAJKKE|F5B20DRAFT_mRNA582399		None	None
gene-F5B20DRAFT_231033	rna-gnl|WGS:JAJKKE|F5B20DRAFT_mRNA231033	PF01544.24	Partial	None
gene-F5B20DRAFT_582401	rna-gnl|WGS:JAJKKE|F5B20DRAFT_mRNA582401	PF06645.19	Partial	None
gene-F5B20DRAFT_231073	rna-gnl|WGS:JAJKKE|F5B20DRAFT_mRNA231073	PF12678.14,PF12861.14	Partial	None
gene-F5B20DRAFT_582403	rna-gnl|WGS:JAJKKE|F5B20DRAFT_mRNA582403	PF15365.12	Complete	None
gene-F5B20DRAFT_231161	rna-gnl|WGS:JAJKKE|F5B20DRAFT_mRNA231161	PF02809.27,PF06087.19	Partial	None
gene-F5B20DRAFT_231194	rna-gnl|WGS:JAJKKE|F5B20DRAFT_mRNA231194	PF09729.16	Partial	None
gene-F5B20DRAFT_548307	rna-gnl|WGS:JAJKKE|F5B20DRAFT_mRNA548307	PF01066.27	Partial	None
gene-F5B20DRAFT_548309	rna-gnl|WGS:JAJKKE|F5B20DRAFT_mRNA548309		None	None
gene-F5B20DRAFT_231253	rna-gnl|WGS:JAJKKE|F5B20DRAFT_mRNA231253	PF20684.4	Partial	None
gene-F5B20DRAFT_231240	rna-gnl|WGS:JAJKKE|F5B20DRAFT_mRNA231240	PF00083.31,PF06609.19,PF07690.22	Partial	None
gene-F5B20DRAFT_548344	rna-gnl|WGS:JAJKKE|F5B20DRAFT_mRNA548344	PF01202.29,PF01487.23,PF01488.27,PF08501.17	Complete	None
gene-F5B20DRAFT_548346	rna-gnl|WGS:JAJKKE|F5B20DRAFT_mRNA548346	PF00172.24	Partial	None
gene-F5B20DRAFT_571686	rna-gnl|WGS:JAJKKE|F5B20DRAFT_mRNA571686	PF00903.32	Partial	None
gene-F5B20DRAFT_548351	rna-gnl|WGS:JAJKKE|F5B20DRAFT_mRNA548351	PF12689.14	Partial	None
gene-F5B20DRAFT_548354	rna-gnl|WGS:JAJKKE|F5B20DRAFT_mRNA548354	PF00650.26,PF03765.22	Partial	None
gene-F5B20DRAFT_548359	rna-gnl|WGS:JAJKKE|F5B20DRAFT_mRNA548359	PF00743.26,PF07992.21,PF13434.13,PF13738.13	Partial	None
gene-F5B20DRAFT_548361	rna-gnl|WGS:JAJKKE|F5B20DRAFT_mRNA548361	PF06764.18	Partial	None
gene-F5B20DRAFT_548362	rna-gnl|WGS:JAJKKE|F5B20DRAFT_mRNA548362		None	None
gene-F5B20DRAFT_548367	rna-gnl|WGS:JAJKKE|F5B20DRAFT_mRNA548367	PF20684.4	Partial	None
gene-F5B20DRAFT_548373	rna-gnl|WGS:JAJKKE|F5B20DRAFT_mRNA548373	PF00005.34,PF00005.34,PF00664.29,PF00664.29	Complete	None
gene-F5B20DRAFT_548377	rna-gnl|WGS:JAJKKE|F5B20DRAFT_mRNA548377		None	None
gene-F5B20DRAFT_582418	rna-gnl|WGS:JAJKKE|F5B20DRAFT_mRNA582418	PF06985.18,PF26639.1	Complete	None
gene-F5B20DRAFT_571693	rna-gnl|WGS:JAJKKE|F5B20DRAFT_mRNA571693	PF07519.18	Partial	None
gene-F5B20DRAFT_592075	rna-gnl|WGS:JAJKKE|F5B20DRAFT_mRNA592075		None	None
gene-F5B20DRAFT_548387	rna-gnl|WGS:JAJKKE|F5B20DRAFT_mRNA548387		None	None
gene-F5B20DRAFT_232220	rna-gnl|WGS:JAJKKE|F5B20DRAFT_mRNA232220		None	None
gene-F5B20DRAFT_232200	rna-gnl|WGS:JAJKKE|F5B20DRAFT_mRNA232200	PF02668.23	Partial	None
gene-F5B20DRAFT_592082	rna-gnl|WGS:JAJKKE|F5B20DRAFT_mRNA592082	PF11374.14	Partial	None
gene-F5B20DRAFT_548402	rna-gnl|WGS:JAJKKE|F5B20DRAFT_mRNA548402	PF04981.20,PF21192.4,PF21193.4,PF29994.1	Complete	None
gene-F5B20DRAFT_232253	rna-gnl|WGS:JAJKKE|F5B20DRAFT_mRNA232253		None	None
gene-F5B20DRAFT_548406	rna-gnl|WGS:JAJKKE|F5B20DRAFT_mRNA548406	PF00076.29,PF27577.1	Complete	None
gene-F5B20DRAFT_571698	rna-gnl|WGS:JAJKKE|F5B20DRAFT_mRNA571698	PF00171.28,PF05893.20	Partial	None
gene-F5B20DRAFT_232274	rna-gnl|WGS:JAJKKE|F5B20DRAFT_mRNA232274		None	None
gene-F5B20DRAFT_548418	rna-gnl|WGS:JAJKKE|F5B20DRAFT_mRNA548418	PF00288.33,PF08544.19	Complete	None
gene-F5B20DRAFT_548420	rna-gnl|WGS:JAJKKE|F5B20DRAFT_mRNA548420	PF30971.1,PF30972.1	Complete	None
gene-F5B20DRAFT_548422	rna-gnl|WGS:JAJKKE|F5B20DRAFT_mRNA548422	PF02569.22	Partial	None
gene-F5B20DRAFT_548426	rna-gnl|WGS:JAJKKE|F5B20DRAFT_mRNA548426	PF06824.18	Partial	None
gene-F5B20DRAFT_582435	rna-gnl|WGS:JAJKKE|F5B20DRAFT_mRNA582435	PF00155.28	Partial	None
gene-F5B20DRAFT_232506	rna-gnl|WGS:JAJKKE|F5B20DRAFT_mRNA232506	PF01853.26,PF11717.15,PF17772.8	Complete	None
gene-F5B20DRAFT_232538	rna-gnl|WGS:JAJKKE|F5B20DRAFT_mRNA232538	PF08615.17	Partial	None
gene-F5B20DRAFT_232464	rna-gnl|WGS:JAJKKE|F5B20DRAFT_mRNA232464	PF02353.27,PF08241.19,PF13489.13,PF13649.13,PF13847.13	Complete	None
gene-F5B20DRAFT_548437	rna-gnl|WGS:JAJKKE|F5B20DRAFT_mRNA548437	PF00929.32	Partial	None
gene-F5B20DRAFT_548438	rna-gnl|WGS:JAJKKE|F5B20DRAFT_mRNA548438	PF06985.18,PF26640.1	Complete	None
gene-F5B20DRAFT_548439	rna-gnl|WGS:JAJKKE|F5B20DRAFT_mRNA548439	PF00493.30,PF01078.28,PF14551.12,PF17207.10,PF17855.8,PF18263.8	Complete	None
gene-F5B20DRAFT_232633	rna-gnl|WGS:JAJKKE|F5B20DRAFT_mRNA232633		None	None
gene-F5B20DRAFT_548444	rna-gnl|WGS:JAJKKE|F5B20DRAFT_mRNA548444	PF10791.15	Partial	None
gene-F5B20DRAFT_548446	rna-gnl|WGS:JAJKKE|F5B20DRAFT_mRNA548446	PF04800.18	Partial	None
gene-F5B20DRAFT_548447	rna-gnl|WGS:JAJKKE|F5B20DRAFT_mRNA548447	PF08513.18,PF10607.15	Complete	None
gene-F5B20DRAFT_548450	rna-gnl|WGS:JAJKKE|F5B20DRAFT_mRNA548450	PF00485.25,PF14681.13	Partial	None
gene-F5B20DRAFT_548457	rna-gnl|WGS:JAJKKE|F5B20DRAFT_mRNA548457	PF12697.14	Partial	None
gene-F5B20DRAFT_232867	rna-gnl|WGS:JAJKKE|F5B20DRAFT_mRNA232867	PF06985.18	Partial	None
gene-F5B20DRAFT_592118	rna-gnl|WGS:JAJKKE|F5B20DRAFT_mRNA592118	PF00135.35,PF20434.6	Partial	None
gene-F5B20DRAFT_571714	rna-gnl|WGS:JAJKKE|F5B20DRAFT_mRNA571714	PF20684.4	Partial	None
gene-F5B20DRAFT_232974	rna-gnl|WGS:JAJKKE|F5B20DRAFT_mRNA232974		None	None
gene-F5B20DRAFT_548483	rna-gnl|WGS:JAJKKE|F5B20DRAFT_mRNA548483	PF01042.27	Partial	None
gene-F5B20DRAFT_548484	rna-gnl|WGS:JAJKKE|F5B20DRAFT_mRNA548484	PF06985.18	Partial	None
gene-F5B20DRAFT_548487	rna-gnl|WGS:JAJKKE|F5B20DRAFT_mRNA548487	PF00106.32,PF00109.33,PF00698.27,PF02801.29,PF08659.17,PF14765.13,PF16197.12,PF21089.4	Complete	None
gene-F5B20DRAFT_548492	rna-gnl|WGS:JAJKKE|F5B20DRAFT_mRNA548492	PF07883.18	Partial	None
gene-F5B20DRAFT_582456	rna-gnl|WGS:JAJKKE|F5B20DRAFT_mRNA582456	PF00106.32,PF08659.17,PF13561.13	Partial	None
gene-F5B20DRAFT_548502	rna-gnl|WGS:JAJKKE|F5B20DRAFT_mRNA548502	PF00106.32,PF13561.13	Partial	None
gene-F5B20DRAFT_592130	rna-gnl|WGS:JAJKKE|F5B20DRAFT_mRNA592130	PF00067.28	Partial	None
gene-F5B20DRAFT_571719	rna-gnl|WGS:JAJKKE|F5B20DRAFT_mRNA571719	PF00083.31,PF07690.22	Partial	None
gene-F5B20DRAFT_548509	rna-gnl|WGS:JAJKKE|F5B20DRAFT_mRNA548509	PF00106.32,PF13561.13,PF23441.1	Partial	None
gene-F5B20DRAFT_233453	rna-gnl|WGS:JAJKKE|F5B20DRAFT_mRNA233453	PF20684.4	Partial	None
gene-F5B20DRAFT_233588	rna-gnl|WGS:JAJKKE|F5B20DRAFT_mRNA233588	PF12224.14	Partial	None
gene-F5B20DRAFT_548530	rna-gnl|WGS:JAJKKE|F5B20DRAFT_mRNA548530	PF24870.2	Partial	None
gene-F5B20DRAFT_548531	rna-gnl|WGS:JAJKKE|F5B20DRAFT_mRNA548531	PF00023.37,PF00023.37,PF12796.14,PF12796.14,PF13637.13	Complete	None
gene-F5B20DRAFT_592135	rna-gnl|WGS:JAJKKE|F5B20DRAFT_mRNA592135	PF00324.28,PF13520.13	Partial	None
gene-F5B20DRAFT_582466	rna-gnl|WGS:JAJKKE|F5B20DRAFT_mRNA582466		None	None
gene-F5B20DRAFT_592144	rna-gnl|WGS:JAJKKE|F5B20DRAFT_mRNA592144	PF00069.32	Partial	None
gene-F5B20DRAFT_548534	rna-gnl|WGS:JAJKKE|F5B20DRAFT_mRNA548534	PF00326.28,PF00930.28,PF02129.25	Complete	None
gene-F5B20DRAFT_548535	rna-gnl|WGS:JAJKKE|F5B20DRAFT_mRNA548535	PF01906.25	Partial	None
gene-F5B20DRAFT_592148	rna-gnl|WGS:JAJKKE|F5B20DRAFT_mRNA592148		None	None
gene-F5B20DRAFT_548546	rna-gnl|WGS:JAJKKE|F5B20DRAFT_mRNA548546	PF18271.9	Partial	None
gene-F5B20DRAFT_592152	rna-gnl|WGS:JAJKKE|F5B20DRAFT_mRNA592152		None	None
gene-F5B20DRAFT_233740	rna-gnl|WGS:JAJKKE|F5B20DRAFT_mRNA233740	PF00888.30,PF10557.16,PF26557.1	Complete	None
gene-F5B20DRAFT_548551	rna-gnl|WGS:JAJKKE|F5B20DRAFT_mRNA548551	PF05180.18	Partial	None
gene-F5B20DRAFT_548553	rna-gnl|WGS:JAJKKE|F5B20DRAFT_mRNA548553	PF07539.19,PF20416.5	Complete	None
gene-F5B20DRAFT_548554	rna-gnl|WGS:JAJKKE|F5B20DRAFT_mRNA548554	PF04676.20,PF04677.21	Complete	None
gene-F5B20DRAFT_548556	rna-gnl|WGS:JAJKKE|F5B20DRAFT_mRNA548556		None	None
gene-F5B20DRAFT_582477	rna-gnl|WGS:JAJKKE|F5B20DRAFT_mRNA582477		None	None
gene-F5B20DRAFT_582478	rna-gnl|WGS:JAJKKE|F5B20DRAFT_mRNA582478		None	None
gene-F5B20DRAFT_548562	rna-gnl|WGS:JAJKKE|F5B20DRAFT_mRNA548562	PF04931.19	Partial	None
gene-F5B20DRAFT_548564	rna-gnl|WGS:JAJKKE|F5B20DRAFT_mRNA548564	PF00102.33,PF13350.12,PF22784.2	Partial	None
gene-F5B20DRAFT_233956	rna-gnl|WGS:JAJKKE|F5B20DRAFT_mRNA233956	PF00581.26	Complete	None
gene-F5B20DRAFT_582483	rna-gnl|WGS:JAJKKE|F5B20DRAFT_mRNA582483		None	None
gene-F5B20DRAFT_234001	rna-gnl|WGS:JAJKKE|F5B20DRAFT_mRNA234001		None	None
gene-F5B20DRAFT_548580	rna-gnl|WGS:JAJKKE|F5B20DRAFT_mRNA548580	PF00227.32,PF00227.32,PF10584.15	Partial	None
gene-F5B20DRAFT_592158	rna-gnl|WGS:JAJKKE|F5B20DRAFT_mRNA592158		None	None
gene-F5B20DRAFT_t55	gene-F5B20DRAFT_t55		None	None
gene-F5B20DRAFT_548581	rna-gnl|WGS:JAJKKE|F5B20DRAFT_mRNA548581		None	None
gene-F5B20DRAFT_592159	rna-gnl|WGS:JAJKKE|F5B20DRAFT_mRNA592159		None	None
gene-F5B20DRAFT_548585	rna-gnl|WGS:JAJKKE|F5B20DRAFT_mRNA548585	PF00385.31	Complete	None
gene-F5B20DRAFT_548586	rna-gnl|WGS:JAJKKE|F5B20DRAFT_mRNA548586		None	None
gene-F5B20DRAFT_571733	rna-gnl|WGS:JAJKKE|F5B20DRAFT_mRNA571733		None	None
gene-F5B20DRAFT_548591	rna-gnl|WGS:JAJKKE|F5B20DRAFT_mRNA548591	PF00400.39,PF00400.39,PF00400.39,PF00400.39,PF08145.18	Complete	None
gene-F5B20DRAFT_234205	rna-gnl|WGS:JAJKKE|F5B20DRAFT_mRNA234205		None	None
gene-F5B20DRAFT_234126	rna-gnl|WGS:JAJKKE|F5B20DRAFT_mRNA234126		None	None
gene-F5B20DRAFT_234240	rna-gnl|WGS:JAJKKE|F5B20DRAFT_mRNA234240	PF01734.28,PF11815.14	Partial	None
gene-F5B20DRAFT_548605	rna-gnl|WGS:JAJKKE|F5B20DRAFT_mRNA548605	PF04004.19	Partial	None
gene-F5B20DRAFT_548606	rna-gnl|WGS:JAJKKE|F5B20DRAFT_mRNA548606	PF03637.23,PF03637.23	Partial	None
gene-F5B20DRAFT_234379	rna-gnl|WGS:JAJKKE|F5B20DRAFT_mRNA234379		None	None
gene-F5B20DRAFT_582497	rna-gnl|WGS:JAJKKE|F5B20DRAFT_mRNA582497	PF02597.27	Partial	None
gene-F5B20DRAFT_234279	rna-gnl|WGS:JAJKKE|F5B20DRAFT_mRNA234279		None	None
gene-F5B20DRAFT_234457	rna-gnl|WGS:JAJKKE|F5B20DRAFT_mRNA234457	PF04912.20	Partial	None
gene-F5B20DRAFT_548621	rna-gnl|WGS:JAJKKE|F5B20DRAFT_mRNA548621	PF14474.12	Complete	None
gene-F5B20DRAFT_548630	rna-gnl|WGS:JAJKKE|F5B20DRAFT_mRNA548630	PF00211.26,PF00481.27,PF08509.17,PF13855.13,PF13855.13,PF13855.13,PF23010.3	Complete	None
gene-F5B20DRAFT_582502	rna-gnl|WGS:JAJKKE|F5B20DRAFT_mRNA582502		None	None
gene-F5B20DRAFT_548651	rna-gnl|WGS:JAJKKE|F5B20DRAFT_mRNA548651		None	None
gene-F5B20DRAFT_582504	rna-gnl|WGS:JAJKKE|F5B20DRAFT_mRNA582504	PF00501.35,PF00550.32,PF01370.28,PF07993.19,PF23562.3	Complete	None
gene-F5B20DRAFT_548662	rna-gnl|WGS:JAJKKE|F5B20DRAFT_mRNA548662	PF01636.30	Partial	None
gene-F5B20DRAFT_548664	rna-gnl|WGS:JAJKKE|F5B20DRAFT_mRNA548664		None	None
gene-F5B20DRAFT_234860	rna-gnl|WGS:JAJKKE|F5B20DRAFT_mRNA234860	PF11807.14	Partial	None
gene-F5B20DRAFT_234865	rna-gnl|WGS:JAJKKE|F5B20DRAFT_mRNA234865		None	None
gene-F5B20DRAFT_548668	rna-gnl|WGS:JAJKKE|F5B20DRAFT_mRNA548668		None	None
gene-F5B20DRAFT_234883	rna-gnl|WGS:JAJKKE|F5B20DRAFT_mRNA234883	PF00096.33,PF00096.33,PF12874.14,PF13894.13,PF13912.13	Complete	None
gene-F5B20DRAFT_548676	rna-gnl|WGS:JAJKKE|F5B20DRAFT_mRNA548676		None	None
gene-F5B20DRAFT_548680	rna-gnl|WGS:JAJKKE|F5B20DRAFT_mRNA548680		None	None
gene-F5B20DRAFT_548681	rna-gnl|WGS:JAJKKE|F5B20DRAFT_mRNA548681	PF01786.25	Partial	None
gene-F5B20DRAFT_548685	rna-gnl|WGS:JAJKKE|F5B20DRAFT_mRNA548685	PF08597.16	Partial	None
gene-F5B20DRAFT_235015	rna-gnl|WGS:JAJKKE|F5B20DRAFT_mRNA235015	PF08118.17	Partial	None
gene-F5B20DRAFT_571748	rna-gnl|WGS:JAJKKE|F5B20DRAFT_mRNA571748	PF17903.8,PF22891.3	Complete	None
gene-F5B20DRAFT_235096	rna-gnl|WGS:JAJKKE|F5B20DRAFT_mRNA235096	PF11976.15	Complete	None
gene-F5B20DRAFT_571749	rna-gnl|WGS:JAJKKE|F5B20DRAFT_mRNA571749		None	None
gene-F5B20DRAFT_582515	rna-gnl|WGS:JAJKKE|F5B20DRAFT_mRNA582515	PF01209.25,PF08241.19,PF13649.13	Partial	None
gene-F5B20DRAFT_571751	rna-gnl|WGS:JAJKKE|F5B20DRAFT_mRNA571751	PF11735.14	Partial	None
gene-F5B20DRAFT_571752	rna-gnl|WGS:JAJKKE|F5B20DRAFT_mRNA571752	PF02466.25	Partial	None
gene-F5B20DRAFT_548740	rna-gnl|WGS:JAJKKE|F5B20DRAFT_mRNA548740	PF05935.18,PF14269.13	Partial	None
gene-F5B20DRAFT_582520	rna-gnl|WGS:JAJKKE|F5B20DRAFT_mRNA582520	PF13639.13	Complete	None
gene-F5B20DRAFT_548747	rna-gnl|WGS:JAJKKE|F5B20DRAFT_mRNA548747	PF00083.31,PF07690.22	Partial	None
gene-F5B20DRAFT_548748	rna-gnl|WGS:JAJKKE|F5B20DRAFT_mRNA548748	PF00173.34,PF01070.25,PF01645.24	Partial	None
gene-F5B20DRAFT_548749	rna-gnl|WGS:JAJKKE|F5B20DRAFT_mRNA548749		None	None
gene-F5B20DRAFT_582524	rna-gnl|WGS:JAJKKE|F5B20DRAFT_mRNA582524	PF00339.35,PF02752.28	Complete	None
gene-F5B20DRAFT_235498	rna-gnl|WGS:JAJKKE|F5B20DRAFT_mRNA235498	PF00004.36,PF05621.18,PF07693.21,PF09079.18,PF13191.13,PF13245.13,PF13401.13,PF17872.8,PF22606.3	Complete	None
gene-F5B20DRAFT_548762	rna-gnl|WGS:JAJKKE|F5B20DRAFT_mRNA548762	PF00266.26,PF03473.24,PF03476.22	Complete	None
gene-F5B20DRAFT_235634	rna-gnl|WGS:JAJKKE|F5B20DRAFT_mRNA235634		None	None
gene-F5B20DRAFT_235678	rna-gnl|WGS:JAJKKE|F5B20DRAFT_mRNA235678		None	None
gene-F5B20DRAFT_235824	rna-gnl|WGS:JAJKKE|F5B20DRAFT_mRNA235824	PF28298.1	Complete	None
gene-F5B20DRAFT_235757	rna-gnl|WGS:JAJKKE|F5B20DRAFT_mRNA235757	PF07818.19	Partial	None
gene-F5B20DRAFT_548798	rna-gnl|WGS:JAJKKE|F5B20DRAFT_mRNA548798	PF00227.32	Partial	None
gene-F5B20DRAFT_235972	rna-gnl|WGS:JAJKKE|F5B20DRAFT_mRNA235972	PF01380.28,PF01380.28,PF13522.13,PF13537.12	Complete	None
gene-F5B20DRAFT_548804	rna-gnl|WGS:JAJKKE|F5B20DRAFT_mRNA548804		None	None
gene-F5B20DRAFT_548805	rna-gnl|WGS:JAJKKE|F5B20DRAFT_mRNA548805	PF00004.36,PF07728.21,PF16450.12,PF17862.8,PF21236.4	Complete	None
gene-F5B20DRAFT_236104	rna-gnl|WGS:JAJKKE|F5B20DRAFT_mRNA236104		None	None
gene-F5B20DRAFT_548812	rna-gnl|WGS:JAJKKE|F5B20DRAFT_mRNA548812	PF06985.18	Partial	None
gene-F5B20DRAFT_548815	rna-gnl|WGS:JAJKKE|F5B20DRAFT_mRNA548815	PF00023.37,PF00023.37,PF00023.37,PF00023.37,PF00023.37,PF00023.37,PF00023.37,PF00023.37,PF12796.14,PF12796.14,PF12796.14,PF12796.14,PF12796.14,PF12796.14,PF13606.13,PF13606.13,PF13637.13,PF13637.13,PF13857.13,PF13857.13	Complete	None
gene-F5B20DRAFT_571767	rna-gnl|WGS:JAJKKE|F5B20DRAFT_mRNA571767		None	None
gene-F5B20DRAFT_571768	rna-gnl|WGS:JAJKKE|F5B20DRAFT_mRNA571768	PF08580.16	Partial	None
gene-F5B20DRAFT_548821	rna-gnl|WGS:JAJKKE|F5B20DRAFT_mRNA548821	PF00270.36,PF00271.38,PF04851.22,PF09382.18,PF16124.11	Complete	None
gene-F5B20DRAFT_582541	rna-gnl|WGS:JAJKKE|F5B20DRAFT_mRNA582541	PF06912.17	Partial	None
gene-F5B20DRAFT_236201	rna-gnl|WGS:JAJKKE|F5B20DRAFT_mRNA236201	PF07690.22	Partial	None
gene-F5B20DRAFT_582543	rna-gnl|WGS:JAJKKE|F5B20DRAFT_mRNA582543	PF10342.16	Partial	None
gene-F5B20DRAFT_548850	rna-gnl|WGS:JAJKKE|F5B20DRAFT_mRNA548850		None	None
gene-F5B20DRAFT_571772	rna-gnl|WGS:JAJKKE|F5B20DRAFT_mRNA571772	PF00067.28	Partial	None
gene-F5B20DRAFT_582548	rna-gnl|WGS:JAJKKE|F5B20DRAFT_mRNA582548	PF00013.36,PF00013.36,PF00013.36	Complete	None
gene-F5B20DRAFT_236821	rna-gnl|WGS:JAJKKE|F5B20DRAFT_mRNA236821		None	None
gene-F5B20DRAFT_548858	rna-gnl|WGS:JAJKKE|F5B20DRAFT_mRNA548858	PF00692.25,PF22769.2	Partial	None
gene-F5B20DRAFT_236833	rna-gnl|WGS:JAJKKE|F5B20DRAFT_mRNA236833	PF08543.18	Partial	None
gene-F5B20DRAFT_548865	rna-gnl|WGS:JAJKKE|F5B20DRAFT_mRNA548865	PF00705.24,PF02144.22,PF02747.21,PF04139.19	Partial	None
gene-F5B20DRAFT_548868	rna-gnl|WGS:JAJKKE|F5B20DRAFT_mRNA548868	PF12632.13	Partial	None
gene-F5B20DRAFT_548870	rna-gnl|WGS:JAJKKE|F5B20DRAFT_mRNA548870	PF07019.18	Partial	None
gene-F5B20DRAFT_548874	rna-gnl|WGS:JAJKKE|F5B20DRAFT_mRNA548874	PF00009.34	Partial	None
gene-F5B20DRAFT_548878	rna-gnl|WGS:JAJKKE|F5B20DRAFT_mRNA548878	PF00370.28,PF02782.23	Complete	None
gene-F5B20DRAFT_582557	rna-gnl|WGS:JAJKKE|F5B20DRAFT_mRNA582557		None	None
gene-F5B20DRAFT_237000	rna-gnl|WGS:JAJKKE|F5B20DRAFT_mRNA237000	PF00132.31,PF00483.30,PF12804.14,PF25087.2	Complete	None
gene-F5B20DRAFT_582559	rna-gnl|WGS:JAJKKE|F5B20DRAFT_mRNA582559		None	None
gene-F5B20DRAFT_571783	rna-gnl|WGS:JAJKKE|F5B20DRAFT_mRNA571783	PF00432.28	Partial	None
gene-F5B20DRAFT_238128	rna-gnl|WGS:JAJKKE|F5B20DRAFT_mRNA238128	PF27566.1	Partial	None
gene-F5B20DRAFT_548930	rna-gnl|WGS:JAJKKE|F5B20DRAFT_mRNA548930	PF00240.30,PF00240.30,PF00240.30,PF00240.30,PF11976.15,PF11976.15,PF11976.15,PF11976.15,PF13881.13,PF13881.13,PF13881.13,PF13881.13,PF14560.13,PF14560.13,PF14560.13,PF14560.13	Complete	None
gene-F5B20DRAFT_548935	rna-gnl|WGS:JAJKKE|F5B20DRAFT_mRNA548935	PF00097.32,PF02148.26,PF07576.19,PF13445.13,PF13639.13	Complete	None
gene-F5B20DRAFT_548940	rna-gnl|WGS:JAJKKE|F5B20DRAFT_mRNA548940	PF01553.27,PF30356.1	Complete	None
gene-F5B20DRAFT_582565	rna-gnl|WGS:JAJKKE|F5B20DRAFT_mRNA582565	PF06999.18	Partial	None
gene-F5B20DRAFT_548944	rna-gnl|WGS:JAJKKE|F5B20DRAFT_mRNA548944	PF27939.1	Partial	None
gene-F5B20DRAFT_582567	rna-gnl|WGS:JAJKKE|F5B20DRAFT_mRNA582567		None	None
gene-F5B20DRAFT_548947	rna-gnl|WGS:JAJKKE|F5B20DRAFT_mRNA548947	PF04695.19	Partial	None
gene-F5B20DRAFT_548952	rna-gnl|WGS:JAJKKE|F5B20DRAFT_mRNA548952	PF07859.20	Partial	None
gene-F5B20DRAFT_571791	rna-gnl|WGS:JAJKKE|F5B20DRAFT_mRNA571791	PF01565.29	Partial	None
gene-F5B20DRAFT_582571	rna-gnl|WGS:JAJKKE|F5B20DRAFT_mRNA582571	PF01154.23,PF08540.17	Partial	None
gene-F5B20DRAFT_238572	rna-gnl|WGS:JAJKKE|F5B20DRAFT_mRNA238572	PF00004.36,PF08740.17,PF25426.2	Complete	None
gene-F5B20DRAFT_238768	rna-gnl|WGS:JAJKKE|F5B20DRAFT_mRNA238768		None	None
gene-F5B20DRAFT_582574	rna-gnl|WGS:JAJKKE|F5B20DRAFT_mRNA582574	PF00266.26	Partial	None
gene-F5B20DRAFT_571795	rna-gnl|WGS:JAJKKE|F5B20DRAFT_mRNA571795	PF25130.2	Partial	None
gene-F5B20DRAFT_571796	rna-gnl|WGS:JAJKKE|F5B20DRAFT_mRNA571796	PF13300.12	Complete	None
gene-F5B20DRAFT_571797	rna-gnl|WGS:JAJKKE|F5B20DRAFT_mRNA571797	PF00742.25,PF03447.23	Partial	None
gene-F5B20DRAFT_238900	rna-gnl|WGS:JAJKKE|F5B20DRAFT_mRNA238900		None	None
gene-F5B20DRAFT_582579	rna-gnl|WGS:JAJKKE|F5B20DRAFT_mRNA582579		None	None
gene-F5B20DRAFT_238884	rna-gnl|WGS:JAJKKE|F5B20DRAFT_mRNA238884	PF07690.22	Partial	None
gene-F5B20DRAFT_238973	rna-gnl|WGS:JAJKKE|F5B20DRAFT_mRNA238973	PF02320.23	Partial	None
gene-F5B20DRAFT_548987	rna-gnl|WGS:JAJKKE|F5B20DRAFT_mRNA548987		None	None
gene-F5B20DRAFT_582584	rna-gnl|WGS:JAJKKE|F5B20DRAFT_mRNA582584	PF06371.20	Partial	None
gene-F5B20DRAFT_549008	rna-gnl|WGS:JAJKKE|F5B20DRAFT_mRNA549008	PF02390.24	Partial	None
gene-F5B20DRAFT_549011	rna-gnl|WGS:JAJKKE|F5B20DRAFT_mRNA549011	PF00615.25,PF00787.30,PF02194.21,PF08628.18	Complete	None
gene-F5B20DRAFT_239431	rna-gnl|WGS:JAJKKE|F5B20DRAFT_mRNA239431	PF00076.29,PF00076.29	Partial	None
gene-F5B20DRAFT_239483	rna-gnl|WGS:JAJKKE|F5B20DRAFT_mRNA239483	PF00043.31,PF02798.27,PF13409.13,PF13410.12	Complete	None
gene-F5B20DRAFT_239537	rna-gnl|WGS:JAJKKE|F5B20DRAFT_mRNA239537	PF16862.11	Complete	None
gene-F5B20DRAFT_549032	rna-gnl|WGS:JAJKKE|F5B20DRAFT_mRNA549032		None	None
gene-F5B20DRAFT_239975	rna-gnl|WGS:JAJKKE|F5B20DRAFT_mRNA239975	PF00172.24	Partial	None
gene-F5B20DRAFT_239672	rna-gnl|WGS:JAJKKE|F5B20DRAFT_mRNA239672	PF00264.26	Partial	None
gene-F5B20DRAFT_239603	rna-gnl|WGS:JAJKKE|F5B20DRAFT_mRNA239603	PF00701.29	Partial	None
gene-F5B20DRAFT_582593	rna-gnl|WGS:JAJKKE|F5B20DRAFT_mRNA582593		None	None
gene-F5B20DRAFT_571808	rna-gnl|WGS:JAJKKE|F5B20DRAFT_mRNA571808	PF01425.27	Partial	None
gene-F5B20DRAFT_549085	rna-gnl|WGS:JAJKKE|F5B20DRAFT_mRNA549085	PF03835.22,PF10403.15,PF10404.15,PF10405.16	Complete	None
gene-F5B20DRAFT_582596	rna-gnl|WGS:JAJKKE|F5B20DRAFT_mRNA582596	PF00005.34,PF00005.34,PF12698.14	Complete	None
gene-F5B20DRAFT_t57	gene-F5B20DRAFT_t57		None	None
gene-F5B20DRAFT_549091	rna-gnl|WGS:JAJKKE|F5B20DRAFT_mRNA549091		None	None
gene-F5B20DRAFT_549092	rna-gnl|WGS:JAJKKE|F5B20DRAFT_mRNA549092	PF07885.23,PF07885.23	Complete	None
gene-F5B20DRAFT_240331	rna-gnl|WGS:JAJKKE|F5B20DRAFT_mRNA240331	PF25540.2,PF25543.2	Complete	None
gene-F5B20DRAFT_240348	rna-gnl|WGS:JAJKKE|F5B20DRAFT_mRNA240348		None	None
gene-F5B20DRAFT_549108	rna-gnl|WGS:JAJKKE|F5B20DRAFT_mRNA549108	PF00790.26,PF03127.20	Complete	None
gene-F5B20DRAFT_240628	rna-gnl|WGS:JAJKKE|F5B20DRAFT_mRNA240628	PF08550.16,PF11702.14	Partial	None
gene-F5B20DRAFT_549143	rna-gnl|WGS:JAJKKE|F5B20DRAFT_mRNA549143		None	None
gene-F5B20DRAFT_582607	rna-gnl|WGS:JAJKKE|F5B20DRAFT_mRNA582607		None	None
gene-F5B20DRAFT_241173	rna-gnl|WGS:JAJKKE|F5B20DRAFT_mRNA241173		None	None
gene-F5B20DRAFT_571817	rna-gnl|WGS:JAJKKE|F5B20DRAFT_mRNA571817	PF05495.18	Complete	None
gene-F5B20DRAFT_241263	rna-gnl|WGS:JAJKKE|F5B20DRAFT_mRNA241263	PF22974.2	Partial	None
gene-F5B20DRAFT_241363	rna-gnl|WGS:JAJKKE|F5B20DRAFT_mRNA241363		None	None
gene-F5B20DRAFT_582610	rna-gnl|WGS:JAJKKE|F5B20DRAFT_mRNA582610		None	None
gene-F5B20DRAFT_549221	rna-gnl|WGS:JAJKKE|F5B20DRAFT_mRNA549221	PF03095.21	Partial	None
gene-F5B20DRAFT_549223	rna-gnl|WGS:JAJKKE|F5B20DRAFT_mRNA549223		None	None
gene-F5B20DRAFT_592225	rna-gnl|WGS:JAJKKE|F5B20DRAFT_mRNA592225		None	None
gene-F5B20DRAFT_241819	rna-gnl|WGS:JAJKKE|F5B20DRAFT_mRNA241819	PF00067.28	Partial	None
gene-F5B20DRAFT_241826	rna-gnl|WGS:JAJKKE|F5B20DRAFT_mRNA241826	PF01565.29	Partial	None
gene-F5B20DRAFT_592227	rna-gnl|WGS:JAJKKE|F5B20DRAFT_mRNA592227		None	None
gene-F5B20DRAFT_549282	rna-gnl|WGS:JAJKKE|F5B20DRAFT_mRNA549282		None	None
gene-F5B20DRAFT_582618	rna-gnl|WGS:JAJKKE|F5B20DRAFT_mRNA582618	PF00106.32,PF13561.13	Partial	None
gene-F5B20DRAFT_242065	rna-gnl|WGS:JAJKKE|F5B20DRAFT_mRNA242065	PF01425.27	Partial	None
gene-F5B20DRAFT_549287	rna-gnl|WGS:JAJKKE|F5B20DRAFT_mRNA549287	PF07690.22	Partial	None
gene-F5B20DRAFT_549291	rna-gnl|WGS:JAJKKE|F5B20DRAFT_mRNA549291	PF07690.22,PF07690.22,PF12832.14	Partial	None
gene-F5B20DRAFT_571829	rna-gnl|WGS:JAJKKE|F5B20DRAFT_mRNA571829	PF00389.37,PF02826.26,PF19304.5	Complete	None
gene-F5B20DRAFT_571830	rna-gnl|WGS:JAJKKE|F5B20DRAFT_mRNA571830	PF00903.32,PF00903.32,PF13669.13	Partial	None
gene-F5B20DRAFT_242091	rna-gnl|WGS:JAJKKE|F5B20DRAFT_mRNA242091	PF01699.30,PF01699.30	Complete	None
gene-F5B20DRAFT_571832	rna-gnl|WGS:JAJKKE|F5B20DRAFT_mRNA571832	PF03639.20,PF17652.8	Partial	None
gene-F5B20DRAFT_242426	rna-gnl|WGS:JAJKKE|F5B20DRAFT_mRNA242426	PF10451.16,PF10451.16	Partial	None
gene-F5B20DRAFT_549324	rna-gnl|WGS:JAJKKE|F5B20DRAFT_mRNA549324	PF00226.37,PF23302.2	Partial	None
gene-F5B20DRAFT_549325	rna-gnl|WGS:JAJKKE|F5B20DRAFT_mRNA549325	PF00383.30	Partial	None
gene-F5B20DRAFT_t58	gene-F5B20DRAFT_t58		None	None
gene-F5B20DRAFT_571835	rna-gnl|WGS:JAJKKE|F5B20DRAFT_mRNA571835	PF02170.29,PF02171.24,PF08699.16,PF16486.12,PF16488.11	Complete	None
gene-F5B20DRAFT_592238	rna-gnl|WGS:JAJKKE|F5B20DRAFT_mRNA592238	PF06985.18,PF07690.22	Partial	None
gene-F5B20DRAFT_242531	rna-gnl|WGS:JAJKKE|F5B20DRAFT_mRNA242531		None	None
gene-F5B20DRAFT_582631	rna-gnl|WGS:JAJKKE|F5B20DRAFT_mRNA582631	PF13639.13	Complete	None
gene-F5B20DRAFT_242536	rna-gnl|WGS:JAJKKE|F5B20DRAFT_mRNA242536	PF03171.27,PF14226.13	Complete	None
gene-F5B20DRAFT_549338	rna-gnl|WGS:JAJKKE|F5B20DRAFT_mRNA549338	PF02133.22	Partial	None
gene-F5B20DRAFT_571839	rna-gnl|WGS:JAJKKE|F5B20DRAFT_mRNA571839	PF00096.33,PF00096.33,PF00096.33,PF00096.33	Complete	None
gene-F5B20DRAFT_592241	rna-gnl|WGS:JAJKKE|F5B20DRAFT_mRNA592241	PF01323.27	Partial	None
gene-F5B20DRAFT_549358	rna-gnl|WGS:JAJKKE|F5B20DRAFT_mRNA549358	PF02186.22,PF18121.8	Complete	None
gene-F5B20DRAFT_571840	rna-gnl|WGS:JAJKKE|F5B20DRAFT_mRNA571840	PF00173.34	Partial	None
gene-F5B20DRAFT_549365	rna-gnl|WGS:JAJKKE|F5B20DRAFT_mRNA549365	PF01267.23	Partial	None
gene-F5B20DRAFT_549366	rna-gnl|WGS:JAJKKE|F5B20DRAFT_mRNA549366	PF02779.30,PF02780.26	Complete	None
gene-F5B20DRAFT_549368	rna-gnl|WGS:JAJKKE|F5B20DRAFT_mRNA549368	PF00150.25	Partial	None
gene-F5B20DRAFT_571844	rna-gnl|WGS:JAJKKE|F5B20DRAFT_mRNA571844	PF24990.1	Complete	None
gene-F5B20DRAFT_549387	rna-gnl|WGS:JAJKKE|F5B20DRAFT_mRNA549387	PF01687.24	Partial	None
gene-F5B20DRAFT_582644	rna-gnl|WGS:JAJKKE|F5B20DRAFT_mRNA582644		None	None
gene-F5B20DRAFT_549389	rna-gnl|WGS:JAJKKE|F5B20DRAFT_mRNA549389	PF00083.31,PF07690.22	Partial	None
gene-F5B20DRAFT_571847	rna-gnl|WGS:JAJKKE|F5B20DRAFT_mRNA571847	PF00172.24,PF04082.24	Partial	None
gene-F5B20DRAFT_549396	rna-gnl|WGS:JAJKKE|F5B20DRAFT_mRNA549396	PF01636.30,PF02958.27	Partial	None
gene-F5B20DRAFT_549399	rna-gnl|WGS:JAJKKE|F5B20DRAFT_mRNA549399	PF01370.28,PF08732.17,PF13460.13	Partial	None
gene-F5B20DRAFT_571850	rna-gnl|WGS:JAJKKE|F5B20DRAFT_mRNA571850	PF07690.22,PF07690.22	Partial	None
gene-F5B20DRAFT_582650	rna-gnl|WGS:JAJKKE|F5B20DRAFT_mRNA582650		None	None
gene-F5B20DRAFT_549409	rna-gnl|WGS:JAJKKE|F5B20DRAFT_mRNA549409		None	None
gene-F5B20DRAFT_571852	rna-gnl|WGS:JAJKKE|F5B20DRAFT_mRNA571852	PF00067.28	Partial	None
gene-F5B20DRAFT_243298	rna-gnl|WGS:JAJKKE|F5B20DRAFT_mRNA243298	PF00926.25	Partial	None
gene-F5B20DRAFT_549413	rna-gnl|WGS:JAJKKE|F5B20DRAFT_mRNA549413	PF06325.20,PF08241.19,PF08242.19,PF13489.13,PF13649.13,PF13847.13	Partial	None
gene-F5B20DRAFT_243347	rna-gnl|WGS:JAJKKE|F5B20DRAFT_mRNA243347	PF02214.29	Partial	None
gene-F5B20DRAFT_549439	rna-gnl|WGS:JAJKKE|F5B20DRAFT_mRNA549439	PF01293.26	Partial	None
gene-F5B20DRAFT_549440	rna-gnl|WGS:JAJKKE|F5B20DRAFT_mRNA549440	PF00443.36,PF00929.32,PF13423.13,PF20770.3	Complete	None
gene-F5B20DRAFT_549441	rna-gnl|WGS:JAJKKE|F5B20DRAFT_mRNA549441	PF00177.28	Partial	None
gene-F5B20DRAFT_243613	rna-gnl|WGS:JAJKKE|F5B20DRAFT_mRNA243613		None	None
gene-F5B20DRAFT_549448	rna-gnl|WGS:JAJKKE|F5B20DRAFT_mRNA549448	PF00478.32,PF03060.22	Partial	None
gene-F5B20DRAFT_243686	rna-gnl|WGS:JAJKKE|F5B20DRAFT_mRNA243686	PF01494.26,PF21274.4	Complete	None
gene-F5B20DRAFT_243688	rna-gnl|WGS:JAJKKE|F5B20DRAFT_mRNA243688	PF05508.17	Partial	None
gene-F5B20DRAFT_549456	rna-gnl|WGS:JAJKKE|F5B20DRAFT_mRNA549456	PF00176.30,PF00270.36,PF00271.38	Complete	None
gene-F5B20DRAFT_571861	rna-gnl|WGS:JAJKKE|F5B20DRAFT_mRNA571861	PF14420.12	Partial	None
gene-F5B20DRAFT_571865	rna-gnl|WGS:JAJKKE|F5B20DRAFT_mRNA571865	PF00018.35,PF00790.26,PF03127.20,PF07653.24,PF14604.13	Complete	None
gene-F5B20DRAFT_244052	rna-gnl|WGS:JAJKKE|F5B20DRAFT_mRNA244052	PF10033.15	Partial	None
gene-F5B20DRAFT_244072	rna-gnl|WGS:JAJKKE|F5B20DRAFT_mRNA244072	PF06824.18	Partial	None
gene-F5B20DRAFT_549479	rna-gnl|WGS:JAJKKE|F5B20DRAFT_mRNA549479		None	None
gene-F5B20DRAFT_549487	rna-gnl|WGS:JAJKKE|F5B20DRAFT_mRNA549487	PF07971.19,PF17678.8	Partial	None
gene-F5B20DRAFT_244141	rna-gnl|WGS:JAJKKE|F5B20DRAFT_mRNA244141	PF09365.16	Partial	None
gene-F5B20DRAFT_571870	rna-gnl|WGS:JAJKKE|F5B20DRAFT_mRNA571870	PF00096.33,PF04082.24,PF31024.1	Complete	None
gene-F5B20DRAFT_592290	rna-gnl|WGS:JAJKKE|F5B20DRAFT_mRNA592290	PF12708.13,PF12708.13	Complete	None
gene-F5B20DRAFT_549503	rna-gnl|WGS:JAJKKE|F5B20DRAFT_mRNA549503	PF05721.20	Partial	None
gene-F5B20DRAFT_244806	rna-gnl|WGS:JAJKKE|F5B20DRAFT_mRNA244806		None	None
gene-F5B20DRAFT_592294	rna-gnl|WGS:JAJKKE|F5B20DRAFT_mRNA592294	PF10294.16	Partial	None
gene-F5B20DRAFT_571873	rna-gnl|WGS:JAJKKE|F5B20DRAFT_mRNA571873	PF01409.26,PF18553.8	Partial	None
gene-F5B20DRAFT_549513	rna-gnl|WGS:JAJKKE|F5B20DRAFT_mRNA549513	PF02939.22	Partial	None
gene-F5B20DRAFT_244924	rna-gnl|WGS:JAJKKE|F5B20DRAFT_mRNA244924		None	None
gene-F5B20DRAFT_244953	rna-gnl|WGS:JAJKKE|F5B20DRAFT_mRNA244953	PF07690.22	Partial	None
gene-F5B20DRAFT_245018	rna-gnl|WGS:JAJKKE|F5B20DRAFT_mRNA245018	PF00067.28	Partial	None
gene-F5B20DRAFT_582680	rna-gnl|WGS:JAJKKE|F5B20DRAFT_mRNA582680	PF00248.28	Partial	None
gene-F5B20DRAFT_582681	rna-gnl|WGS:JAJKKE|F5B20DRAFT_mRNA582681	PF01266.31,PF13450.13	Partial	None
gene-F5B20DRAFT_245074	rna-gnl|WGS:JAJKKE|F5B20DRAFT_mRNA245074		None	None
gene-F5B20DRAFT_549533	rna-gnl|WGS:JAJKKE|F5B20DRAFT_mRNA549533	PF20684.4	Partial	None
gene-F5B20DRAFT_245157	rna-gnl|WGS:JAJKKE|F5B20DRAFT_mRNA245157	PF00106.32,PF13561.13	Partial	None
gene-F5B20DRAFT_245233	rna-gnl|WGS:JAJKKE|F5B20DRAFT_mRNA245233	PF01564.24	Complete	None
gene-F5B20DRAFT_245288	rna-gnl|WGS:JAJKKE|F5B20DRAFT_mRNA245288	PF12900.14	Partial	None
gene-F5B20DRAFT_t59	gene-F5B20DRAFT_t59		None	None
gene-F5B20DRAFT_549578	rna-gnl|WGS:JAJKKE|F5B20DRAFT_mRNA549578		None	None
gene-F5B20DRAFT_571882	rna-gnl|WGS:JAJKKE|F5B20DRAFT_mRNA571882		None	None
gene-F5B20DRAFT_245377	rna-gnl|WGS:JAJKKE|F5B20DRAFT_mRNA245377		None	None
gene-F5B20DRAFT_245381	rna-gnl|WGS:JAJKKE|F5B20DRAFT_mRNA245381	PF08159.18,PF23097.2,PF23098.2	Complete	None
gene-F5B20DRAFT_582692	rna-gnl|WGS:JAJKKE|F5B20DRAFT_mRNA582692		None	None
gene-F5B20DRAFT_549593	rna-gnl|WGS:JAJKKE|F5B20DRAFT_mRNA549593	PF01494.26,PF01494.26,PF13450.13	Partial	None
gene-F5B20DRAFT_549595	rna-gnl|WGS:JAJKKE|F5B20DRAFT_mRNA549595	PF00891.25,PF08100.19	Partial	None
gene-F5B20DRAFT_245486	rna-gnl|WGS:JAJKKE|F5B20DRAFT_mRNA245486	PF00067.28	Partial	None
gene-F5B20DRAFT_245492	rna-gnl|WGS:JAJKKE|F5B20DRAFT_mRNA245492	PF00501.35,PF00550.32,PF00975.27	Complete	None
gene-F5B20DRAFT_549604	rna-gnl|WGS:JAJKKE|F5B20DRAFT_mRNA549604	PF00155.28	Partial	None
gene-F5B20DRAFT_245574	rna-gnl|WGS:JAJKKE|F5B20DRAFT_mRNA245574	PF00891.25,PF08100.19	Partial	None
gene-F5B20DRAFT_245563	rna-gnl|WGS:JAJKKE|F5B20DRAFT_mRNA245563	PF00067.28	Partial	None
gene-F5B20DRAFT_549621	rna-gnl|WGS:JAJKKE|F5B20DRAFT_mRNA549621	PF20684.4	Partial	None
gene-F5B20DRAFT_549622	rna-gnl|WGS:JAJKKE|F5B20DRAFT_mRNA549622	PF05368.20,PF13460.13	Partial	None
gene-F5B20DRAFT_245791	rna-gnl|WGS:JAJKKE|F5B20DRAFT_mRNA245791		None	None
gene-F5B20DRAFT_245803	rna-gnl|WGS:JAJKKE|F5B20DRAFT_mRNA245803	PF00023.37,PF12796.14,PF14420.12	Complete	None
gene-F5B20DRAFT_592332	rna-gnl|WGS:JAJKKE|F5B20DRAFT_mRNA592332	PF00082.28,PF09286.17	Partial	None
gene-F5B20DRAFT_245870	rna-gnl|WGS:JAJKKE|F5B20DRAFT_mRNA245870	PF02146.24,PF02146.24,PF02146.24	Complete	None
gene-F5B20DRAFT_549646	rna-gnl|WGS:JAJKKE|F5B20DRAFT_mRNA549646	PF00067.28	Partial	None
gene-F5B20DRAFT_582707	rna-gnl|WGS:JAJKKE|F5B20DRAFT_mRNA582707	PF00082.28,PF09286.17	Partial	None
gene-F5B20DRAFT_549649	rna-gnl|WGS:JAJKKE|F5B20DRAFT_mRNA549649	PF00106.32,PF13561.13	Partial	None
gene-F5B20DRAFT_571897	rna-gnl|WGS:JAJKKE|F5B20DRAFT_mRNA571897	PF00890.31,PF01494.26,PF13450.13	Partial	None
gene-F5B20DRAFT_549666	rna-gnl|WGS:JAJKKE|F5B20DRAFT_mRNA549666	PF00083.31,PF07690.22	Partial	None
gene-F5B20DRAFT_582711	rna-gnl|WGS:JAJKKE|F5B20DRAFT_mRNA582711		None	None
gene-F5B20DRAFT_549671	rna-gnl|WGS:JAJKKE|F5B20DRAFT_mRNA549671	PF00173.34	Complete	None
gene-F5B20DRAFT_582714	rna-gnl|WGS:JAJKKE|F5B20DRAFT_mRNA582714	PF01661.28	Partial	None
gene-F5B20DRAFT_246589	rna-gnl|WGS:JAJKKE|F5B20DRAFT_mRNA246589		None	None
gene-F5B20DRAFT_571900	rna-gnl|WGS:JAJKKE|F5B20DRAFT_mRNA571900	PF00248.28	Partial	None
gene-F5B20DRAFT_571901	rna-gnl|WGS:JAJKKE|F5B20DRAFT_mRNA571901	PF00172.24	Partial	None
gene-F5B20DRAFT_246736	rna-gnl|WGS:JAJKKE|F5B20DRAFT_mRNA246736	PF00083.31,PF07690.22	Partial	None
gene-F5B20DRAFT_549690	rna-gnl|WGS:JAJKKE|F5B20DRAFT_mRNA549690		None	None
gene-F5B20DRAFT_246750	rna-gnl|WGS:JAJKKE|F5B20DRAFT_mRNA246750		None	None
gene-F5B20DRAFT_592346	rna-gnl|WGS:JAJKKE|F5B20DRAFT_mRNA592346		None	None
gene-F5B20DRAFT_549696	rna-gnl|WGS:JAJKKE|F5B20DRAFT_mRNA549696	PF07690.22	Partial	None
gene-F5B20DRAFT_582723	rna-gnl|WGS:JAJKKE|F5B20DRAFT_mRNA582723	PF03928.21	Partial	None
gene-F5B20DRAFT_t60	gene-F5B20DRAFT_t60		None	None
gene-F5B20DRAFT_582724	rna-gnl|WGS:JAJKKE|F5B20DRAFT_mRNA582724	PF00072.31,PF00360.27,PF00512.32,PF01590.33,PF02518.32,PF08446.18	Complete	None
gene-F5B20DRAFT_582725	rna-gnl|WGS:JAJKKE|F5B20DRAFT_mRNA582725		None	None
gene-F5B20DRAFT_549707	rna-gnl|WGS:JAJKKE|F5B20DRAFT_mRNA549707	PF00385.31,PF01393.27	Complete	None
gene-F5B20DRAFT_549718	rna-gnl|WGS:JAJKKE|F5B20DRAFT_mRNA549718	PF28362.1	Partial	None
gene-F5B20DRAFT_549721	rna-gnl|WGS:JAJKKE|F5B20DRAFT_mRNA549721		None	None
gene-F5B20DRAFT_549726	rna-gnl|WGS:JAJKKE|F5B20DRAFT_mRNA549726	PF00248.28	Partial	None
gene-F5B20DRAFT_247008	rna-gnl|WGS:JAJKKE|F5B20DRAFT_mRNA247008	PF04616.21,PF17851.9	Partial	None
gene-F5B20DRAFT_592352	rna-gnl|WGS:JAJKKE|F5B20DRAFT_mRNA592352		None	None
gene-F5B20DRAFT_549737	rna-gnl|WGS:JAJKKE|F5B20DRAFT_mRNA549737	PF00246.30	Partial	None
gene-F5B20DRAFT_549739	rna-gnl|WGS:JAJKKE|F5B20DRAFT_mRNA549739	PF20684.4	Partial	None
gene-F5B20DRAFT_582734	rna-gnl|WGS:JAJKKE|F5B20DRAFT_mRNA582734	PF24494.2	Partial	None
gene-F5B20DRAFT_592354	rna-gnl|WGS:JAJKKE|F5B20DRAFT_mRNA592354		None	None
gene-F5B20DRAFT_247458	rna-gnl|WGS:JAJKKE|F5B20DRAFT_mRNA247458		None	None
gene-F5B20DRAFT_592355	rna-gnl|WGS:JAJKKE|F5B20DRAFT_mRNA592355	PF01294.24	Partial	None
gene-F5B20DRAFT_247511	rna-gnl|WGS:JAJKKE|F5B20DRAFT_mRNA247511		None	None
gene-F5B20DRAFT_247524	rna-gnl|WGS:JAJKKE|F5B20DRAFT_mRNA247524		None	None
gene-F5B20DRAFT_247516	rna-gnl|WGS:JAJKKE|F5B20DRAFT_mRNA247516	PF11735.14	Partial	None
gene-F5B20DRAFT_t61	gene-F5B20DRAFT_t61		None	None
gene-F5B20DRAFT_247555	rna-gnl|WGS:JAJKKE|F5B20DRAFT_mRNA247555	PF01083.29	Partial	None
gene-F5B20DRAFT_247564	rna-gnl|WGS:JAJKKE|F5B20DRAFT_mRNA247564		None	None
gene-F5B20DRAFT_592360	rna-gnl|WGS:JAJKKE|F5B20DRAFT_mRNA592360	PF00487.31	Partial	None
gene-F5B20DRAFT_549840	rna-gnl|WGS:JAJKKE|F5B20DRAFT_mRNA549840		None	None
gene-F5B20DRAFT_549841	rna-gnl|WGS:JAJKKE|F5B20DRAFT_mRNA549841	PF00890.31,PF01494.26,PF01593.31,PF13450.13	Partial	None
gene-F5B20DRAFT_247584	rna-gnl|WGS:JAJKKE|F5B20DRAFT_mRNA247584	PF07859.20,PF20434.6	Partial	None
gene-F5B20DRAFT_571916	rna-gnl|WGS:JAJKKE|F5B20DRAFT_mRNA571916	PF00083.31,PF06609.19,PF07690.22	Partial	None
gene-F5B20DRAFT_247626	rna-gnl|WGS:JAJKKE|F5B20DRAFT_mRNA247626	PF14880.12	Complete	None
gene-F5B20DRAFT_247639	rna-gnl|WGS:JAJKKE|F5B20DRAFT_mRNA247639		None	None
gene-F5B20DRAFT_582748	rna-gnl|WGS:JAJKKE|F5B20DRAFT_mRNA582748		None	None
gene-F5B20DRAFT_582749	rna-gnl|WGS:JAJKKE|F5B20DRAFT_mRNA582749		None	None
gene-F5B20DRAFT_571919	rna-gnl|WGS:JAJKKE|F5B20DRAFT_mRNA571919	PF01266.31,PF01593.31,PF13450.13	Partial	None
gene-F5B20DRAFT_549854	rna-gnl|WGS:JAJKKE|F5B20DRAFT_mRNA549854	PF00657.29,PF13472.13	Partial	None
gene-F5B20DRAFT_549857	rna-gnl|WGS:JAJKKE|F5B20DRAFT_mRNA549857	PF00793.27	Partial	None
gene-F5B20DRAFT_247732	rna-gnl|WGS:JAJKKE|F5B20DRAFT_mRNA247732		None	None
gene-F5B20DRAFT_582754	rna-gnl|WGS:JAJKKE|F5B20DRAFT_mRNA582754	PF10501.16	Complete	None
gene-F5B20DRAFT_247818	rna-gnl|WGS:JAJKKE|F5B20DRAFT_mRNA247818		None	None
gene-F5B20DRAFT_592371	rna-gnl|WGS:JAJKKE|F5B20DRAFT_mRNA592371	PF01753.25	Partial	None
gene-F5B20DRAFT_t62	gene-F5B20DRAFT_t62		None	None
gene-F5B20DRAFT_247873	rna-gnl|WGS:JAJKKE|F5B20DRAFT_mRNA247873		None	None
gene-F5B20DRAFT_549870	rna-gnl|WGS:JAJKKE|F5B20DRAFT_mRNA549870	PF04479.19	Partial	None
gene-F5B20DRAFT_247880	rna-gnl|WGS:JAJKKE|F5B20DRAFT_mRNA247880	PF00172.24	Partial	None
gene-F5B20DRAFT_549873	rna-gnl|WGS:JAJKKE|F5B20DRAFT_mRNA549873		None	None
gene-F5B20DRAFT_582760	rna-gnl|WGS:JAJKKE|F5B20DRAFT_mRNA582760		None	None
gene-F5B20DRAFT_549882	rna-gnl|WGS:JAJKKE|F5B20DRAFT_mRNA549882	PF03746.23	Partial	None
gene-F5B20DRAFT_549886	rna-gnl|WGS:JAJKKE|F5B20DRAFT_mRNA549886	PF00289.29,PF00364.29,PF02626.21,PF02682.22,PF02785.26,PF02786.23,PF07478.19	Complete	None
gene-F5B20DRAFT_248010	rna-gnl|WGS:JAJKKE|F5B20DRAFT_mRNA248010	PF00106.32,PF08659.17,PF13561.13,PF23441.1	Partial	None
gene-F5B20DRAFT_549890	rna-gnl|WGS:JAJKKE|F5B20DRAFT_mRNA549890		None	None
gene-F5B20DRAFT_592377	rna-gnl|WGS:JAJKKE|F5B20DRAFT_mRNA592377		None	None
gene-F5B20DRAFT_248328	rna-gnl|WGS:JAJKKE|F5B20DRAFT_mRNA248328	PF00520.38,PF23190.2,PF23317.2	Partial	None
gene-F5B20DRAFT_248399	rna-gnl|WGS:JAJKKE|F5B20DRAFT_mRNA248399	PF00004.36,PF22942.2	Complete	None
gene-F5B20DRAFT_248447	rna-gnl|WGS:JAJKKE|F5B20DRAFT_mRNA248447	PF11705.14	Partial	None
gene-F5B20DRAFT_549914	rna-gnl|WGS:JAJKKE|F5B20DRAFT_mRNA549914		None	None
gene-F5B20DRAFT_248510	rna-gnl|WGS:JAJKKE|F5B20DRAFT_mRNA248510	PF00172.24	Partial	None
gene-F5B20DRAFT_248552	rna-gnl|WGS:JAJKKE|F5B20DRAFT_mRNA248552		None	None
gene-F5B20DRAFT_248573	rna-gnl|WGS:JAJKKE|F5B20DRAFT_mRNA248573	PF20684.4	Partial	None
gene-F5B20DRAFT_248616	rna-gnl|WGS:JAJKKE|F5B20DRAFT_mRNA248616	PF01369.26,PF09324.16,PF12783.14,PF16213.12,PF20252.4	Complete	None
gene-F5B20DRAFT_248643	rna-gnl|WGS:JAJKKE|F5B20DRAFT_mRNA248643	PF00198.29,PF00364.29,PF02817.23	Complete	None
gene-F5B20DRAFT_592381	rna-gnl|WGS:JAJKKE|F5B20DRAFT_mRNA592381	PF10021.16	Partial	None
gene-F5B20DRAFT_582776	rna-gnl|WGS:JAJKKE|F5B20DRAFT_mRNA582776	PF07690.22	Partial	None
gene-F5B20DRAFT_248836	rna-gnl|WGS:JAJKKE|F5B20DRAFT_mRNA248836		None	None
gene-F5B20DRAFT_248856	rna-gnl|WGS:JAJKKE|F5B20DRAFT_mRNA248856	PF17667.8	Partial	None
gene-F5B20DRAFT_571938	rna-gnl|WGS:JAJKKE|F5B20DRAFT_mRNA571938	PF03171.27,PF14226.13	Complete	None
gene-F5B20DRAFT_549956	rna-gnl|WGS:JAJKKE|F5B20DRAFT_mRNA549956	PF00172.24,PF04082.24	Partial	None
gene-F5B20DRAFT_248912	rna-gnl|WGS:JAJKKE|F5B20DRAFT_mRNA248912		None	None
gene-F5B20DRAFT_549958	rna-gnl|WGS:JAJKKE|F5B20DRAFT_mRNA549958	PF00023.37,PF00023.37	Complete	None
gene-F5B20DRAFT_549960	rna-gnl|WGS:JAJKKE|F5B20DRAFT_mRNA549960	PF00023.37,PF00023.37,PF00023.37,PF00023.37,PF00023.37,PF12796.14,PF12796.14,PF13637.13,PF13637.13,PF13637.13,PF17100.12,PF22939.3,PF23239.1,PF24809.2,PF24883.3	Complete	None
gene-F5B20DRAFT_248939	rna-gnl|WGS:JAJKKE|F5B20DRAFT_mRNA248939		None	None
gene-F5B20DRAFT_248969	rna-gnl|WGS:JAJKKE|F5B20DRAFT_mRNA248969	PF00266.26	Partial	None
gene-F5B20DRAFT_582785	rna-gnl|WGS:JAJKKE|F5B20DRAFT_mRNA582785	PF22810.3	Partial	None
gene-F5B20DRAFT_249009	rna-gnl|WGS:JAJKKE|F5B20DRAFT_mRNA249009	PF00933.28,PF01915.28,PF14310.13	Complete	None
gene-F5B20DRAFT_249014	rna-gnl|WGS:JAJKKE|F5B20DRAFT_mRNA249014		None	None
gene-F5B20DRAFT_582788	rna-gnl|WGS:JAJKKE|F5B20DRAFT_mRNA582788		None	None
gene-F5B20DRAFT_582789	rna-gnl|WGS:JAJKKE|F5B20DRAFT_mRNA582789	PF00067.28	Partial	None
gene-F5B20DRAFT_582790	rna-gnl|WGS:JAJKKE|F5B20DRAFT_mRNA582790	PF00106.32,PF01370.28,PF13561.13	Partial	None
gene-F5B20DRAFT_592394	rna-gnl|WGS:JAJKKE|F5B20DRAFT_mRNA592394	PF00109.33	Partial	None
gene-F5B20DRAFT_592398	rna-gnl|WGS:JAJKKE|F5B20DRAFT_mRNA592398	PF08659.17,PF08659.17	Partial	None
gene-F5B20DRAFT_582793	rna-gnl|WGS:JAJKKE|F5B20DRAFT_mRNA582793	PF00135.35	Partial	None
gene-F5B20DRAFT_571943	rna-gnl|WGS:JAJKKE|F5B20DRAFT_mRNA571943	PF00484.25	Partial	None
gene-F5B20DRAFT_249095	rna-gnl|WGS:JAJKKE|F5B20DRAFT_mRNA249095	PF05686.19	Partial	None
gene-F5B20DRAFT_549990	rna-gnl|WGS:JAJKKE|F5B20DRAFT_mRNA549990	PF11790.15	Partial	None
gene-F5B20DRAFT_571946	rna-gnl|WGS:JAJKKE|F5B20DRAFT_mRNA571946	PF00108.30,PF02803.25	Complete	None
gene-F5B20DRAFT_249227	rna-gnl|WGS:JAJKKE|F5B20DRAFT_mRNA249227		None	None
gene-F5B20DRAFT_550000	rna-gnl|WGS:JAJKKE|F5B20DRAFT_mRNA550000		None	None
gene-F5B20DRAFT_249296	rna-gnl|WGS:JAJKKE|F5B20DRAFT_mRNA249296		None	None
gene-F5B20DRAFT_550003	rna-gnl|WGS:JAJKKE|F5B20DRAFT_mRNA550003		None	None
gene-F5B20DRAFT_249321	rna-gnl|WGS:JAJKKE|F5B20DRAFT_mRNA249321	PF00083.31,PF06609.19,PF07690.22	Partial	None
gene-F5B20DRAFT_550006	rna-gnl|WGS:JAJKKE|F5B20DRAFT_mRNA550006	PF12352.14,PF27021.1	Complete	None
gene-F5B20DRAFT_550008	rna-gnl|WGS:JAJKKE|F5B20DRAFT_mRNA550008	PF04263.22,PF04265.20	Complete	None
gene-F5B20DRAFT_249348	rna-gnl|WGS:JAJKKE|F5B20DRAFT_mRNA249348	PF06747.19	Complete	None
gene-F5B20DRAFT_249419	rna-gnl|WGS:JAJKKE|F5B20DRAFT_mRNA249419		None	None
gene-F5B20DRAFT_249409	rna-gnl|WGS:JAJKKE|F5B20DRAFT_mRNA249409	PF00083.31,PF07690.22	Partial	None
gene-F5B20DRAFT_582808	rna-gnl|WGS:JAJKKE|F5B20DRAFT_mRNA582808	PF00128.32	Partial	None
gene-F5B20DRAFT_249452	rna-gnl|WGS:JAJKKE|F5B20DRAFT_mRNA249452	PF24864.1	Partial	None
gene-F5B20DRAFT_592407	rna-gnl|WGS:JAJKKE|F5B20DRAFT_mRNA592407	PF00004.36,PF08740.17,PF25426.2	Complete	None
gene-F5B20DRAFT_571953	rna-gnl|WGS:JAJKKE|F5B20DRAFT_mRNA571953	PF12776.14	Partial	None
gene-F5B20DRAFT_550032	rna-gnl|WGS:JAJKKE|F5B20DRAFT_mRNA550032	PF00026.29	Partial	None
gene-F5B20DRAFT_550034	rna-gnl|WGS:JAJKKE|F5B20DRAFT_mRNA550034		None	None
gene-F5B20DRAFT_249719	rna-gnl|WGS:JAJKKE|F5B20DRAFT_mRNA249719	PF00501.35,PF00550.32,PF00550.32,PF00668.26,PF00668.26	Complete	None
gene-F5B20DRAFT_571956	rna-gnl|WGS:JAJKKE|F5B20DRAFT_mRNA571956	PF00326.28,PF10503.15	Partial	None
gene-F5B20DRAFT_582816	rna-gnl|WGS:JAJKKE|F5B20DRAFT_mRNA582816		None	None
gene-F5B20DRAFT_249765	rna-gnl|WGS:JAJKKE|F5B20DRAFT_mRNA249765	PF00534.27,PF13439.13,PF13524.13,PF13579.13,PF13692.13,PF20706.4	Complete	None
gene-F5B20DRAFT_571959	rna-gnl|WGS:JAJKKE|F5B20DRAFT_mRNA571959	PF00984.25,PF03720.23,PF03721.22,PF03721.22	Complete	None
gene-F5B20DRAFT_550053	rna-gnl|WGS:JAJKKE|F5B20DRAFT_mRNA550053	PF01144.30,PF01144.30	Partial	None
gene-F5B20DRAFT_550056	rna-gnl|WGS:JAJKKE|F5B20DRAFT_mRNA550056		None	None
gene-F5B20DRAFT_592424	rna-gnl|WGS:JAJKKE|F5B20DRAFT_mRNA592424	PF07690.22	Partial	None
gene-F5B20DRAFT_550061	rna-gnl|WGS:JAJKKE|F5B20DRAFT_mRNA550061		None	None
gene-F5B20DRAFT_250220	rna-gnl|WGS:JAJKKE|F5B20DRAFT_mRNA250220		None	None
gene-F5B20DRAFT_250216	rna-gnl|WGS:JAJKKE|F5B20DRAFT_mRNA250216	PF07690.22	Partial	None
gene-F5B20DRAFT_250260	rna-gnl|WGS:JAJKKE|F5B20DRAFT_mRNA250260		None	None
gene-F5B20DRAFT_582825	rna-gnl|WGS:JAJKKE|F5B20DRAFT_mRNA582825	PF00583.32,PF08445.17,PF13508.14,PF13673.14	Partial	None
gene-F5B20DRAFT_250264	rna-gnl|WGS:JAJKKE|F5B20DRAFT_mRNA250264	PF05347.22,PF13233.13,PF20263.5	Partial	None
gene-F5B20DRAFT_571969	rna-gnl|WGS:JAJKKE|F5B20DRAFT_mRNA571969	PF00023.37,PF00023.37,PF04383.20,PF13606.13,PF13637.13	Complete	None
gene-F5B20DRAFT_592428	rna-gnl|WGS:JAJKKE|F5B20DRAFT_mRNA592428	PF13092.13	Partial	None
gene-F5B20DRAFT_550074	rna-gnl|WGS:JAJKKE|F5B20DRAFT_mRNA550074	PF20150.5	Partial	None
gene-F5B20DRAFT_250357	rna-gnl|WGS:JAJKKE|F5B20DRAFT_mRNA250357	PF01363.28,PF01363.28,PF11464.14,PF31021.1	Complete	None
gene-F5B20DRAFT_550078	rna-gnl|WGS:JAJKKE|F5B20DRAFT_mRNA550078	PF13241.13,PF14823.12,PF14824.12	Complete	None
gene-F5B20DRAFT_250425	rna-gnl|WGS:JAJKKE|F5B20DRAFT_mRNA250425	PF23305.2	Complete	None
gene-F5B20DRAFT_582834	rna-gnl|WGS:JAJKKE|F5B20DRAFT_mRNA582834		None	None
gene-F5B20DRAFT_550112	rna-gnl|WGS:JAJKKE|F5B20DRAFT_mRNA550112		None	None
gene-F5B20DRAFT_550113	rna-gnl|WGS:JAJKKE|F5B20DRAFT_mRNA550113	PF02213.22	Complete	None
gene-F5B20DRAFT_250731	rna-gnl|WGS:JAJKKE|F5B20DRAFT_mRNA250731	PF20684.4	Partial	None
gene-F5B20DRAFT_550127	rna-gnl|WGS:JAJKKE|F5B20DRAFT_mRNA550127	PF00501.35,PF00550.32,PF01370.28,PF07993.19,PF23562.3	Complete	None
gene-F5B20DRAFT_550141	rna-gnl|WGS:JAJKKE|F5B20DRAFT_mRNA550141	PF00023.37,PF12796.14,PF12796.14,PF13606.13	Complete	None
gene-F5B20DRAFT_571976	rna-gnl|WGS:JAJKKE|F5B20DRAFT_mRNA571976	PF00916.27,PF01740.27	Complete	None
gene-F5B20DRAFT_250891	rna-gnl|WGS:JAJKKE|F5B20DRAFT_mRNA250891		None	None
gene-F5B20DRAFT_550151	rna-gnl|WGS:JAJKKE|F5B20DRAFT_mRNA550151	PF00083.31,PF07690.22	Partial	None
gene-F5B20DRAFT_250994	rna-gnl|WGS:JAJKKE|F5B20DRAFT_mRNA250994	PF00122.26,PF00689.27,PF00690.32,PF00702.33,PF13246.13	Complete	None
gene-F5B20DRAFT_550158	rna-gnl|WGS:JAJKKE|F5B20DRAFT_mRNA550158		None	None
gene-F5B20DRAFT_592442	rna-gnl|WGS:JAJKKE|F5B20DRAFT_mRNA592442		None	None
gene-F5B20DRAFT_550160	rna-gnl|WGS:JAJKKE|F5B20DRAFT_mRNA550160		None	None
gene-F5B20DRAFT_550161	rna-gnl|WGS:JAJKKE|F5B20DRAFT_mRNA550161		None	None
gene-F5B20DRAFT_582846	rna-gnl|WGS:JAJKKE|F5B20DRAFT_mRNA582846	PF20684.4	Partial	None
gene-F5B20DRAFT_582847	rna-gnl|WGS:JAJKKE|F5B20DRAFT_mRNA582847	PF00561.27,PF08386.17	Complete	None
gene-F5B20DRAFT_251093	rna-gnl|WGS:JAJKKE|F5B20DRAFT_mRNA251093	PF07690.22	Partial	None
gene-F5B20DRAFT_571982	rna-gnl|WGS:JAJKKE|F5B20DRAFT_mRNA571982	PF00023.37,PF00069.32,PF07714.24,PF12796.14,PF12796.14	Complete	None
gene-F5B20DRAFT_251250	rna-gnl|WGS:JAJKKE|F5B20DRAFT_mRNA251250	PF01083.29,PF08237.18	Partial	None
gene-F5B20DRAFT_571984	rna-gnl|WGS:JAJKKE|F5B20DRAFT_mRNA571984	PF00083.31,PF01979.27,PF07690.22,PF07969.18	Partial	None
gene-F5B20DRAFT_550222	rna-gnl|WGS:JAJKKE|F5B20DRAFT_mRNA550222		None	None
gene-F5B20DRAFT_251974	rna-gnl|WGS:JAJKKE|F5B20DRAFT_mRNA251974	PF10058.15,PF31016.1	Complete	None
gene-F5B20DRAFT_582856	rna-gnl|WGS:JAJKKE|F5B20DRAFT_mRNA582856		None	None
gene-F5B20DRAFT_252028	rna-gnl|WGS:JAJKKE|F5B20DRAFT_mRNA252028	PF01083.29	Partial	None
gene-F5B20DRAFT_252015	rna-gnl|WGS:JAJKKE|F5B20DRAFT_mRNA252015	PF03992.23	Partial	None
gene-F5B20DRAFT_550234	rna-gnl|WGS:JAJKKE|F5B20DRAFT_mRNA550234	PF05141.18	Partial	None
gene-F5B20DRAFT_550235	rna-gnl|WGS:JAJKKE|F5B20DRAFT_mRNA550235	PF00172.24,PF00172.24,PF06985.18	Complete	None
gene-F5B20DRAFT_550242	rna-gnl|WGS:JAJKKE|F5B20DRAFT_mRNA550242	PF00067.28	Partial	None
gene-F5B20DRAFT_550243	rna-gnl|WGS:JAJKKE|F5B20DRAFT_mRNA550243	PF07690.22	Partial	None
gene-F5B20DRAFT_252168	rna-gnl|WGS:JAJKKE|F5B20DRAFT_mRNA252168	PF00291.32,PF01546.34,PF07687.20	Complete	None
gene-F5B20DRAFT_252162	rna-gnl|WGS:JAJKKE|F5B20DRAFT_mRNA252162		None	None
gene-F5B20DRAFT_t63	gene-F5B20DRAFT_t63		None	None
gene-F5B20DRAFT_550280	rna-gnl|WGS:JAJKKE|F5B20DRAFT_mRNA550280	PF11790.15	Partial	None
gene-F5B20DRAFT_252328	rna-gnl|WGS:JAJKKE|F5B20DRAFT_mRNA252328	PF00042.29,PF00175.27	Complete	None
gene-F5B20DRAFT_550285	rna-gnl|WGS:JAJKKE|F5B20DRAFT_mRNA550285	PF00856.34	Partial	None
gene-F5B20DRAFT_550287	rna-gnl|WGS:JAJKKE|F5B20DRAFT_mRNA550287	PF06985.18	Partial	None
gene-F5B20DRAFT_252354	rna-gnl|WGS:JAJKKE|F5B20DRAFT_mRNA252354	PF02668.23	Partial	None
gene-F5B20DRAFT_592488	rna-gnl|WGS:JAJKKE|F5B20DRAFT_mRNA592488	PF07690.22	Partial	None
gene-F5B20DRAFT_572000	rna-gnl|WGS:JAJKKE|F5B20DRAFT_mRNA572000	PF11913.14	Partial	None
gene-F5B20DRAFT_550295	rna-gnl|WGS:JAJKKE|F5B20DRAFT_mRNA550295		None	None
gene-F5B20DRAFT_550297	rna-gnl|WGS:JAJKKE|F5B20DRAFT_mRNA550297	PF00179.32	Partial	None
gene-F5B20DRAFT_252382	rna-gnl|WGS:JAJKKE|F5B20DRAFT_mRNA252382	PF03547.24	Partial	None
gene-F5B20DRAFT_252387	rna-gnl|WGS:JAJKKE|F5B20DRAFT_mRNA252387		None	None
gene-F5B20DRAFT_550303	rna-gnl|WGS:JAJKKE|F5B20DRAFT_mRNA550303	PF00069.32	Partial	None
gene-F5B20DRAFT_550308	rna-gnl|WGS:JAJKKE|F5B20DRAFT_mRNA550308		None	None
gene-F5B20DRAFT_550310	rna-gnl|WGS:JAJKKE|F5B20DRAFT_mRNA550310		None	None
gene-F5B20DRAFT_572006	rna-gnl|WGS:JAJKKE|F5B20DRAFT_mRNA572006		None	None
gene-F5B20DRAFT_582878	rna-gnl|WGS:JAJKKE|F5B20DRAFT_mRNA582878		None	None
gene-F5B20DRAFT_252449	rna-gnl|WGS:JAJKKE|F5B20DRAFT_mRNA252449	PF00172.24,PF04082.24	Partial	None
gene-F5B20DRAFT_252466	rna-gnl|WGS:JAJKKE|F5B20DRAFT_mRNA252466	PF10104.15	Complete	None
gene-F5B20DRAFT_550344	rna-gnl|WGS:JAJKKE|F5B20DRAFT_mRNA550344	PF08711.17	Complete	None
gene-F5B20DRAFT_252571	rna-gnl|WGS:JAJKKE|F5B20DRAFT_mRNA252571	PF00069.32,PF00069.32,PF07714.24	Partial	None
gene-F5B20DRAFT_550354	rna-gnl|WGS:JAJKKE|F5B20DRAFT_mRNA550354	PF00557.30	Partial	None
gene-F5B20DRAFT_252721	rna-gnl|WGS:JAJKKE|F5B20DRAFT_mRNA252721	PF00023.37,PF06985.18,PF12796.14,PF13606.13	Complete	None
gene-F5B20DRAFT_550365	rna-gnl|WGS:JAJKKE|F5B20DRAFT_mRNA550365		None	None
gene-F5B20DRAFT_252786	rna-gnl|WGS:JAJKKE|F5B20DRAFT_mRNA252786	PF00023.37,PF17100.12,PF24883.3	Complete	None
gene-F5B20DRAFT_252816	rna-gnl|WGS:JAJKKE|F5B20DRAFT_mRNA252816		None	None
gene-F5B20DRAFT_550371	rna-gnl|WGS:JAJKKE|F5B20DRAFT_mRNA550371	PF00226.37,PF16717.11,PF21884.3,PF26185.1	Complete	None
gene-F5B20DRAFT_252846	rna-gnl|WGS:JAJKKE|F5B20DRAFT_mRNA252846		None	None
gene-F5B20DRAFT_252850	rna-gnl|WGS:JAJKKE|F5B20DRAFT_mRNA252850	PF00076.29,PF21369.4	Complete	None
gene-F5B20DRAFT_592502	rna-gnl|WGS:JAJKKE|F5B20DRAFT_mRNA592502	PF00083.31,PF07690.22	Partial	None
gene-F5B20DRAFT_582890	rna-gnl|WGS:JAJKKE|F5B20DRAFT_mRNA582890		None	None
gene-F5B20DRAFT_550379	rna-gnl|WGS:JAJKKE|F5B20DRAFT_mRNA550379	PF00703.28,PF17753.8,PF17786.8,PF22666.3	Complete	None
gene-F5B20DRAFT_592508	rna-gnl|WGS:JAJKKE|F5B20DRAFT_mRNA592508		None	None
gene-F5B20DRAFT_592509	rna-gnl|WGS:JAJKKE|F5B20DRAFT_mRNA592509		None	None
gene-F5B20DRAFT_592511	rna-gnl|WGS:JAJKKE|F5B20DRAFT_mRNA592511		None	None
gene-F5B20DRAFT_252939	rna-gnl|WGS:JAJKKE|F5B20DRAFT_mRNA252939	PF00172.24,PF04082.24	Partial	None
gene-F5B20DRAFT_252956	rna-gnl|WGS:JAJKKE|F5B20DRAFT_mRNA252956	PF07287.18,PF14330.12	Complete	None
gene-F5B20DRAFT_550388	rna-gnl|WGS:JAJKKE|F5B20DRAFT_mRNA550388	PF00083.31,PF07690.22	Partial	None
gene-F5B20DRAFT_550393	rna-gnl|WGS:JAJKKE|F5B20DRAFT_mRNA550393	PF00097.32,PF00642.31	Complete	None
gene-F5B20DRAFT_592512	rna-gnl|WGS:JAJKKE|F5B20DRAFT_mRNA592512	PF00169.36,PF12814.14	Complete	None
gene-F5B20DRAFT_592514	rna-gnl|WGS:JAJKKE|F5B20DRAFT_mRNA592514	PF17784.8	Partial	None
gene-F5B20DRAFT_592516	rna-gnl|WGS:JAJKKE|F5B20DRAFT_mRNA592516	PF05935.18,PF14269.13	Partial	None
gene-F5B20DRAFT_592519	rna-gnl|WGS:JAJKKE|F5B20DRAFT_mRNA592519	PF07690.22	Partial	None
gene-F5B20DRAFT_572028	rna-gnl|WGS:JAJKKE|F5B20DRAFT_mRNA572028		None	None
gene-F5B20DRAFT_572029	rna-gnl|WGS:JAJKKE|F5B20DRAFT_mRNA572029		None	None
gene-F5B20DRAFT_550415	rna-gnl|WGS:JAJKKE|F5B20DRAFT_mRNA550415	PF12311.14	Partial	None
gene-F5B20DRAFT_253243	rna-gnl|WGS:JAJKKE|F5B20DRAFT_mRNA253243	PF22847.4	Partial	None
gene-F5B20DRAFT_550418	rna-gnl|WGS:JAJKKE|F5B20DRAFT_mRNA550418	PF00106.32,PF00106.32,PF08659.17,PF13561.13	Partial	None
gene-F5B20DRAFT_550420	rna-gnl|WGS:JAJKKE|F5B20DRAFT_mRNA550420	PF01370.28,PF05368.20,PF13460.13	Partial	None
gene-F5B20DRAFT_253266	rna-gnl|WGS:JAJKKE|F5B20DRAFT_mRNA253266	PF00389.37,PF02826.26	Partial	None
gene-F5B20DRAFT_550423	rna-gnl|WGS:JAJKKE|F5B20DRAFT_mRNA550423		None	None
gene-F5B20DRAFT_550426	rna-gnl|WGS:JAJKKE|F5B20DRAFT_mRNA550426		None	None
gene-F5B20DRAFT_253301	rna-gnl|WGS:JAJKKE|F5B20DRAFT_mRNA253301	PF20684.4	Partial	None
gene-F5B20DRAFT_253313	rna-gnl|WGS:JAJKKE|F5B20DRAFT_mRNA253313	PF01494.26	Partial	None
gene-F5B20DRAFT_592526	rna-gnl|WGS:JAJKKE|F5B20DRAFT_mRNA592526		None	None
gene-F5B20DRAFT_582915	rna-gnl|WGS:JAJKKE|F5B20DRAFT_mRNA582915	PF04616.21,PF04616.21	Partial	None
gene-F5B20DRAFT_572037	rna-gnl|WGS:JAJKKE|F5B20DRAFT_mRNA572037	PF00083.31,PF07690.22	Partial	None
gene-F5B20DRAFT_253334	rna-gnl|WGS:JAJKKE|F5B20DRAFT_mRNA253334		None	None
gene-F5B20DRAFT_572038	rna-gnl|WGS:JAJKKE|F5B20DRAFT_mRNA572038	PF00400.39,PF00400.39,PF22939.3,PF24883.3	Complete	None
gene-F5B20DRAFT_550446	rna-gnl|WGS:JAJKKE|F5B20DRAFT_mRNA550446	PF03881.21	Partial	None
gene-F5B20DRAFT_550449	rna-gnl|WGS:JAJKKE|F5B20DRAFT_mRNA550449		None	None
gene-F5B20DRAFT_253436	rna-gnl|WGS:JAJKKE|F5B20DRAFT_mRNA253436	PF01764.32	Complete	None
gene-F5B20DRAFT_550455	rna-gnl|WGS:JAJKKE|F5B20DRAFT_mRNA550455	PF00583.32,PF13508.14,PF13673.14	Partial	None
gene-F5B20DRAFT_550458	rna-gnl|WGS:JAJKKE|F5B20DRAFT_mRNA550458		None	None
gene-F5B20DRAFT_592563	rna-gnl|WGS:JAJKKE|F5B20DRAFT_mRNA592563	PF00326.28,PF06500.18	Partial	None
gene-F5B20DRAFT_253479	rna-gnl|WGS:JAJKKE|F5B20DRAFT_mRNA253479	PF00106.32,PF01370.28,PF08659.17,PF13561.13	Partial	None
gene-F5B20DRAFT_550464	rna-gnl|WGS:JAJKKE|F5B20DRAFT_mRNA550464	PF00107.33,PF08240.18	Partial	None
gene-F5B20DRAFT_550467	rna-gnl|WGS:JAJKKE|F5B20DRAFT_mRNA550467	PF05729.19,PF24883.3,PF25053.1	Complete	None
gene-F5B20DRAFT_572046	rna-gnl|WGS:JAJKKE|F5B20DRAFT_mRNA572046	PF00248.28	Partial	None
gene-F5B20DRAFT_253512	rna-gnl|WGS:JAJKKE|F5B20DRAFT_mRNA253512	PF05739.27,PF11416.14	Complete	None
gene-F5B20DRAFT_572048	rna-gnl|WGS:JAJKKE|F5B20DRAFT_mRNA572048		None	None
gene-F5B20DRAFT_582931	rna-gnl|WGS:JAJKKE|F5B20DRAFT_mRNA582931		None	None
gene-F5B20DRAFT_550495	rna-gnl|WGS:JAJKKE|F5B20DRAFT_mRNA550495	PF05729.19,PF13191.13,PF24883.3	Complete	None
gene-F5B20DRAFT_550496	rna-gnl|WGS:JAJKKE|F5B20DRAFT_mRNA550496	PF00069.32,PF00069.32,PF07714.24	Complete	None
gene-F5B20DRAFT_253792	rna-gnl|WGS:JAJKKE|F5B20DRAFT_mRNA253792	PF00324.28,PF13520.13	Partial	None
gene-F5B20DRAFT_550499	rna-gnl|WGS:JAJKKE|F5B20DRAFT_mRNA550499		None	None
gene-F5B20DRAFT_253831	rna-gnl|WGS:JAJKKE|F5B20DRAFT_mRNA253831		None	None
gene-F5B20DRAFT_550508	rna-gnl|WGS:JAJKKE|F5B20DRAFT_mRNA550508	PF07690.22	Partial	None
gene-F5B20DRAFT_550509	rna-gnl|WGS:JAJKKE|F5B20DRAFT_mRNA550509	PF00702.33	Partial	None
gene-F5B20DRAFT_592577	rna-gnl|WGS:JAJKKE|F5B20DRAFT_mRNA592577	PF07950.17,PF07950.17	Complete	None
gene-F5B20DRAFT_582939	rna-gnl|WGS:JAJKKE|F5B20DRAFT_mRNA582939	PF12171.15	Partial	None
gene-F5B20DRAFT_550518	rna-gnl|WGS:JAJKKE|F5B20DRAFT_mRNA550518		None	None
gene-F5B20DRAFT_550520	rna-gnl|WGS:JAJKKE|F5B20DRAFT_mRNA550520	PF06985.18	Partial	None
gene-F5B20DRAFT_550521	rna-gnl|WGS:JAJKKE|F5B20DRAFT_mRNA550521	PF06966.18	Partial	None
gene-F5B20DRAFT_550522	rna-gnl|WGS:JAJKKE|F5B20DRAFT_mRNA550522	PF00144.30,PF26335.1	Complete	None
gene-F5B20DRAFT_592581	rna-gnl|WGS:JAJKKE|F5B20DRAFT_mRNA592581		None	None
gene-F5B20DRAFT_550526	rna-gnl|WGS:JAJKKE|F5B20DRAFT_mRNA550526	PF00083.31,PF07690.22	Partial	None
gene-F5B20DRAFT_254033	rna-gnl|WGS:JAJKKE|F5B20DRAFT_mRNA254033	PF09429.16	Partial	None
gene-F5B20DRAFT_254037	rna-gnl|WGS:JAJKKE|F5B20DRAFT_mRNA254037	PF00069.32,PF00069.32,PF00433.30,PF07714.24,PF07714.24	Complete	None
gene-F5B20DRAFT_592583	rna-gnl|WGS:JAJKKE|F5B20DRAFT_mRNA592583		None	None
gene-F5B20DRAFT_254082	rna-gnl|WGS:JAJKKE|F5B20DRAFT_mRNA254082	PF01822.25	Partial	None
gene-F5B20DRAFT_592585	rna-gnl|WGS:JAJKKE|F5B20DRAFT_mRNA592585	PF00320.34,PF08550.16	Complete	None
gene-F5B20DRAFT_550541	rna-gnl|WGS:JAJKKE|F5B20DRAFT_mRNA550541	PF04758.20	Partial	None
gene-F5B20DRAFT_254223	rna-gnl|WGS:JAJKKE|F5B20DRAFT_mRNA254223	PF13883.14	Partial	None
gene-F5B20DRAFT_550545	rna-gnl|WGS:JAJKKE|F5B20DRAFT_mRNA550545	PF00561.27,PF12146.16,PF12697.14	Partial	None
gene-F5B20DRAFT_582953	rna-gnl|WGS:JAJKKE|F5B20DRAFT_mRNA582953		None	None
gene-F5B20DRAFT_592594	rna-gnl|WGS:JAJKKE|F5B20DRAFT_mRNA592594		None	None
gene-F5B20DRAFT_582955	rna-gnl|WGS:JAJKKE|F5B20DRAFT_mRNA582955		None	None
gene-F5B20DRAFT_550554	rna-gnl|WGS:JAJKKE|F5B20DRAFT_mRNA550554	PF01494.26	Partial	None
gene-F5B20DRAFT_582957	rna-gnl|WGS:JAJKKE|F5B20DRAFT_mRNA582957	PF08241.19,PF08242.19,PF13489.13,PF13649.13,PF13847.13	Partial	None
gene-F5B20DRAFT_254388	rna-gnl|WGS:JAJKKE|F5B20DRAFT_mRNA254388	PF00226.37,PF28755.1	Complete	None
gene-F5B20DRAFT_550561	rna-gnl|WGS:JAJKKE|F5B20DRAFT_mRNA550561	PF00083.31,PF07690.22	Partial	None
gene-F5B20DRAFT_592600	rna-gnl|WGS:JAJKKE|F5B20DRAFT_mRNA592600	PF00172.24,PF04082.24	Partial	None
gene-F5B20DRAFT_572067	rna-gnl|WGS:JAJKKE|F5B20DRAFT_mRNA572067	PF08240.18	Partial	None
gene-F5B20DRAFT_550573	rna-gnl|WGS:JAJKKE|F5B20DRAFT_mRNA550573	PF00106.32,PF00109.33,PF00501.35,PF00550.32,PF00550.32,PF00668.26,PF00698.27,PF01209.25,PF01370.28,PF02801.29,PF07993.19,PF08241.19,PF08242.19,PF08659.17,PF13193.13,PF13489.13,PF13649.13,PF13847.13,PF14765.13,PF16197.12,PF21089.4,PF22621.3,PF23114.1	Complete	None
gene-F5B20DRAFT_550578	rna-gnl|WGS:JAJKKE|F5B20DRAFT_mRNA550578	PF00070.34,PF07992.21,PF13434.13	Complete	None
gene-F5B20DRAFT_550581	rna-gnl|WGS:JAJKKE|F5B20DRAFT_mRNA550581	PF00891.25	Partial	None
gene-F5B20DRAFT_550588	rna-gnl|WGS:JAJKKE|F5B20DRAFT_mRNA550588	PF00106.32,PF08659.17,PF13561.13	Partial	None
gene-F5B20DRAFT_572071	rna-gnl|WGS:JAJKKE|F5B20DRAFT_mRNA572071	PF00083.31,PF07690.22	Partial	None
gene-F5B20DRAFT_550593	rna-gnl|WGS:JAJKKE|F5B20DRAFT_mRNA550593	PF00172.24,PF04082.24	Partial	None
gene-F5B20DRAFT_592608	rna-gnl|WGS:JAJKKE|F5B20DRAFT_mRNA592608	PF00067.28	Partial	None
gene-F5B20DRAFT_572074	rna-gnl|WGS:JAJKKE|F5B20DRAFT_mRNA572074	PF00067.28	Partial	None
gene-F5B20DRAFT_550601	rna-gnl|WGS:JAJKKE|F5B20DRAFT_mRNA550601	PF07249.19	Partial	None
gene-F5B20DRAFT_254746	rna-gnl|WGS:JAJKKE|F5B20DRAFT_mRNA254746	PF26916.1	Complete	None
gene-F5B20DRAFT_550606	rna-gnl|WGS:JAJKKE|F5B20DRAFT_mRNA550606	PF04478.18	Partial	None
gene-F5B20DRAFT_582972	rna-gnl|WGS:JAJKKE|F5B20DRAFT_mRNA582972	PF27672.1	Partial	None
gene-F5B20DRAFT_572076	rna-gnl|WGS:JAJKKE|F5B20DRAFT_mRNA572076	PF00069.32,PF00069.32,PF07714.24	Partial	None
gene-F5B20DRAFT_550612	rna-gnl|WGS:JAJKKE|F5B20DRAFT_mRNA550612	PF00023.37,PF00651.38,PF00651.38,PF12796.14,PF13637.13,PF13857.13	Complete	None
gene-F5B20DRAFT_592614	rna-gnl|WGS:JAJKKE|F5B20DRAFT_mRNA592614		None	None
gene-F5B20DRAFT_572078	rna-gnl|WGS:JAJKKE|F5B20DRAFT_mRNA572078	PF13520.13	Partial	None
gene-F5B20DRAFT_550616	rna-gnl|WGS:JAJKKE|F5B20DRAFT_mRNA550616	PF01259.25	Partial	None
gene-F5B20DRAFT_254914	rna-gnl|WGS:JAJKKE|F5B20DRAFT_mRNA254914		None	None
gene-F5B20DRAFT_254932	rna-gnl|WGS:JAJKKE|F5B20DRAFT_mRNA254932		None	None
gene-F5B20DRAFT_550622	rna-gnl|WGS:JAJKKE|F5B20DRAFT_mRNA550622	PF11915.14	Complete	None
gene-F5B20DRAFT_255002	rna-gnl|WGS:JAJKKE|F5B20DRAFT_mRNA255002		None	None
gene-F5B20DRAFT_592625	rna-gnl|WGS:JAJKKE|F5B20DRAFT_mRNA592625		None	None
gene-F5B20DRAFT_550634	rna-gnl|WGS:JAJKKE|F5B20DRAFT_mRNA550634	PF02630.22	Partial	None
gene-F5B20DRAFT_550636	rna-gnl|WGS:JAJKKE|F5B20DRAFT_mRNA550636	PF13242.13,PF13344.13	Complete	None
gene-F5B20DRAFT_550639	rna-gnl|WGS:JAJKKE|F5B20DRAFT_mRNA550639	PF01633.27,PF04428.20	Complete	None
gene-F5B20DRAFT_255216	rna-gnl|WGS:JAJKKE|F5B20DRAFT_mRNA255216		None	None
gene-F5B20DRAFT_582987	rna-gnl|WGS:JAJKKE|F5B20DRAFT_mRNA582987	PF00175.27,PF00970.31	Partial	None
gene-F5B20DRAFT_550643	rna-gnl|WGS:JAJKKE|F5B20DRAFT_mRNA550643		None	None
gene-F5B20DRAFT_550647	rna-gnl|WGS:JAJKKE|F5B20DRAFT_mRNA550647	PF00579.32	Partial	None
gene-F5B20DRAFT_592645	rna-gnl|WGS:JAJKKE|F5B20DRAFT_mRNA592645	PF00856.34	Partial	None
gene-F5B20DRAFT_582990	rna-gnl|WGS:JAJKKE|F5B20DRAFT_mRNA582990	PF00583.32,PF13508.14,PF13673.14	Partial	None
gene-F5B20DRAFT_572089	rna-gnl|WGS:JAJKKE|F5B20DRAFT_mRNA572089	PF00254.35	Partial	None
gene-F5B20DRAFT_255431	rna-gnl|WGS:JAJKKE|F5B20DRAFT_mRNA255431	PF02386.23	Partial	None
gene-F5B20DRAFT_255570	rna-gnl|WGS:JAJKKE|F5B20DRAFT_mRNA255570	PF00817.26,PF11799.14	Complete	None
gene-F5B20DRAFT_550669	rna-gnl|WGS:JAJKKE|F5B20DRAFT_mRNA550669	PF02755.21,PF02755.21	Complete	None
gene-F5B20DRAFT_255613	rna-gnl|WGS:JAJKKE|F5B20DRAFT_mRNA255613	PF06964.19,PF22848.3	Complete	None
gene-F5B20DRAFT_550675	rna-gnl|WGS:JAJKKE|F5B20DRAFT_mRNA550675	PF07859.20,PF20434.6	Partial	None
gene-F5B20DRAFT_550676	rna-gnl|WGS:JAJKKE|F5B20DRAFT_mRNA550676	PF01042.27	Partial	None
gene-F5B20DRAFT_582999	rna-gnl|WGS:JAJKKE|F5B20DRAFT_mRNA582999	PF07690.22	Partial	None
gene-F5B20DRAFT_255776	rna-gnl|WGS:JAJKKE|F5B20DRAFT_mRNA255776	PF01237.24	Partial	None
gene-F5B20DRAFT_255894	rna-gnl|WGS:JAJKKE|F5B20DRAFT_mRNA255894	PF07534.23	Complete	None
gene-F5B20DRAFT_583002	rna-gnl|WGS:JAJKKE|F5B20DRAFT_mRNA583002	PF04588.19	Partial	None
gene-F5B20DRAFT_550695	rna-gnl|WGS:JAJKKE|F5B20DRAFT_mRNA550695	PF00291.32,PF00585.25,PF00585.25	Complete	None
gene-F5B20DRAFT_583004	rna-gnl|WGS:JAJKKE|F5B20DRAFT_mRNA583004	PF00444.24	Complete	None
gene-F5B20DRAFT_583005	rna-gnl|WGS:JAJKKE|F5B20DRAFT_mRNA583005	PF05347.22,PF13233.13	Partial	None
gene-F5B20DRAFT_583006	rna-gnl|WGS:JAJKKE|F5B20DRAFT_mRNA583006	PF00583.32,PF04749.23,PF13508.14	Complete	None
gene-F5B20DRAFT_255957	rna-gnl|WGS:JAJKKE|F5B20DRAFT_mRNA255957		None	None
gene-F5B20DRAFT_t65	gene-F5B20DRAFT_t65		None	None
gene-F5B20DRAFT_t64	gene-F5B20DRAFT_t64		None	None
gene-F5B20DRAFT_583008	rna-gnl|WGS:JAJKKE|F5B20DRAFT_mRNA583008	PF24864.1	Partial	None
gene-F5B20DRAFT_255969	rna-gnl|WGS:JAJKKE|F5B20DRAFT_mRNA255969	PF00498.32,PF16508.12	Complete	None
gene-F5B20DRAFT_550708	rna-gnl|WGS:JAJKKE|F5B20DRAFT_mRNA550708	PF00173.34	Complete	None
gene-F5B20DRAFT_583011	rna-gnl|WGS:JAJKKE|F5B20DRAFT_mRNA583011	PF27815.2	Complete	None
gene-F5B20DRAFT_256225	rna-gnl|WGS:JAJKKE|F5B20DRAFT_mRNA256225	PF00226.37,PF14308.12	Partial	None
gene-F5B20DRAFT_256199	rna-gnl|WGS:JAJKKE|F5B20DRAFT_mRNA256199	PF01370.28,PF04321.24	Partial	None
gene-F5B20DRAFT_256173	rna-gnl|WGS:JAJKKE|F5B20DRAFT_mRNA256173		None	None
gene-F5B20DRAFT_256294	rna-gnl|WGS:JAJKKE|F5B20DRAFT_mRNA256294	PF00494.25	Partial	None
gene-F5B20DRAFT_256342	rna-gnl|WGS:JAJKKE|F5B20DRAFT_mRNA256342	PF00082.28	Partial	None
gene-F5B20DRAFT_572102	rna-gnl|WGS:JAJKKE|F5B20DRAFT_mRNA572102		None	None
gene-F5B20DRAFT_550733	rna-gnl|WGS:JAJKKE|F5B20DRAFT_mRNA550733	PF05007.20,PF06728.20,PF09594.17	Partial	None
gene-F5B20DRAFT_572104	rna-gnl|WGS:JAJKKE|F5B20DRAFT_mRNA572104	PF01997.22	Partial	None
gene-F5B20DRAFT_572105	rna-gnl|WGS:JAJKKE|F5B20DRAFT_mRNA572105	PF00135.35,PF07859.20,PF20434.6	Partial	None
gene-F5B20DRAFT_256497	rna-gnl|WGS:JAJKKE|F5B20DRAFT_mRNA256497	PF00172.24	Partial	None
gene-F5B20DRAFT_592674	rna-gnl|WGS:JAJKKE|F5B20DRAFT_mRNA592674		None	None
gene-F5B20DRAFT_550755	rna-gnl|WGS:JAJKKE|F5B20DRAFT_mRNA550755	PF01184.25	Partial	None
gene-F5B20DRAFT_256708	rna-gnl|WGS:JAJKKE|F5B20DRAFT_mRNA256708	PF00004.36,PF22942.2,PF23232.2	Complete	None
gene-F5B20DRAFT_572108	rna-gnl|WGS:JAJKKE|F5B20DRAFT_mRNA572108	PF00450.29	Partial	None
gene-F5B20DRAFT_583026	rna-gnl|WGS:JAJKKE|F5B20DRAFT_mRNA583026	PF02225.28,PF04253.21,PF04389.23	Complete	None
gene-F5B20DRAFT_256834	rna-gnl|WGS:JAJKKE|F5B20DRAFT_mRNA256834	PF00083.31,PF07690.22	Partial	None
gene-F5B20DRAFT_550797	rna-gnl|WGS:JAJKKE|F5B20DRAFT_mRNA550797	PF00478.32,PF00571.34,PF00571.34,PF01070.25	Complete	None
gene-F5B20DRAFT_256975	rna-gnl|WGS:JAJKKE|F5B20DRAFT_mRNA256975	PF00307.37,PF00612.34,PF00612.34,PF00616.25,PF03836.22,PF29130.1	Complete	None
gene-F5B20DRAFT_256963	rna-gnl|WGS:JAJKKE|F5B20DRAFT_mRNA256963	PF08240.18,PF13602.13	Partial	None
gene-F5B20DRAFT_256972	rna-gnl|WGS:JAJKKE|F5B20DRAFT_mRNA256972		None	None
gene-F5B20DRAFT_583032	rna-gnl|WGS:JAJKKE|F5B20DRAFT_mRNA583032		None	None
gene-F5B20DRAFT_550812	rna-gnl|WGS:JAJKKE|F5B20DRAFT_mRNA550812		None	None
gene-F5B20DRAFT_572113	rna-gnl|WGS:JAJKKE|F5B20DRAFT_mRNA572113	PF00134.29,PF02984.25	Complete	None
gene-F5B20DRAFT_550819	rna-gnl|WGS:JAJKKE|F5B20DRAFT_mRNA550819	PF01822.25	Complete	None
gene-F5B20DRAFT_550820	rna-gnl|WGS:JAJKKE|F5B20DRAFT_mRNA550820	PF00333.27,PF03719.22	Complete	None
gene-F5B20DRAFT_257189	rna-gnl|WGS:JAJKKE|F5B20DRAFT_mRNA257189	PF00581.26	Complete	None
gene-F5B20DRAFT_550824	rna-gnl|WGS:JAJKKE|F5B20DRAFT_mRNA550824	PF12678.14,PF12861.14,PF13445.13,PF13639.13	Partial	None
gene-F5B20DRAFT_550826	rna-gnl|WGS:JAJKKE|F5B20DRAFT_mRNA550826		None	None
gene-F5B20DRAFT_257263	rna-gnl|WGS:JAJKKE|F5B20DRAFT_mRNA257263	PF00804.32,PF05739.27	Complete	None
gene-F5B20DRAFT_572116	rna-gnl|WGS:JAJKKE|F5B20DRAFT_mRNA572116	PF01875.24	Partial	None
gene-F5B20DRAFT_257327	rna-gnl|WGS:JAJKKE|F5B20DRAFT_mRNA257327	PF00023.37	Complete	None
gene-F5B20DRAFT_257419	rna-gnl|WGS:JAJKKE|F5B20DRAFT_mRNA257419	PF02636.24	Partial	None
gene-F5B20DRAFT_257427	rna-gnl|WGS:JAJKKE|F5B20DRAFT_mRNA257427	PF00291.32	Partial	None
gene-F5B20DRAFT_257426	rna-gnl|WGS:JAJKKE|F5B20DRAFT_mRNA257426	PF01096.24,PF07500.20,PF08711.17	Complete	None
gene-F5B20DRAFT_572120	rna-gnl|WGS:JAJKKE|F5B20DRAFT_mRNA572120	PF06609.19,PF07690.22	Partial	None
gene-F5B20DRAFT_583047	rna-gnl|WGS:JAJKKE|F5B20DRAFT_mRNA583047	PF13279.13	Partial	None
gene-F5B20DRAFT_550861	rna-gnl|WGS:JAJKKE|F5B20DRAFT_mRNA550861	PF01151.24	Partial	None
gene-F5B20DRAFT_550862	rna-gnl|WGS:JAJKKE|F5B20DRAFT_mRNA550862	PF00067.28	Partial	None
gene-F5B20DRAFT_257572	rna-gnl|WGS:JAJKKE|F5B20DRAFT_mRNA257572		None	None
gene-F5B20DRAFT_583051	rna-gnl|WGS:JAJKKE|F5B20DRAFT_mRNA583051	PF00067.28	Partial	None
gene-F5B20DRAFT_583052	rna-gnl|WGS:JAJKKE|F5B20DRAFT_mRNA583052		None	None
gene-F5B20DRAFT_550873	rna-gnl|WGS:JAJKKE|F5B20DRAFT_mRNA550873		None	None
gene-F5B20DRAFT_583054	rna-gnl|WGS:JAJKKE|F5B20DRAFT_mRNA583054		None	None
gene-F5B20DRAFT_583055	rna-gnl|WGS:JAJKKE|F5B20DRAFT_mRNA583055	PF01411.25,PF02272.25,PF07973.20,PF26023.1	Complete	None
gene-F5B20DRAFT_257746	rna-gnl|WGS:JAJKKE|F5B20DRAFT_mRNA257746	PF20354.3	Partial	None
gene-F5B20DRAFT_550877	rna-gnl|WGS:JAJKKE|F5B20DRAFT_mRNA550877	PF12273.14	Partial	None
gene-F5B20DRAFT_550882	rna-gnl|WGS:JAJKKE|F5B20DRAFT_mRNA550882		None	None
gene-F5B20DRAFT_550884	rna-gnl|WGS:JAJKKE|F5B20DRAFT_mRNA550884	PF08238.19,PF08238.19,PF08238.19,PF08238.19,PF08238.19,PF08238.19,PF08238.19	Complete	None
gene-F5B20DRAFT_257610	rna-gnl|WGS:JAJKKE|F5B20DRAFT_mRNA257610	PF00400.39,PF00400.39,PF00400.39	Complete	None
gene-F5B20DRAFT_572126	rna-gnl|WGS:JAJKKE|F5B20DRAFT_mRNA572126	PF06229.19	Partial	None
gene-F5B20DRAFT_257612	rna-gnl|WGS:JAJKKE|F5B20DRAFT_mRNA257612		None	None
gene-F5B20DRAFT_550891	rna-gnl|WGS:JAJKKE|F5B20DRAFT_mRNA550891		None	None
gene-F5B20DRAFT_550893	rna-gnl|WGS:JAJKKE|F5B20DRAFT_mRNA550893	PF12311.14	Partial	None
gene-F5B20DRAFT_592692	rna-gnl|WGS:JAJKKE|F5B20DRAFT_mRNA592692	PF00545.26	Partial	None
gene-F5B20DRAFT_550895	rna-gnl|WGS:JAJKKE|F5B20DRAFT_mRNA550895	PF06985.18	Partial	None
gene-F5B20DRAFT_550901	rna-gnl|WGS:JAJKKE|F5B20DRAFT_mRNA550901		None	None
gene-F5B20DRAFT_583067	rna-gnl|WGS:JAJKKE|F5B20DRAFT_mRNA583067		None	None
gene-F5B20DRAFT_572129	rna-gnl|WGS:JAJKKE|F5B20DRAFT_mRNA572129		None	None
gene-F5B20DRAFT_550907	rna-gnl|WGS:JAJKKE|F5B20DRAFT_mRNA550907	PF02383.24	Partial	None
gene-F5B20DRAFT_258121	rna-gnl|WGS:JAJKKE|F5B20DRAFT_mRNA258121	PF00009.34,PF00025.28,PF00071.29,PF01926.30,PF04670.19,PF08477.20	Partial	None
gene-F5B20DRAFT_583071	rna-gnl|WGS:JAJKKE|F5B20DRAFT_mRNA583071	PF09731.15	Partial	None
gene-F5B20DRAFT_258167	rna-gnl|WGS:JAJKKE|F5B20DRAFT_mRNA258167	PF28296.1	Complete	None
gene-F5B20DRAFT_572133	rna-gnl|WGS:JAJKKE|F5B20DRAFT_mRNA572133		None	None
gene-F5B20DRAFT_592706	rna-gnl|WGS:JAJKKE|F5B20DRAFT_mRNA592706		None	None
gene-F5B20DRAFT_258216	rna-gnl|WGS:JAJKKE|F5B20DRAFT_mRNA258216	PF00702.33	Partial	None
gene-F5B20DRAFT_258213	rna-gnl|WGS:JAJKKE|F5B20DRAFT_mRNA258213	PF10680.15,PF26176.1	Complete	None
gene-F5B20DRAFT_550943	rna-gnl|WGS:JAJKKE|F5B20DRAFT_mRNA550943	PF00533.34,PF06732.17	Complete	None
gene-F5B20DRAFT_258228	rna-gnl|WGS:JAJKKE|F5B20DRAFT_mRNA258228	PF06728.20	Partial	None
gene-F5B20DRAFT_583079	rna-gnl|WGS:JAJKKE|F5B20DRAFT_mRNA583079	PF10568.16,PF17171.10	Complete	None
gene-F5B20DRAFT_258383	rna-gnl|WGS:JAJKKE|F5B20DRAFT_mRNA258383		None	None
gene-F5B20DRAFT_583082	rna-gnl|WGS:JAJKKE|F5B20DRAFT_mRNA583082	PF00133.29,PF08264.20,PF09334.18	Complete	None
gene-F5B20DRAFT_583083	rna-gnl|WGS:JAJKKE|F5B20DRAFT_mRNA583083		None	None
gene-F5B20DRAFT_258600	rna-gnl|WGS:JAJKKE|F5B20DRAFT_mRNA258600		None	None
gene-F5B20DRAFT_550964	rna-gnl|WGS:JAJKKE|F5B20DRAFT_mRNA550964	PF00225.30,PF13931.12,PF16796.12	Complete	None
gene-F5B20DRAFT_583085	rna-gnl|WGS:JAJKKE|F5B20DRAFT_mRNA583085	PF03676.20,PF03676.20	Partial	None
gene-F5B20DRAFT_258687	rna-gnl|WGS:JAJKKE|F5B20DRAFT_mRNA258687		None	None
gene-F5B20DRAFT_258693	rna-gnl|WGS:JAJKKE|F5B20DRAFT_mRNA258693		None	None
gene-F5B20DRAFT_583088	rna-gnl|WGS:JAJKKE|F5B20DRAFT_mRNA583088		None	None
gene-F5B20DRAFT_258818	rna-gnl|WGS:JAJKKE|F5B20DRAFT_mRNA258818	PF01731.28	Partial	None
gene-F5B20DRAFT_550992	rna-gnl|WGS:JAJKKE|F5B20DRAFT_mRNA550992	PF00704.35	Partial	None
gene-F5B20DRAFT_592715	rna-gnl|WGS:JAJKKE|F5B20DRAFT_mRNA592715		None	None
gene-F5B20DRAFT_592718	rna-gnl|WGS:JAJKKE|F5B20DRAFT_mRNA592718	PF09792.15,PF22799.3	Partial	None
gene-F5B20DRAFT_258860	rna-gnl|WGS:JAJKKE|F5B20DRAFT_mRNA258860	PF01926.30,PF08153.18	Complete	None
gene-F5B20DRAFT_572145	rna-gnl|WGS:JAJKKE|F5B20DRAFT_mRNA572145	PF26163.1	Partial	None
gene-F5B20DRAFT_258887	rna-gnl|WGS:JAJKKE|F5B20DRAFT_mRNA258887	PF00005.34,PF01061.30,PF12698.14,PF19055.7,PF19055.7	Complete	None
gene-F5B20DRAFT_551004	rna-gnl|WGS:JAJKKE|F5B20DRAFT_mRNA551004	PF00258.31,PF03358.21	Partial	None
gene-F5B20DRAFT_572148	rna-gnl|WGS:JAJKKE|F5B20DRAFT_mRNA572148	PF07690.22	Partial	None
gene-F5B20DRAFT_551009	rna-gnl|WGS:JAJKKE|F5B20DRAFT_mRNA551009		None	None
gene-F5B20DRAFT_583100	rna-gnl|WGS:JAJKKE|F5B20DRAFT_mRNA583100	PF00410.25	Partial	None
gene-F5B20DRAFT_259001	rna-gnl|WGS:JAJKKE|F5B20DRAFT_mRNA259001		None	None
gene-F5B20DRAFT_259026	rna-gnl|WGS:JAJKKE|F5B20DRAFT_mRNA259026	PF00180.26	Partial	None
gene-F5B20DRAFT_572152	rna-gnl|WGS:JAJKKE|F5B20DRAFT_mRNA572152	PF00009.34,PF00026.29,PF00679.31,PF03144.32,PF03764.25,PF14492.13,PF14543.12,PF22042.3	Complete	None
gene-F5B20DRAFT_592726	rna-gnl|WGS:JAJKKE|F5B20DRAFT_mRNA592726		None	None
gene-F5B20DRAFT_583106	rna-gnl|WGS:JAJKKE|F5B20DRAFT_mRNA583106		None	None
gene-F5B20DRAFT_259132	rna-gnl|WGS:JAJKKE|F5B20DRAFT_mRNA259132	PF07690.22	Partial	None
gene-F5B20DRAFT_551026	rna-gnl|WGS:JAJKKE|F5B20DRAFT_mRNA551026		None	None
gene-F5B20DRAFT_551029	rna-gnl|WGS:JAJKKE|F5B20DRAFT_mRNA551029	PF03169.21	Partial	None
gene-F5B20DRAFT_551031	rna-gnl|WGS:JAJKKE|F5B20DRAFT_mRNA551031		None	None
gene-F5B20DRAFT_259169	rna-gnl|WGS:JAJKKE|F5B20DRAFT_mRNA259169		None	None
gene-F5B20DRAFT_551034	rna-gnl|WGS:JAJKKE|F5B20DRAFT_mRNA551034	PF00069.32	Partial	None
gene-F5B20DRAFT_572159	rna-gnl|WGS:JAJKKE|F5B20DRAFT_mRNA572159	PF00450.29	Partial	None
gene-F5B20DRAFT_583110	rna-gnl|WGS:JAJKKE|F5B20DRAFT_mRNA583110	PF00005.34,PF00005.34,PF00664.29,PF00664.29,PF11951.14	Complete	None
gene-F5B20DRAFT_259403	rna-gnl|WGS:JAJKKE|F5B20DRAFT_mRNA259403	PF00775.28	Partial	None
gene-F5B20DRAFT_551087	rna-gnl|WGS:JAJKKE|F5B20DRAFT_mRNA551087	PF01019.28	Partial	None
gene-F5B20DRAFT_583113	rna-gnl|WGS:JAJKKE|F5B20DRAFT_mRNA583113		None	None
gene-F5B20DRAFT_572164	rna-gnl|WGS:JAJKKE|F5B20DRAFT_mRNA572164	PF00106.32,PF13561.13	Partial	None
gene-F5B20DRAFT_583115	rna-gnl|WGS:JAJKKE|F5B20DRAFT_mRNA583115		None	None
gene-F5B20DRAFT_259428	rna-gnl|WGS:JAJKKE|F5B20DRAFT_mRNA259428		None	None
gene-F5B20DRAFT_551105	rna-gnl|WGS:JAJKKE|F5B20DRAFT_mRNA551105	PF13460.13	Partial	None
gene-F5B20DRAFT_259502	rna-gnl|WGS:JAJKKE|F5B20DRAFT_mRNA259502		None	None
gene-F5B20DRAFT_551111	rna-gnl|WGS:JAJKKE|F5B20DRAFT_mRNA551111		None	None
gene-F5B20DRAFT_551115	rna-gnl|WGS:JAJKKE|F5B20DRAFT_mRNA551115	PF06792.18,PF23189.2	Partial	None
gene-F5B20DRAFT_572168	rna-gnl|WGS:JAJKKE|F5B20DRAFT_mRNA572168	PF09370.17	Partial	None
gene-F5B20DRAFT_572169	rna-gnl|WGS:JAJKKE|F5B20DRAFT_mRNA572169	PF00172.24,PF04082.24	Partial	None
gene-F5B20DRAFT_551124	rna-gnl|WGS:JAJKKE|F5B20DRAFT_mRNA551124	PF01494.26,PF13450.13	Partial	None
gene-F5B20DRAFT_551126	rna-gnl|WGS:JAJKKE|F5B20DRAFT_mRNA551126	PF00557.30,PF15801.12	Partial	None
gene-F5B20DRAFT_551127	rna-gnl|WGS:JAJKKE|F5B20DRAFT_mRNA551127	PF03311.20	Partial	None
gene-F5B20DRAFT_551131	rna-gnl|WGS:JAJKKE|F5B20DRAFT_mRNA551131	PF00400.39,PF00400.39,PF00400.39,PF00400.39,PF00400.39,PF12894.14	Complete	None
gene-F5B20DRAFT_259646	rna-gnl|WGS:JAJKKE|F5B20DRAFT_mRNA259646		None	None
gene-F5B20DRAFT_551133	rna-gnl|WGS:JAJKKE|F5B20DRAFT_mRNA551133	PF07690.22,PF07690.22	Partial	None
gene-F5B20DRAFT_551136	rna-gnl|WGS:JAJKKE|F5B20DRAFT_mRNA551136	PF00106.32,PF08659.17,PF13561.13	Partial	None
gene-F5B20DRAFT_551138	rna-gnl|WGS:JAJKKE|F5B20DRAFT_mRNA551138	PF00775.28,PF04444.20	Partial	None
gene-F5B20DRAFT_551140	rna-gnl|WGS:JAJKKE|F5B20DRAFT_mRNA551140		None	None
gene-F5B20DRAFT_551142	rna-gnl|WGS:JAJKKE|F5B20DRAFT_mRNA551142	PF20684.4	Partial	None
gene-F5B20DRAFT_592749	rna-gnl|WGS:JAJKKE|F5B20DRAFT_mRNA592749	PF27522.2	Partial	None
gene-F5B20DRAFT_551145	rna-gnl|WGS:JAJKKE|F5B20DRAFT_mRNA551145		None	None
gene-F5B20DRAFT_572180	rna-gnl|WGS:JAJKKE|F5B20DRAFT_mRNA572180	PF00106.32,PF08659.17	Partial	None
gene-F5B20DRAFT_583136	rna-gnl|WGS:JAJKKE|F5B20DRAFT_mRNA583136		None	None
gene-F5B20DRAFT_551150	rna-gnl|WGS:JAJKKE|F5B20DRAFT_mRNA551150		None	None
gene-F5B20DRAFT_551152	rna-gnl|WGS:JAJKKE|F5B20DRAFT_mRNA551152		None	None
gene-F5B20DRAFT_259795	rna-gnl|WGS:JAJKKE|F5B20DRAFT_mRNA259795		None	None
gene-F5B20DRAFT_260109	rna-gnl|WGS:JAJKKE|F5B20DRAFT_mRNA260109	PF00903.32	Partial	None
gene-F5B20DRAFT_260118	rna-gnl|WGS:JAJKKE|F5B20DRAFT_mRNA260118		None	None
gene-F5B20DRAFT_572185	rna-gnl|WGS:JAJKKE|F5B20DRAFT_mRNA572185	PF00067.28	Partial	None
gene-F5B20DRAFT_260179	rna-gnl|WGS:JAJKKE|F5B20DRAFT_mRNA260179	PF00172.24,PF04082.24	Partial	None
gene-F5B20DRAFT_572187	rna-gnl|WGS:JAJKKE|F5B20DRAFT_mRNA572187	PF01231.24	Partial	None
gene-F5B20DRAFT_260267	rna-gnl|WGS:JAJKKE|F5B20DRAFT_mRNA260267	PF07470.20	Partial	None
gene-F5B20DRAFT_260269	rna-gnl|WGS:JAJKKE|F5B20DRAFT_mRNA260269	PF07690.22	Partial	None
gene-F5B20DRAFT_551202	rna-gnl|WGS:JAJKKE|F5B20DRAFT_mRNA551202	PF00076.29	Partial	None
gene-F5B20DRAFT_583147	rna-gnl|WGS:JAJKKE|F5B20DRAFT_mRNA583147		None	None
gene-F5B20DRAFT_260496	rna-gnl|WGS:JAJKKE|F5B20DRAFT_mRNA260496		None	None
gene-F5B20DRAFT_260517	rna-gnl|WGS:JAJKKE|F5B20DRAFT_mRNA260517	PF00722.29,PF26113.1	Partial	None
gene-F5B20DRAFT_260614	rna-gnl|WGS:JAJKKE|F5B20DRAFT_mRNA260614	PF13632.13,PF25550.2	Complete	None
gene-F5B20DRAFT_583151	rna-gnl|WGS:JAJKKE|F5B20DRAFT_mRNA583151	PF00722.29	Partial	None
gene-F5B20DRAFT_260700	rna-gnl|WGS:JAJKKE|F5B20DRAFT_mRNA260700	PF14273.12	Partial	None
gene-F5B20DRAFT_583153	rna-gnl|WGS:JAJKKE|F5B20DRAFT_mRNA583153	PF00285.27	Partial	None
gene-F5B20DRAFT_551253	rna-gnl|WGS:JAJKKE|F5B20DRAFT_mRNA551253	PF00463.28,PF13714.13	Partial	None
gene-F5B20DRAFT_551256	rna-gnl|WGS:JAJKKE|F5B20DRAFT_mRNA551256	PF00036.39,PF13202.13,PF13202.13,PF13499.13,PF13833.13	Complete	None
gene-F5B20DRAFT_551257	rna-gnl|WGS:JAJKKE|F5B20DRAFT_mRNA551257	PF01266.31	Partial	None
gene-F5B20DRAFT_260989	rna-gnl|WGS:JAJKKE|F5B20DRAFT_mRNA260989	PF00172.24,PF11951.14	Partial	None
gene-F5B20DRAFT_592767	rna-gnl|WGS:JAJKKE|F5B20DRAFT_mRNA592767	PF07690.22	Partial	None
gene-F5B20DRAFT_260980	rna-gnl|WGS:JAJKKE|F5B20DRAFT_mRNA260980	PF01968.25,PF02538.20,PF05378.20,PF19278.5	Complete	None
gene-F5B20DRAFT_261234	rna-gnl|WGS:JAJKKE|F5B20DRAFT_mRNA261234	PF00106.32,PF08659.17,PF13561.13	Partial	None
gene-F5B20DRAFT_551277	rna-gnl|WGS:JAJKKE|F5B20DRAFT_mRNA551277	PF00120.30	Partial	None
gene-F5B20DRAFT_551278	rna-gnl|WGS:JAJKKE|F5B20DRAFT_mRNA551278	PF07690.22	Partial	None
gene-F5B20DRAFT_592773	rna-gnl|WGS:JAJKKE|F5B20DRAFT_mRNA592773		None	None
gene-F5B20DRAFT_551286	rna-gnl|WGS:JAJKKE|F5B20DRAFT_mRNA551286	PF00933.28,PF01915.28,PF14310.13	Complete	None
gene-F5B20DRAFT_261441	rna-gnl|WGS:JAJKKE|F5B20DRAFT_mRNA261441	PF08881.16	Partial	None
gene-F5B20DRAFT_261404	rna-gnl|WGS:JAJKKE|F5B20DRAFT_mRNA261404		None	None
gene-F5B20DRAFT_572202	rna-gnl|WGS:JAJKKE|F5B20DRAFT_mRNA572202	PF01179.28	Partial	None
gene-F5B20DRAFT_583168	rna-gnl|WGS:JAJKKE|F5B20DRAFT_mRNA583168	PF00083.31,PF07690.22,PF12832.14	Partial	None
gene-F5B20DRAFT_551302	rna-gnl|WGS:JAJKKE|F5B20DRAFT_mRNA551302		None	None
gene-F5B20DRAFT_261529	rna-gnl|WGS:JAJKKE|F5B20DRAFT_mRNA261529		None	None
gene-F5B20DRAFT_261528	rna-gnl|WGS:JAJKKE|F5B20DRAFT_mRNA261528	PF05368.20,PF13460.13	Partial	None
gene-F5B20DRAFT_551312	rna-gnl|WGS:JAJKKE|F5B20DRAFT_mRNA551312		None	None
gene-F5B20DRAFT_551314	rna-gnl|WGS:JAJKKE|F5B20DRAFT_mRNA551314	PF01729.26,PF02749.23	Partial	None
gene-F5B20DRAFT_261598	rna-gnl|WGS:JAJKKE|F5B20DRAFT_mRNA261598	PF00474.24	Partial	None
gene-F5B20DRAFT_261628	rna-gnl|WGS:JAJKKE|F5B20DRAFT_mRNA261628	PF08241.19,PF08242.19,PF13489.13,PF13649.13,PF13847.13	Partial	None
gene-F5B20DRAFT_551328	rna-gnl|WGS:JAJKKE|F5B20DRAFT_mRNA551328	PF00743.26,PF07992.21,PF13450.13,PF13738.13	Partial	None
gene-F5B20DRAFT_551329	rna-gnl|WGS:JAJKKE|F5B20DRAFT_mRNA551329	PF01488.27,PF02423.22	Partial	None
gene-F5B20DRAFT_261783	rna-gnl|WGS:JAJKKE|F5B20DRAFT_mRNA261783	PF00071.29	Complete	None
gene-F5B20DRAFT_592783	rna-gnl|WGS:JAJKKE|F5B20DRAFT_mRNA592783	PF00089.33,PF01243.28	Complete	None
gene-F5B20DRAFT_t66	gene-F5B20DRAFT_t66		None	None
gene-F5B20DRAFT_551341	rna-gnl|WGS:JAJKKE|F5B20DRAFT_mRNA551341	PF00076.29,PF28224.2	Complete	None
gene-F5B20DRAFT_572208	rna-gnl|WGS:JAJKKE|F5B20DRAFT_mRNA572208	PF00025.28,PF00071.29,PF08477.20	Partial	None
gene-F5B20DRAFT_592787	rna-gnl|WGS:JAJKKE|F5B20DRAFT_mRNA592787	PF15511.13	Complete	None
gene-F5B20DRAFT_551350	rna-gnl|WGS:JAJKKE|F5B20DRAFT_mRNA551350	PF02104.21	Partial	None
gene-F5B20DRAFT_551351	rna-gnl|WGS:JAJKKE|F5B20DRAFT_mRNA551351	PF00789.27,PF23187.2	Complete	None
gene-F5B20DRAFT_262175	rna-gnl|WGS:JAJKKE|F5B20DRAFT_mRNA262175	PF01984.26	Partial	None
gene-F5B20DRAFT_551358	rna-gnl|WGS:JAJKKE|F5B20DRAFT_mRNA551358	PF05019.19	Partial	None
gene-F5B20DRAFT_551360	rna-gnl|WGS:JAJKKE|F5B20DRAFT_mRNA551360		None	None
gene-F5B20DRAFT_262380	rna-gnl|WGS:JAJKKE|F5B20DRAFT_mRNA262380		None	None
gene-F5B20DRAFT_583188	rna-gnl|WGS:JAJKKE|F5B20DRAFT_mRNA583188		None	None
gene-F5B20DRAFT_551364	rna-gnl|WGS:JAJKKE|F5B20DRAFT_mRNA551364	PF02558.23,PF08546.18	Complete	None
gene-F5B20DRAFT_551365	rna-gnl|WGS:JAJKKE|F5B20DRAFT_mRNA551365	PF04000.21	Partial	None
gene-F5B20DRAFT_551368	rna-gnl|WGS:JAJKKE|F5B20DRAFT_mRNA551368		None	None
gene-F5B20DRAFT_551373	rna-gnl|WGS:JAJKKE|F5B20DRAFT_mRNA551373		None	None
gene-F5B20DRAFT_592805	rna-gnl|WGS:JAJKKE|F5B20DRAFT_mRNA592805	PF13640.13	Partial	None
gene-F5B20DRAFT_262637	rna-gnl|WGS:JAJKKE|F5B20DRAFT_mRNA262637		None	None
gene-F5B20DRAFT_262538	rna-gnl|WGS:JAJKKE|F5B20DRAFT_mRNA262538	PF28272.1	Partial	None
gene-F5B20DRAFT_262497	rna-gnl|WGS:JAJKKE|F5B20DRAFT_mRNA262497		None	None
gene-F5B20DRAFT_551416	rna-gnl|WGS:JAJKKE|F5B20DRAFT_mRNA551416	PF00133.29,PF00133.29,PF01406.26,PF08264.20,PF09334.18,PF09334.18,PF24810.2	Complete	None
gene-F5B20DRAFT_551419	rna-gnl|WGS:JAJKKE|F5B20DRAFT_mRNA551419	PF03630.21	Partial	None
gene-F5B20DRAFT_592807	rna-gnl|WGS:JAJKKE|F5B20DRAFT_mRNA592807		None	None
gene-F5B20DRAFT_592810	rna-gnl|WGS:JAJKKE|F5B20DRAFT_mRNA592810		None	None
gene-F5B20DRAFT_262762	rna-gnl|WGS:JAJKKE|F5B20DRAFT_mRNA262762	PF07080.18,PF12680.14	Partial	None
gene-F5B20DRAFT_262783	rna-gnl|WGS:JAJKKE|F5B20DRAFT_mRNA262783	PF00578.28,PF08534.17	Partial	None
gene-F5B20DRAFT_551429	rna-gnl|WGS:JAJKKE|F5B20DRAFT_mRNA551429	PF01246.27	Partial	None
gene-F5B20DRAFT_262771	rna-gnl|WGS:JAJKKE|F5B20DRAFT_mRNA262771	PF02137.25,PF02137.25	Partial	None
gene-F5B20DRAFT_262774	rna-gnl|WGS:JAJKKE|F5B20DRAFT_mRNA262774	PF01849.24	Partial	None
gene-F5B20DRAFT_551438	rna-gnl|WGS:JAJKKE|F5B20DRAFT_mRNA551438	PF05183.18	Partial	None
gene-F5B20DRAFT_263249	rna-gnl|WGS:JAJKKE|F5B20DRAFT_mRNA263249	PF01565.29,PF02913.25	Partial	None
gene-F5B20DRAFT_263634	rna-gnl|WGS:JAJKKE|F5B20DRAFT_mRNA263634		None	None
gene-F5B20DRAFT_583207	rna-gnl|WGS:JAJKKE|F5B20DRAFT_mRNA583207	PF00467.36,PF00900.27,PF01479.31,PF08071.18,PF16121.11	Complete	None
gene-F5B20DRAFT_583208	rna-gnl|WGS:JAJKKE|F5B20DRAFT_mRNA583208	PF00249.38,PF23588.3	Complete	None
gene-F5B20DRAFT_551487	rna-gnl|WGS:JAJKKE|F5B20DRAFT_mRNA551487	PF24803.2	Partial	None
gene-F5B20DRAFT_583210	rna-gnl|WGS:JAJKKE|F5B20DRAFT_mRNA583210		None	None
gene-F5B20DRAFT_583211	rna-gnl|WGS:JAJKKE|F5B20DRAFT_mRNA583211		None	None
gene-F5B20DRAFT_263736	rna-gnl|WGS:JAJKKE|F5B20DRAFT_mRNA263736	PF00400.39,PF00400.39,PF00400.39,PF00400.39,PF00400.39	Complete	None
gene-F5B20DRAFT_263797	rna-gnl|WGS:JAJKKE|F5B20DRAFT_mRNA263797	PF00856.34,PF29521.1	Complete	None
gene-F5B20DRAFT_583214	rna-gnl|WGS:JAJKKE|F5B20DRAFT_mRNA583214	PF07960.17	Partial	None
gene-F5B20DRAFT_263801	rna-gnl|WGS:JAJKKE|F5B20DRAFT_mRNA263801	PF08238.19,PF08238.19,PF08238.19,PF08238.19,PF08238.19,PF08238.19,PF08238.19	Complete	None
gene-F5B20DRAFT_551524	rna-gnl|WGS:JAJKKE|F5B20DRAFT_mRNA551524	PF03650.20	Partial	None
gene-F5B20DRAFT_551531	rna-gnl|WGS:JAJKKE|F5B20DRAFT_mRNA551531		None	None
gene-F5B20DRAFT_264069	rna-gnl|WGS:JAJKKE|F5B20DRAFT_mRNA264069		None	None
gene-F5B20DRAFT_583219	rna-gnl|WGS:JAJKKE|F5B20DRAFT_mRNA583219	PF07955.18	Partial	None
gene-F5B20DRAFT_551539	rna-gnl|WGS:JAJKKE|F5B20DRAFT_mRNA551539	PF28376.1,PF30866.1,PF30868.1	Complete	None
gene-F5B20DRAFT_t68	gene-F5B20DRAFT_t68		None	None
gene-F5B20DRAFT_583221	rna-gnl|WGS:JAJKKE|F5B20DRAFT_mRNA583221	PF00324.28,PF13520.13	Partial	None
gene-F5B20DRAFT_551552	rna-gnl|WGS:JAJKKE|F5B20DRAFT_mRNA551552	PF21052.5,PF21072.4,PF21072.4	Partial	None
gene-F5B20DRAFT_551555	rna-gnl|WGS:JAJKKE|F5B20DRAFT_mRNA551555	PF07542.17	Partial	None
gene-F5B20DRAFT_264363	rna-gnl|WGS:JAJKKE|F5B20DRAFT_mRNA264363		None	None
gene-F5B20DRAFT_551558	rna-gnl|WGS:JAJKKE|F5B20DRAFT_mRNA551558		None	None
gene-F5B20DRAFT_551559	rna-gnl|WGS:JAJKKE|F5B20DRAFT_mRNA551559		None	None
gene-F5B20DRAFT_551560	rna-gnl|WGS:JAJKKE|F5B20DRAFT_mRNA551560	PF01738.25	Partial	None
gene-F5B20DRAFT_592822	rna-gnl|WGS:JAJKKE|F5B20DRAFT_mRNA592822	PF00293.35	Partial	None
gene-F5B20DRAFT_551575	rna-gnl|WGS:JAJKKE|F5B20DRAFT_mRNA551575	PF06985.18	Partial	None
gene-F5B20DRAFT_551576	rna-gnl|WGS:JAJKKE|F5B20DRAFT_mRNA551576	PF00441.30,PF02770.25,PF02771.22,PF08028.17	Complete	None
gene-F5B20DRAFT_264434	rna-gnl|WGS:JAJKKE|F5B20DRAFT_mRNA264434	PF01039.28,PF03255.20	Partial	None
gene-F5B20DRAFT_264858	rna-gnl|WGS:JAJKKE|F5B20DRAFT_mRNA264858		None	None
gene-F5B20DRAFT_265007	rna-gnl|WGS:JAJKKE|F5B20DRAFT_mRNA265007	PF01137.27	Partial	None
gene-F5B20DRAFT_583233	rna-gnl|WGS:JAJKKE|F5B20DRAFT_mRNA583233		None	None
gene-F5B20DRAFT_551605	rna-gnl|WGS:JAJKKE|F5B20DRAFT_mRNA551605		None	None
gene-F5B20DRAFT_551607	rna-gnl|WGS:JAJKKE|F5B20DRAFT_mRNA551607		None	None
gene-F5B20DRAFT_583235	rna-gnl|WGS:JAJKKE|F5B20DRAFT_mRNA583235	PF10373.16	Partial	None
gene-F5B20DRAFT_583237	rna-gnl|WGS:JAJKKE|F5B20DRAFT_mRNA583237		None	None
gene-F5B20DRAFT_267476	rna-gnl|WGS:JAJKKE|F5B20DRAFT_mRNA267476	PF04938.18	Partial	None
gene-F5B20DRAFT_267635	rna-gnl|WGS:JAJKKE|F5B20DRAFT_mRNA267635	PF08591.16	Partial	None
gene-F5B20DRAFT_551813	rna-gnl|WGS:JAJKKE|F5B20DRAFT_mRNA551813		None	None
gene-F5B20DRAFT_583241	rna-gnl|WGS:JAJKKE|F5B20DRAFT_mRNA583241	PF02114.23	Partial	None
gene-F5B20DRAFT_267695	rna-gnl|WGS:JAJKKE|F5B20DRAFT_mRNA267695		None	None
gene-F5B20DRAFT_551825	rna-gnl|WGS:JAJKKE|F5B20DRAFT_mRNA551825	PF11779.14	Partial	None
gene-F5B20DRAFT_572230	rna-gnl|WGS:JAJKKE|F5B20DRAFT_mRNA572230	PF00501.35,PF04488.22,PF13193.13	Complete	None
gene-F5B20DRAFT_267966	rna-gnl|WGS:JAJKKE|F5B20DRAFT_mRNA267966	PF11578.14	Partial	None
gene-F5B20DRAFT_267943	rna-gnl|WGS:JAJKKE|F5B20DRAFT_mRNA267943	PF11951.14	Partial	None
gene-F5B20DRAFT_551848	rna-gnl|WGS:JAJKKE|F5B20DRAFT_mRNA551848	PF00005.34,PF00005.34,PF00385.31,PF24984.2,PF24987.2	Complete	None
gene-F5B20DRAFT_551853	rna-gnl|WGS:JAJKKE|F5B20DRAFT_mRNA551853		None	None
gene-F5B20DRAFT_572233	rna-gnl|WGS:JAJKKE|F5B20DRAFT_mRNA572233	PF06985.18	Partial	None
gene-F5B20DRAFT_551860	rna-gnl|WGS:JAJKKE|F5B20DRAFT_mRNA551860		None	None
gene-F5B20DRAFT_551861	rna-gnl|WGS:JAJKKE|F5B20DRAFT_mRNA551861		None	None
gene-F5B20DRAFT_551862	rna-gnl|WGS:JAJKKE|F5B20DRAFT_mRNA551862	PF02668.23	Partial	None
gene-F5B20DRAFT_551866	rna-gnl|WGS:JAJKKE|F5B20DRAFT_mRNA551866	PF01755.24	Partial	None
gene-F5B20DRAFT_t67	gene-F5B20DRAFT_t67		None	None
gene-F5B20DRAFT_551868	rna-gnl|WGS:JAJKKE|F5B20DRAFT_mRNA551868	PF01425.27	Partial	None
gene-F5B20DRAFT_268270	rna-gnl|WGS:JAJKKE|F5B20DRAFT_mRNA268270		None	None
gene-F5B20DRAFT_592864	rna-gnl|WGS:JAJKKE|F5B20DRAFT_mRNA592864		None	None
gene-F5B20DRAFT_583262	rna-gnl|WGS:JAJKKE|F5B20DRAFT_mRNA583262	PF03798.22	Partial	None
gene-F5B20DRAFT_551880	rna-gnl|WGS:JAJKKE|F5B20DRAFT_mRNA551880	PF01027.27	Partial	None
gene-F5B20DRAFT_551883	rna-gnl|WGS:JAJKKE|F5B20DRAFT_mRNA551883	PF00735.25	Partial	None
gene-F5B20DRAFT_268418	rna-gnl|WGS:JAJKKE|F5B20DRAFT_mRNA268418	PF00400.39,PF00400.39,PF21032.3	Complete	None
gene-F5B20DRAFT_268423	rna-gnl|WGS:JAJKKE|F5B20DRAFT_mRNA268423	PF00076.29	Partial	None
gene-F5B20DRAFT_551886	rna-gnl|WGS:JAJKKE|F5B20DRAFT_mRNA551886	PF05783.18	Partial	None
gene-F5B20DRAFT_268468	rna-gnl|WGS:JAJKKE|F5B20DRAFT_mRNA268468	PF01728.26	Partial	None
gene-F5B20DRAFT_268472	rna-gnl|WGS:JAJKKE|F5B20DRAFT_mRNA268472	PF03190.22	Partial	None
gene-F5B20DRAFT_268505	rna-gnl|WGS:JAJKKE|F5B20DRAFT_mRNA268505	PF00172.24	Complete	None
gene-F5B20DRAFT_551923	rna-gnl|WGS:JAJKKE|F5B20DRAFT_mRNA551923	PF13622.13,PF20789.4	Complete	None
gene-F5B20DRAFT_551926	rna-gnl|WGS:JAJKKE|F5B20DRAFT_mRNA551926	PF00023.37,PF00023.37,PF00169.36,PF01237.24,PF12796.14,PF12796.14,PF13606.13,PF13637.13,PF13857.13,PF15409.14	Complete	None
gene-F5B20DRAFT_268543	rna-gnl|WGS:JAJKKE|F5B20DRAFT_mRNA268543	PF01648.26,PF22624.2	Partial	None
gene-F5B20DRAFT_583275	rna-gnl|WGS:JAJKKE|F5B20DRAFT_mRNA583275		None	None
gene-F5B20DRAFT_583276	rna-gnl|WGS:JAJKKE|F5B20DRAFT_mRNA583276	PF04258.19	Partial	None
gene-F5B20DRAFT_551937	rna-gnl|WGS:JAJKKE|F5B20DRAFT_mRNA551937	PF00160.27	Partial	None
gene-F5B20DRAFT_268701	rna-gnl|WGS:JAJKKE|F5B20DRAFT_mRNA268701		None	None
gene-F5B20DRAFT_269056	rna-gnl|WGS:JAJKKE|F5B20DRAFT_mRNA269056		None	None
gene-F5B20DRAFT_572255	rna-gnl|WGS:JAJKKE|F5B20DRAFT_mRNA572255	PF00349.28,PF03727.23	Partial	None
gene-F5B20DRAFT_269153	rna-gnl|WGS:JAJKKE|F5B20DRAFT_mRNA269153	PF00012.27	Partial	None
gene-F5B20DRAFT_572257	rna-gnl|WGS:JAJKKE|F5B20DRAFT_mRNA572257	PF00314.23	Partial	None
gene-F5B20DRAFT_583283	rna-gnl|WGS:JAJKKE|F5B20DRAFT_mRNA583283		None	None
gene-F5B20DRAFT_583284	rna-gnl|WGS:JAJKKE|F5B20DRAFT_mRNA583284		None	None
gene-F5B20DRAFT_269281	rna-gnl|WGS:JAJKKE|F5B20DRAFT_mRNA269281	PF15985.12,PF18311.8,PF21262.4	Complete	None
gene-F5B20DRAFT_551956	rna-gnl|WGS:JAJKKE|F5B20DRAFT_mRNA551956	PF00012.27,PF06723.20	Partial	None
gene-F5B20DRAFT_551958	rna-gnl|WGS:JAJKKE|F5B20DRAFT_mRNA551958	PF10358.16	Partial	None
gene-F5B20DRAFT_551961	rna-gnl|WGS:JAJKKE|F5B20DRAFT_mRNA551961	PF06978.17,PF08170.18,PF22770.3	Complete	None
gene-F5B20DRAFT_269437	rna-gnl|WGS:JAJKKE|F5B20DRAFT_mRNA269437		None	None
gene-F5B20DRAFT_551972	rna-gnl|WGS:JAJKKE|F5B20DRAFT_mRNA551972		None	None
gene-F5B20DRAFT_269607	rna-gnl|WGS:JAJKKE|F5B20DRAFT_mRNA269607	PF00083.31,PF06609.19,PF07690.22	Partial	None
gene-F5B20DRAFT_269486	rna-gnl|WGS:JAJKKE|F5B20DRAFT_mRNA269486	PF00106.32,PF08659.17,PF13561.13	Partial	None
gene-F5B20DRAFT_269484	rna-gnl|WGS:JAJKKE|F5B20DRAFT_mRNA269484		None	None
gene-F5B20DRAFT_269482	rna-gnl|WGS:JAJKKE|F5B20DRAFT_mRNA269482		None	None
gene-F5B20DRAFT_572265	rna-gnl|WGS:JAJKKE|F5B20DRAFT_mRNA572265	PF03062.25	Partial	None
gene-F5B20DRAFT_583295	rna-gnl|WGS:JAJKKE|F5B20DRAFT_mRNA583295		None	None
gene-F5B20DRAFT_572267	rna-gnl|WGS:JAJKKE|F5B20DRAFT_mRNA572267	PF00230.26	Partial	None
gene-F5B20DRAFT_592876	rna-gnl|WGS:JAJKKE|F5B20DRAFT_mRNA592876	PF00067.28,PF00067.28	Partial	None
gene-F5B20DRAFT_592878	rna-gnl|WGS:JAJKKE|F5B20DRAFT_mRNA592878	PF02551.22,PF13622.13,PF20789.4	Partial	None
gene-F5B20DRAFT_583298	rna-gnl|WGS:JAJKKE|F5B20DRAFT_mRNA583298	PF24968.1	Partial	None
gene-F5B20DRAFT_583299	rna-gnl|WGS:JAJKKE|F5B20DRAFT_mRNA583299		None	None
gene-F5B20DRAFT_583300	rna-gnl|WGS:JAJKKE|F5B20DRAFT_mRNA583300		None	None
gene-F5B20DRAFT_552027	rna-gnl|WGS:JAJKKE|F5B20DRAFT_mRNA552027	PF15979.12,PF17829.8	Complete	None
gene-F5B20DRAFT_270600	rna-gnl|WGS:JAJKKE|F5B20DRAFT_mRNA270600	PF00225.30,PF16796.12	Partial	None
gene-F5B20DRAFT_270680	rna-gnl|WGS:JAJKKE|F5B20DRAFT_mRNA270680	PF00324.28,PF13520.13	Partial	None
gene-F5B20DRAFT_583306	rna-gnl|WGS:JAJKKE|F5B20DRAFT_mRNA583306		None	None
gene-F5B20DRAFT_270758	rna-gnl|WGS:JAJKKE|F5B20DRAFT_mRNA270758	PF02544.22,PF06966.18	Partial	None
gene-F5B20DRAFT_270698	rna-gnl|WGS:JAJKKE|F5B20DRAFT_mRNA270698	PF04828.23	Partial	None
gene-F5B20DRAFT_552050	rna-gnl|WGS:JAJKKE|F5B20DRAFT_mRNA552050		None	None
gene-F5B20DRAFT_592890	rna-gnl|WGS:JAJKKE|F5B20DRAFT_mRNA592890		None	None
gene-F5B20DRAFT_552054	rna-gnl|WGS:JAJKKE|F5B20DRAFT_mRNA552054	PF10232.15	Partial	None
gene-F5B20DRAFT_270819	rna-gnl|WGS:JAJKKE|F5B20DRAFT_mRNA270819	PF00884.29,PF12411.14,PF16347.11	Complete	None
gene-F5B20DRAFT_572276	rna-gnl|WGS:JAJKKE|F5B20DRAFT_mRNA572276	PF04193.20,PF04193.20	Complete	None
gene-F5B20DRAFT_552057	rna-gnl|WGS:JAJKKE|F5B20DRAFT_mRNA552057		None	None
gene-F5B20DRAFT_552059	rna-gnl|WGS:JAJKKE|F5B20DRAFT_mRNA552059	PF10165.15	Partial	None
gene-F5B20DRAFT_552062	rna-gnl|WGS:JAJKKE|F5B20DRAFT_mRNA552062	PF12231.14	Partial	None
gene-F5B20DRAFT_552063	rna-gnl|WGS:JAJKKE|F5B20DRAFT_mRNA552063	PF01263.27	Partial	None
gene-F5B20DRAFT_583319	rna-gnl|WGS:JAJKKE|F5B20DRAFT_mRNA583319		None	None
gene-F5B20DRAFT_270916	rna-gnl|WGS:JAJKKE|F5B20DRAFT_mRNA270916	PF27671.1	Partial	None
gene-F5B20DRAFT_583321	rna-gnl|WGS:JAJKKE|F5B20DRAFT_mRNA583321	PF19026.8	Complete	None
gene-F5B20DRAFT_270900	rna-gnl|WGS:JAJKKE|F5B20DRAFT_mRNA270900	PF01474.23	Partial	None
gene-F5B20DRAFT_270913	rna-gnl|WGS:JAJKKE|F5B20DRAFT_mRNA270913	PF08325.17	Partial	None
gene-F5B20DRAFT_270989	rna-gnl|WGS:JAJKKE|F5B20DRAFT_mRNA270989	PF00072.31,PF00512.32,PF02518.32,PF08447.19,PF08448.17,PF13426.14	Complete	None
gene-F5B20DRAFT_583325	rna-gnl|WGS:JAJKKE|F5B20DRAFT_mRNA583325		None	None
gene-F5B20DRAFT_592896	rna-gnl|WGS:JAJKKE|F5B20DRAFT_mRNA592896		None	None
gene-F5B20DRAFT_583327	rna-gnl|WGS:JAJKKE|F5B20DRAFT_mRNA583327	PF00069.32,PF07714.24	Partial	None
gene-F5B20DRAFT_552080	rna-gnl|WGS:JAJKKE|F5B20DRAFT_mRNA552080	PF06423.19	Partial	None
gene-F5B20DRAFT_552084	rna-gnl|WGS:JAJKKE|F5B20DRAFT_mRNA552084		None	None
gene-F5B20DRAFT_271073	rna-gnl|WGS:JAJKKE|F5B20DRAFT_mRNA271073	PF03663.21	Partial	None
gene-F5B20DRAFT_271179	rna-gnl|WGS:JAJKKE|F5B20DRAFT_mRNA271179		None	None
gene-F5B20DRAFT_583333	rna-gnl|WGS:JAJKKE|F5B20DRAFT_mRNA583333	PF13641.13	Partial	None
gene-F5B20DRAFT_592906	rna-gnl|WGS:JAJKKE|F5B20DRAFT_mRNA592906	PF00067.28,PF00067.28	Partial	None
gene-F5B20DRAFT_272142	rna-gnl|WGS:JAJKKE|F5B20DRAFT_mRNA272142	PF01699.30,PF01699.30	Complete	None
gene-F5B20DRAFT_592914	rna-gnl|WGS:JAJKKE|F5B20DRAFT_mRNA592914		None	None
gene-F5B20DRAFT_592916	rna-gnl|WGS:JAJKKE|F5B20DRAFT_mRNA592916		None	None
gene-F5B20DRAFT_552154	rna-gnl|WGS:JAJKKE|F5B20DRAFT_mRNA552154	PF00856.34,PF18264.7,PF18600.7,PF18601.7,PF21509.4	Complete	None
gene-F5B20DRAFT_552155	rna-gnl|WGS:JAJKKE|F5B20DRAFT_mRNA552155	PF13805.12	Partial	None
gene-F5B20DRAFT_552159	rna-gnl|WGS:JAJKKE|F5B20DRAFT_mRNA552159	PF00296.27	Partial	None
gene-F5B20DRAFT_583342	rna-gnl|WGS:JAJKKE|F5B20DRAFT_mRNA583342	PF04616.21	Partial	None
gene-F5B20DRAFT_272287	rna-gnl|WGS:JAJKKE|F5B20DRAFT_mRNA272287		None	None
gene-F5B20DRAFT_272257	rna-gnl|WGS:JAJKKE|F5B20DRAFT_mRNA272257		None	None
gene-F5B20DRAFT_272508	rna-gnl|WGS:JAJKKE|F5B20DRAFT_mRNA272508	PF02144.22	Partial	None
gene-F5B20DRAFT_572297	rna-gnl|WGS:JAJKKE|F5B20DRAFT_mRNA572297	PF00439.31,PF00583.32	Complete	None
gene-F5B20DRAFT_272534	rna-gnl|WGS:JAJKKE|F5B20DRAFT_mRNA272534		None	None
gene-F5B20DRAFT_272647	rna-gnl|WGS:JAJKKE|F5B20DRAFT_mRNA272647	PF08241.19,PF08242.19,PF13489.13,PF13649.13,PF13847.13	Partial	None
gene-F5B20DRAFT_272646	rna-gnl|WGS:JAJKKE|F5B20DRAFT_mRNA272646	PF00106.32,PF08659.17,PF13561.13	Partial	None
gene-F5B20DRAFT_272673	rna-gnl|WGS:JAJKKE|F5B20DRAFT_mRNA272673	PF12224.14	Partial	None
gene-F5B20DRAFT_552194	rna-gnl|WGS:JAJKKE|F5B20DRAFT_mRNA552194	PF04389.23	Partial	None
gene-F5B20DRAFT_552195	rna-gnl|WGS:JAJKKE|F5B20DRAFT_mRNA552195	PF25147.2	Complete	None
gene-F5B20DRAFT_272967	rna-gnl|WGS:JAJKKE|F5B20DRAFT_mRNA272967	PF01066.27	Partial	None
gene-F5B20DRAFT_272839	rna-gnl|WGS:JAJKKE|F5B20DRAFT_mRNA272839	PF24808.2	Partial	None
gene-F5B20DRAFT_552211	rna-gnl|WGS:JAJKKE|F5B20DRAFT_mRNA552211		None	None
gene-F5B20DRAFT_583355	rna-gnl|WGS:JAJKKE|F5B20DRAFT_mRNA583355	PF00787.30	Complete	None
gene-F5B20DRAFT_273161	rna-gnl|WGS:JAJKKE|F5B20DRAFT_mRNA273161	PF04117.18	Partial	None
gene-F5B20DRAFT_552216	rna-gnl|WGS:JAJKKE|F5B20DRAFT_mRNA552216	PF01704.25	Partial	None
gene-F5B20DRAFT_583358	rna-gnl|WGS:JAJKKE|F5B20DRAFT_mRNA583358	PF03167.26	Partial	None
gene-F5B20DRAFT_273217	rna-gnl|WGS:JAJKKE|F5B20DRAFT_mRNA273217	PF24866.2	Partial	None
gene-F5B20DRAFT_552221	rna-gnl|WGS:JAJKKE|F5B20DRAFT_mRNA552221	PF22586.2	Complete	None
gene-F5B20DRAFT_552222	rna-gnl|WGS:JAJKKE|F5B20DRAFT_mRNA552222	PF00561.27,PF12146.16,PF12697.14	Partial	None
gene-F5B20DRAFT_273301	rna-gnl|WGS:JAJKKE|F5B20DRAFT_mRNA273301	PF14420.12	Partial	None
gene-F5B20DRAFT_572302	rna-gnl|WGS:JAJKKE|F5B20DRAFT_mRNA572302	PF00004.36,PF22942.2	Complete	None
gene-F5B20DRAFT_552232	rna-gnl|WGS:JAJKKE|F5B20DRAFT_mRNA552232	PF04791.22	Partial	None
gene-F5B20DRAFT_552233	rna-gnl|WGS:JAJKKE|F5B20DRAFT_mRNA552233	PF00172.24,PF04082.24	Partial	None
gene-F5B20DRAFT_552236	rna-gnl|WGS:JAJKKE|F5B20DRAFT_mRNA552236	PF02615.20	Partial	None
gene-F5B20DRAFT_552237	rna-gnl|WGS:JAJKKE|F5B20DRAFT_mRNA552237	PF07876.19	Partial	None
gene-F5B20DRAFT_552240	rna-gnl|WGS:JAJKKE|F5B20DRAFT_mRNA552240	PF00920.28,PF24877.2	Complete	None
gene-F5B20DRAFT_552245	rna-gnl|WGS:JAJKKE|F5B20DRAFT_mRNA552245	PF00012.27,PF06723.20	Partial	None
gene-F5B20DRAFT_583371	rna-gnl|WGS:JAJKKE|F5B20DRAFT_mRNA583371	PF00439.31,PF00439.31,PF22994.2	Complete	None
gene-F5B20DRAFT_552248	rna-gnl|WGS:JAJKKE|F5B20DRAFT_mRNA552248	PF01111.25	Partial	None
gene-F5B20DRAFT_552252	rna-gnl|WGS:JAJKKE|F5B20DRAFT_mRNA552252	PF04137.21	Partial	None
gene-F5B20DRAFT_592933	rna-gnl|WGS:JAJKKE|F5B20DRAFT_mRNA592933	PF09749.16	Partial	None
gene-F5B20DRAFT_552255	rna-gnl|WGS:JAJKKE|F5B20DRAFT_mRNA552255	PF08316.17	Partial	None
gene-F5B20DRAFT_273539	rna-gnl|WGS:JAJKKE|F5B20DRAFT_mRNA273539	PF03178.22,PF10433.16,PF23726.2	Complete	None
gene-F5B20DRAFT_273592	rna-gnl|WGS:JAJKKE|F5B20DRAFT_mRNA273592		None	None
gene-F5B20DRAFT_583378	rna-gnl|WGS:JAJKKE|F5B20DRAFT_mRNA583378		None	None
gene-F5B20DRAFT_583379	rna-gnl|WGS:JAJKKE|F5B20DRAFT_mRNA583379		None	None
gene-F5B20DRAFT_273750	rna-gnl|WGS:JAJKKE|F5B20DRAFT_mRNA273750	PF00623.26,PF04983.24,PF04990.18,PF04992.20,PF04997.18,PF04998.23,PF05000.23	Complete	None
gene-F5B20DRAFT_552293	rna-gnl|WGS:JAJKKE|F5B20DRAFT_mRNA552293	PF00400.39,PF00400.39	Partial	None
gene-F5B20DRAFT_572313	rna-gnl|WGS:JAJKKE|F5B20DRAFT_mRNA572313	PF04446.18,PF14413.12	Partial	None
gene-F5B20DRAFT_583383	rna-gnl|WGS:JAJKKE|F5B20DRAFT_mRNA583383		None	None
gene-F5B20DRAFT_592973	rna-gnl|WGS:JAJKKE|F5B20DRAFT_mRNA592973	PF10471.15	Partial	None
gene-F5B20DRAFT_583385	rna-gnl|WGS:JAJKKE|F5B20DRAFT_mRNA583385		None	None
gene-F5B20DRAFT_552302	rna-gnl|WGS:JAJKKE|F5B20DRAFT_mRNA552302	PF25316.2,PF25577.2	Complete	None
gene-F5B20DRAFT_583387	rna-gnl|WGS:JAJKKE|F5B20DRAFT_mRNA583387	PF15460.12	Complete	None
gene-F5B20DRAFT_273933	rna-gnl|WGS:JAJKKE|F5B20DRAFT_mRNA273933	PF00612.34	Complete	None
gene-F5B20DRAFT_552313	rna-gnl|WGS:JAJKKE|F5B20DRAFT_mRNA552313	PF11374.14	Partial	None
gene-F5B20DRAFT_552318	rna-gnl|WGS:JAJKKE|F5B20DRAFT_mRNA552318	PF00150.25,PF26410.1	Partial	None
gene-F5B20DRAFT_274015	rna-gnl|WGS:JAJKKE|F5B20DRAFT_mRNA274015		None	None
gene-F5B20DRAFT_274029	rna-gnl|WGS:JAJKKE|F5B20DRAFT_mRNA274029	PF00324.28,PF13520.13	Partial	None
gene-F5B20DRAFT_552327	rna-gnl|WGS:JAJKKE|F5B20DRAFT_mRNA552327		None	None
gene-F5B20DRAFT_274209	rna-gnl|WGS:JAJKKE|F5B20DRAFT_mRNA274209	PF07632.17,PF21027.4	Complete	None
gene-F5B20DRAFT_583394	rna-gnl|WGS:JAJKKE|F5B20DRAFT_mRNA583394	PF06985.18	Partial	None
gene-F5B20DRAFT_274290	rna-gnl|WGS:JAJKKE|F5B20DRAFT_mRNA274290	PF00544.26	Partial	None
gene-F5B20DRAFT_552348	rna-gnl|WGS:JAJKKE|F5B20DRAFT_mRNA552348		None	None
gene-F5B20DRAFT_274321	rna-gnl|WGS:JAJKKE|F5B20DRAFT_mRNA274321	PF00005.34,PF06472.21	Complete	None
gene-F5B20DRAFT_552354	rna-gnl|WGS:JAJKKE|F5B20DRAFT_mRNA552354	PF03031.25	Complete	None
gene-F5B20DRAFT_583399	rna-gnl|WGS:JAJKKE|F5B20DRAFT_mRNA583399		None	None
gene-F5B20DRAFT_274398	rna-gnl|WGS:JAJKKE|F5B20DRAFT_mRNA274398	PF00856.34	Partial	None
gene-F5B20DRAFT_583402	rna-gnl|WGS:JAJKKE|F5B20DRAFT_mRNA583402	PF00106.32,PF00107.33,PF00109.33,PF00550.32,PF00698.27,PF01209.25,PF02801.29,PF08240.18,PF08241.19,PF08242.19,PF08659.17,PF13489.13,PF13602.13,PF13649.13,PF13847.13,PF14765.13,PF21089.4,PF23114.1	Complete	None
gene-F5B20DRAFT_274492	rna-gnl|WGS:JAJKKE|F5B20DRAFT_mRNA274492		None	None
gene-F5B20DRAFT_274542	rna-gnl|WGS:JAJKKE|F5B20DRAFT_mRNA274542	PF00083.31,PF07690.22	Partial	None
gene-F5B20DRAFT_583404	rna-gnl|WGS:JAJKKE|F5B20DRAFT_mRNA583404	PF01529.26	Partial	None
gene-F5B20DRAFT_275200	rna-gnl|WGS:JAJKKE|F5B20DRAFT_mRNA275200		None	None
gene-F5B20DRAFT_274785	rna-gnl|WGS:JAJKKE|F5B20DRAFT_mRNA274785	PF00172.24,PF04082.24	Partial	None
gene-F5B20DRAFT_583407	rna-gnl|WGS:JAJKKE|F5B20DRAFT_mRNA583407	PF11374.14	Partial	None
gene-F5B20DRAFT_274756	rna-gnl|WGS:JAJKKE|F5B20DRAFT_mRNA274756		None	None
gene-F5B20DRAFT_274821	rna-gnl|WGS:JAJKKE|F5B20DRAFT_mRNA274821	PF00491.27	Partial	None
gene-F5B20DRAFT_583409	rna-gnl|WGS:JAJKKE|F5B20DRAFT_mRNA583409	PF08213.17	Complete	None
gene-F5B20DRAFT_583410	rna-gnl|WGS:JAJKKE|F5B20DRAFT_mRNA583410		None	None
gene-F5B20DRAFT_583411	rna-gnl|WGS:JAJKKE|F5B20DRAFT_mRNA583411	PF00023.37	Complete	None
gene-F5B20DRAFT_572325	rna-gnl|WGS:JAJKKE|F5B20DRAFT_mRNA572325	PF00815.26	Partial	None
gene-F5B20DRAFT_583413	rna-gnl|WGS:JAJKKE|F5B20DRAFT_mRNA583413	PF01370.28,PF05368.20,PF13460.13	Partial	None
gene-F5B20DRAFT_552507	rna-gnl|WGS:JAJKKE|F5B20DRAFT_mRNA552507	PF05691.19	Partial	None
gene-F5B20DRAFT_552509	rna-gnl|WGS:JAJKKE|F5B20DRAFT_mRNA552509	PF00675.26,PF05193.27	Partial	None
gene-F5B20DRAFT_275561	rna-gnl|WGS:JAJKKE|F5B20DRAFT_mRNA275561		None	None
gene-F5B20DRAFT_583417	rna-gnl|WGS:JAJKKE|F5B20DRAFT_mRNA583417		None	None
gene-F5B20DRAFT_552511	rna-gnl|WGS:JAJKKE|F5B20DRAFT_mRNA552511	PF13577.13	Partial	None
gene-F5B20DRAFT_572328	rna-gnl|WGS:JAJKKE|F5B20DRAFT_mRNA572328	PF02458.21	Partial	None
gene-F5B20DRAFT_583420	rna-gnl|WGS:JAJKKE|F5B20DRAFT_mRNA583420		None	None
gene-F5B20DRAFT_552527	rna-gnl|WGS:JAJKKE|F5B20DRAFT_mRNA552527	PF12697.14	Partial	None
gene-F5B20DRAFT_583422	rna-gnl|WGS:JAJKKE|F5B20DRAFT_mRNA583422	PF12799.14,PF12799.14,PF12799.14,PF13516.13,PF13855.13	Complete	None
gene-F5B20DRAFT_583423	rna-gnl|WGS:JAJKKE|F5B20DRAFT_mRNA583423	PF00248.28	Partial	None
gene-F5B20DRAFT_552543	rna-gnl|WGS:JAJKKE|F5B20DRAFT_mRNA552543		None	None
gene-F5B20DRAFT_275841	rna-gnl|WGS:JAJKKE|F5B20DRAFT_mRNA275841		None	None
gene-F5B20DRAFT_583427	rna-gnl|WGS:JAJKKE|F5B20DRAFT_mRNA583427	PF07859.20	Partial	None
gene-F5B20DRAFT_275949	rna-gnl|WGS:JAJKKE|F5B20DRAFT_mRNA275949		None	None
gene-F5B20DRAFT_276130	rna-gnl|WGS:JAJKKE|F5B20DRAFT_mRNA276130		None	None
gene-F5B20DRAFT_572336	rna-gnl|WGS:JAJKKE|F5B20DRAFT_mRNA572336	PF00931.29,PF06985.18,PF13176.13,PF13176.13,PF13181.13,PF13191.13,PF13374.13,PF13374.13,PF13374.13,PF13374.13,PF13374.13,PF13424.13,PF13424.13,PF13424.13,PF13432.13	Complete	None
gene-F5B20DRAFT_572337	rna-gnl|WGS:JAJKKE|F5B20DRAFT_mRNA572337	PF00067.28	Partial	None
gene-F5B20DRAFT_552634	rna-gnl|WGS:JAJKKE|F5B20DRAFT_mRNA552634		None	None
gene-F5B20DRAFT_552636	rna-gnl|WGS:JAJKKE|F5B20DRAFT_mRNA552636	PF00150.25	Partial	None
gene-F5B20DRAFT_583435	rna-gnl|WGS:JAJKKE|F5B20DRAFT_mRNA583435		None	None
gene-F5B20DRAFT_276423	rna-gnl|WGS:JAJKKE|F5B20DRAFT_mRNA276423		None	None
gene-F5B20DRAFT_276426	rna-gnl|WGS:JAJKKE|F5B20DRAFT_mRNA276426	PF23631.2	Partial	None
gene-F5B20DRAFT_572340	rna-gnl|WGS:JAJKKE|F5B20DRAFT_mRNA572340	PF03109.23,PF03109.23,PF27536.1	Complete	None
gene-F5B20DRAFT_552657	rna-gnl|WGS:JAJKKE|F5B20DRAFT_mRNA552657	PF01265.23	Partial	None
gene-F5B20DRAFT_t69	gene-F5B20DRAFT_t69		None	None
gene-F5B20DRAFT_t70	gene-F5B20DRAFT_t70		None	None
gene-F5B20DRAFT_583441	rna-gnl|WGS:JAJKKE|F5B20DRAFT_mRNA583441	PF03583.21	Partial	None
gene-F5B20DRAFT_276690	rna-gnl|WGS:JAJKKE|F5B20DRAFT_mRNA276690	PF01979.27	Partial	None
gene-F5B20DRAFT_572344	rna-gnl|WGS:JAJKKE|F5B20DRAFT_mRNA572344	PF03443.21	Partial	None
gene-F5B20DRAFT_583444	rna-gnl|WGS:JAJKKE|F5B20DRAFT_mRNA583444	PF01909.30,PF03828.25,PF22600.3	Complete	None
gene-F5B20DRAFT_276772	rna-gnl|WGS:JAJKKE|F5B20DRAFT_mRNA276772	PF00083.31,PF07690.22	Partial	None
gene-F5B20DRAFT_276900	rna-gnl|WGS:JAJKKE|F5B20DRAFT_mRNA276900		None	None
gene-F5B20DRAFT_593012	rna-gnl|WGS:JAJKKE|F5B20DRAFT_mRNA593012		None	None
gene-F5B20DRAFT_583447	rna-gnl|WGS:JAJKKE|F5B20DRAFT_mRNA583447		None	None
gene-F5B20DRAFT_572348	rna-gnl|WGS:JAJKKE|F5B20DRAFT_mRNA572348	PF29557.1	Partial	None
gene-F5B20DRAFT_583449	rna-gnl|WGS:JAJKKE|F5B20DRAFT_mRNA583449		None	None
gene-F5B20DRAFT_277143	rna-gnl|WGS:JAJKKE|F5B20DRAFT_mRNA277143	PF00107.33,PF00109.33,PF00550.32,PF00698.27,PF02801.29,PF08240.18,PF08241.19,PF08242.19,PF08659.17,PF13489.13,PF13602.13,PF13649.13,PF14765.13,PF16197.12,PF21089.4	Complete	None
gene-F5B20DRAFT_593018	rna-gnl|WGS:JAJKKE|F5B20DRAFT_mRNA593018	PF20345.3	Partial	None
gene-F5B20DRAFT_277205	rna-gnl|WGS:JAJKKE|F5B20DRAFT_mRNA277205	PF00415.25,PF00415.25,PF00415.25,PF00415.25,PF00415.25,PF13540.13,PF13540.13,PF25390.2	Complete	None
gene-F5B20DRAFT_552733	rna-gnl|WGS:JAJKKE|F5B20DRAFT_mRNA552733	PF25277.2	Partial	None
gene-F5B20DRAFT_593022	rna-gnl|WGS:JAJKKE|F5B20DRAFT_mRNA593022		None	None
gene-F5B20DRAFT_277260	rna-gnl|WGS:JAJKKE|F5B20DRAFT_mRNA277260	PF04616.21	Partial	None
gene-F5B20DRAFT_277272	rna-gnl|WGS:JAJKKE|F5B20DRAFT_mRNA277272		None	None
gene-F5B20DRAFT_277284	rna-gnl|WGS:JAJKKE|F5B20DRAFT_mRNA277284	PF00190.29,PF00190.29,PF07883.18,PF07883.18	Complete	None
gene-F5B20DRAFT_552749	rna-gnl|WGS:JAJKKE|F5B20DRAFT_mRNA552749	PF20684.4	Partial	None
gene-F5B20DRAFT_277353	rna-gnl|WGS:JAJKKE|F5B20DRAFT_mRNA277353		None	None
gene-F5B20DRAFT_593026	rna-gnl|WGS:JAJKKE|F5B20DRAFT_mRNA593026		None	None
gene-F5B20DRAFT_593032	rna-gnl|WGS:JAJKKE|F5B20DRAFT_mRNA593032	PF01636.30	Partial	None
gene-F5B20DRAFT_583462	rna-gnl|WGS:JAJKKE|F5B20DRAFT_mRNA583462		None	None
gene-F5B20DRAFT_277400	rna-gnl|WGS:JAJKKE|F5B20DRAFT_mRNA277400	PF13233.13	Partial	None
gene-F5B20DRAFT_277377	rna-gnl|WGS:JAJKKE|F5B20DRAFT_mRNA277377	PF01926.30	Partial	None
gene-F5B20DRAFT_552771	rna-gnl|WGS:JAJKKE|F5B20DRAFT_mRNA552771	PF01529.26	Partial	None
gene-F5B20DRAFT_552772	rna-gnl|WGS:JAJKKE|F5B20DRAFT_mRNA552772	PF01388.28,PF08914.18,PF08914.18,PF11626.14,PF16589.13	Complete	None
gene-F5B20DRAFT_552774	rna-gnl|WGS:JAJKKE|F5B20DRAFT_mRNA552774		None	None
gene-F5B20DRAFT_593044	rna-gnl|WGS:JAJKKE|F5B20DRAFT_mRNA593044	PF06985.18	Complete	None
gene-F5B20DRAFT_583469	rna-gnl|WGS:JAJKKE|F5B20DRAFT_mRNA583469		None	None
gene-F5B20DRAFT_277534	rna-gnl|WGS:JAJKKE|F5B20DRAFT_mRNA277534		None	None
gene-F5B20DRAFT_t71	gene-F5B20DRAFT_t71		None	None
gene-F5B20DRAFT_552789	rna-gnl|WGS:JAJKKE|F5B20DRAFT_mRNA552789		None	None
gene-F5B20DRAFT_583472	rna-gnl|WGS:JAJKKE|F5B20DRAFT_mRNA583472	PF00106.32,PF08659.17,PF13561.13	Partial	None
gene-F5B20DRAFT_277608	rna-gnl|WGS:JAJKKE|F5B20DRAFT_mRNA277608	PF00067.28	Partial	None
gene-F5B20DRAFT_583474	rna-gnl|WGS:JAJKKE|F5B20DRAFT_mRNA583474	PF01244.29	Partial	None
gene-F5B20DRAFT_572361	rna-gnl|WGS:JAJKKE|F5B20DRAFT_mRNA572361	PF07690.22	Partial	None
gene-F5B20DRAFT_583476	rna-gnl|WGS:JAJKKE|F5B20DRAFT_mRNA583476	PF00682.26,PF22617.2	Complete	None
gene-F5B20DRAFT_572363	rna-gnl|WGS:JAJKKE|F5B20DRAFT_mRNA572363	PF07690.22	Partial	None
gene-F5B20DRAFT_572364	rna-gnl|WGS:JAJKKE|F5B20DRAFT_mRNA572364	PF00023.37,PF00023.37,PF00023.37,PF00069.32,PF07714.24,PF12796.14,PF12796.14,PF13606.13,PF13606.13,PF13637.13	Complete	None
gene-F5B20DRAFT_277946	rna-gnl|WGS:JAJKKE|F5B20DRAFT_mRNA277946		None	None
gene-F5B20DRAFT_552817	rna-gnl|WGS:JAJKKE|F5B20DRAFT_mRNA552817		None	None
gene-F5B20DRAFT_593058	rna-gnl|WGS:JAJKKE|F5B20DRAFT_mRNA593058	PF13176.13,PF13176.13,PF13181.13,PF13374.13,PF13374.13,PF13374.13,PF13374.13,PF13424.13,PF13424.13,PF13424.13	Complete	None
gene-F5B20DRAFT_593062	rna-gnl|WGS:JAJKKE|F5B20DRAFT_mRNA593062	PF00122.26,PF00403.33,PF00403.33,PF00702.33	Complete	None
gene-F5B20DRAFT_583483	rna-gnl|WGS:JAJKKE|F5B20DRAFT_mRNA583483	PF07967.20,PF08600.17	Complete	None
gene-F5B20DRAFT_278037	rna-gnl|WGS:JAJKKE|F5B20DRAFT_mRNA278037	PF00459.31	Partial	None
gene-F5B20DRAFT_278029	rna-gnl|WGS:JAJKKE|F5B20DRAFT_mRNA278029	PF00347.29	Complete	None
gene-F5B20DRAFT_552825	rna-gnl|WGS:JAJKKE|F5B20DRAFT_mRNA552825	PF04163.17	Partial	None
gene-F5B20DRAFT_552826	rna-gnl|WGS:JAJKKE|F5B20DRAFT_mRNA552826	PF00295.24	Partial	None
gene-F5B20DRAFT_278073	rna-gnl|WGS:JAJKKE|F5B20DRAFT_mRNA278073		None	None
gene-F5B20DRAFT_583490	rna-gnl|WGS:JAJKKE|F5B20DRAFT_mRNA583490		None	None
gene-F5B20DRAFT_552830	rna-gnl|WGS:JAJKKE|F5B20DRAFT_mRNA552830		None	None
gene-F5B20DRAFT_552833	rna-gnl|WGS:JAJKKE|F5B20DRAFT_mRNA552833	PF20684.4	Partial	None
gene-F5B20DRAFT_552838	rna-gnl|WGS:JAJKKE|F5B20DRAFT_mRNA552838	PF00732.26,PF05199.20	Complete	None
gene-F5B20DRAFT_278180	rna-gnl|WGS:JAJKKE|F5B20DRAFT_mRNA278180	PF02230.23	Partial	None
gene-F5B20DRAFT_583493	rna-gnl|WGS:JAJKKE|F5B20DRAFT_mRNA583493	PF08881.16	Partial	None
gene-F5B20DRAFT_572372	rna-gnl|WGS:JAJKKE|F5B20DRAFT_mRNA572372	PF00933.28,PF01915.28,PF14310.13	Complete	None
gene-F5B20DRAFT_583495	rna-gnl|WGS:JAJKKE|F5B20DRAFT_mRNA583495		None	None
gene-F5B20DRAFT_278300	rna-gnl|WGS:JAJKKE|F5B20DRAFT_mRNA278300	PF12937.13	Partial	None
gene-F5B20DRAFT_572374	rna-gnl|WGS:JAJKKE|F5B20DRAFT_mRNA572374	PF00795.28	Partial	None
gene-F5B20DRAFT_583498	rna-gnl|WGS:JAJKKE|F5B20DRAFT_mRNA583498	PF00175.27,PF00667.27,PF01558.26,PF17147.10	Complete	None
gene-F5B20DRAFT_278294	rna-gnl|WGS:JAJKKE|F5B20DRAFT_mRNA278294	PF07519.18	Partial	None
gene-F5B20DRAFT_572377	rna-gnl|WGS:JAJKKE|F5B20DRAFT_mRNA572377	PF12697.14	Partial	None
gene-F5B20DRAFT_552868	rna-gnl|WGS:JAJKKE|F5B20DRAFT_mRNA552868	PF15891.12	Partial	None
gene-F5B20DRAFT_583502	rna-gnl|WGS:JAJKKE|F5B20DRAFT_mRNA583502		None	None
gene-F5B20DRAFT_583503	rna-gnl|WGS:JAJKKE|F5B20DRAFT_mRNA583503	PF05222.22	Partial	None
gene-F5B20DRAFT_593070	rna-gnl|WGS:JAJKKE|F5B20DRAFT_mRNA593070		None	None
gene-F5B20DRAFT_552877	rna-gnl|WGS:JAJKKE|F5B20DRAFT_mRNA552877	PF03169.21	Partial	None
gene-F5B20DRAFT_552879	rna-gnl|WGS:JAJKKE|F5B20DRAFT_mRNA552879	PF02668.23	Partial	None
gene-F5B20DRAFT_552883	rna-gnl|WGS:JAJKKE|F5B20DRAFT_mRNA552883	PF01433.27,PF11838.15,PF17900.7	Partial	None
gene-F5B20DRAFT_278726	rna-gnl|WGS:JAJKKE|F5B20DRAFT_mRNA278726	PF11754.15,PF11754.15	Partial	None
gene-F5B20DRAFT_552934	rna-gnl|WGS:JAJKKE|F5B20DRAFT_mRNA552934		None	None
gene-F5B20DRAFT_552942	rna-gnl|WGS:JAJKKE|F5B20DRAFT_mRNA552942		None	None
gene-F5B20DRAFT_552943	rna-gnl|WGS:JAJKKE|F5B20DRAFT_mRNA552943	PF20246.4	Partial	None
gene-F5B20DRAFT_583513	rna-gnl|WGS:JAJKKE|F5B20DRAFT_mRNA583513	PF11919.14,PF16507.12,PF16547.11,PF23096.2	Complete	None
gene-F5B20DRAFT_279235	rna-gnl|WGS:JAJKKE|F5B20DRAFT_mRNA279235	PF07690.22	Partial	None
gene-F5B20DRAFT_279312	rna-gnl|WGS:JAJKKE|F5B20DRAFT_mRNA279312		None	None
gene-F5B20DRAFT_279422	rna-gnl|WGS:JAJKKE|F5B20DRAFT_mRNA279422	PF04188.19	Partial	None
gene-F5B20DRAFT_583517	rna-gnl|WGS:JAJKKE|F5B20DRAFT_mRNA583517	PF04146.22	Complete	None
gene-F5B20DRAFT_279563	rna-gnl|WGS:JAJKKE|F5B20DRAFT_mRNA279563		None	None
gene-F5B20DRAFT_279571	rna-gnl|WGS:JAJKKE|F5B20DRAFT_mRNA279571	PF04142.22	Partial	None
gene-F5B20DRAFT_593082	rna-gnl|WGS:JAJKKE|F5B20DRAFT_mRNA593082	PF00270.36,PF00271.38,PF02889.22,PF04851.22,PF23445.2	Complete	None
gene-F5B20DRAFT_279626	rna-gnl|WGS:JAJKKE|F5B20DRAFT_mRNA279626	PF00560.40,PF13855.13,PF28131.1	Complete	None
gene-F5B20DRAFT_552998	rna-gnl|WGS:JAJKKE|F5B20DRAFT_mRNA552998		None	None
gene-F5B20DRAFT_583524	rna-gnl|WGS:JAJKKE|F5B20DRAFT_mRNA583524	PF01447.25,PF02868.22,PF16485.11	Complete	None
gene-F5B20DRAFT_583525	rna-gnl|WGS:JAJKKE|F5B20DRAFT_mRNA583525		None	None
gene-F5B20DRAFT_279748	rna-gnl|WGS:JAJKKE|F5B20DRAFT_mRNA279748	PF00544.26	Partial	None
gene-F5B20DRAFT_279768	rna-gnl|WGS:JAJKKE|F5B20DRAFT_mRNA279768	PF30672.1	Partial	None
gene-F5B20DRAFT_583528	rna-gnl|WGS:JAJKKE|F5B20DRAFT_mRNA583528		None	None
gene-F5B20DRAFT_279843	rna-gnl|WGS:JAJKKE|F5B20DRAFT_mRNA279843	PF00703.28,PF02836.24,PF02837.25,PF02929.24,PF16353.12,PF22666.3	Complete	None
gene-F5B20DRAFT_279963	rna-gnl|WGS:JAJKKE|F5B20DRAFT_mRNA279963	PF00083.31,PF07690.22,PF07690.22	Partial	None
gene-F5B20DRAFT_279801	rna-gnl|WGS:JAJKKE|F5B20DRAFT_mRNA279801		None	None
gene-F5B20DRAFT_553025	rna-gnl|WGS:JAJKKE|F5B20DRAFT_mRNA553025	PF08327.18,PF09229.18	Partial	None
gene-F5B20DRAFT_583533	rna-gnl|WGS:JAJKKE|F5B20DRAFT_mRNA583533	PF13095.13	Partial	None
gene-F5B20DRAFT_593088	rna-gnl|WGS:JAJKKE|F5B20DRAFT_mRNA593088		None	None
gene-F5B20DRAFT_583535	rna-gnl|WGS:JAJKKE|F5B20DRAFT_mRNA583535		None	None
gene-F5B20DRAFT_280069	rna-gnl|WGS:JAJKKE|F5B20DRAFT_mRNA280069	PF20684.4	Partial	None
gene-F5B20DRAFT_280071	rna-gnl|WGS:JAJKKE|F5B20DRAFT_mRNA280071	PF00107.33,PF13602.13,PF16884.11	Partial	None
gene-F5B20DRAFT_593104	rna-gnl|WGS:JAJKKE|F5B20DRAFT_mRNA593104	PF00083.31,PF07690.22	Partial	None
gene-F5B20DRAFT_280329	rna-gnl|WGS:JAJKKE|F5B20DRAFT_mRNA280329	PF00067.28	Partial	None
gene-F5B20DRAFT_583540	rna-gnl|WGS:JAJKKE|F5B20DRAFT_mRNA583540	PF00891.25,PF08100.19	Partial	None
gene-F5B20DRAFT_280401	rna-gnl|WGS:JAJKKE|F5B20DRAFT_mRNA280401	PF20684.4	Partial	None
gene-F5B20DRAFT_280459	rna-gnl|WGS:JAJKKE|F5B20DRAFT_mRNA280459		None	None
gene-F5B20DRAFT_280462	rna-gnl|WGS:JAJKKE|F5B20DRAFT_mRNA280462	PF04427.24	Partial	None
gene-F5B20DRAFT_280476	rna-gnl|WGS:JAJKKE|F5B20DRAFT_mRNA280476	PF24813.2	Partial	None
gene-F5B20DRAFT_280569	rna-gnl|WGS:JAJKKE|F5B20DRAFT_mRNA280569	PF08578.16	Complete	None
gene-F5B20DRAFT_572403	rna-gnl|WGS:JAJKKE|F5B20DRAFT_mRNA572403	PF07690.22	Partial	None
gene-F5B20DRAFT_583548	rna-gnl|WGS:JAJKKE|F5B20DRAFT_mRNA583548	PF07690.22	Partial	None
gene-F5B20DRAFT_280671	rna-gnl|WGS:JAJKKE|F5B20DRAFT_mRNA280671	PF03171.27,PF14226.13	Complete	None
gene-F5B20DRAFT_583550	rna-gnl|WGS:JAJKKE|F5B20DRAFT_mRNA583550	PF03171.27,PF14226.13	Complete	None
gene-F5B20DRAFT_583551	rna-gnl|WGS:JAJKKE|F5B20DRAFT_mRNA583551	PF00135.35,PF07859.20	Partial	None
gene-F5B20DRAFT_553100	rna-gnl|WGS:JAJKKE|F5B20DRAFT_mRNA553100	PF00067.28	Partial	None
gene-F5B20DRAFT_280804	rna-gnl|WGS:JAJKKE|F5B20DRAFT_mRNA280804	PF20684.4	Partial	None
gene-F5B20DRAFT_553105	rna-gnl|WGS:JAJKKE|F5B20DRAFT_mRNA553105		None	None
gene-F5B20DRAFT_280833	rna-gnl|WGS:JAJKKE|F5B20DRAFT_mRNA280833	PF00172.24,PF11951.14	Partial	None
gene-F5B20DRAFT_593114	rna-gnl|WGS:JAJKKE|F5B20DRAFT_mRNA593114		None	None
gene-F5B20DRAFT_583557	rna-gnl|WGS:JAJKKE|F5B20DRAFT_mRNA583557		None	None
gene-F5B20DRAFT_583558	rna-gnl|WGS:JAJKKE|F5B20DRAFT_mRNA583558	PF03328.21	Partial	None
gene-F5B20DRAFT_280893	rna-gnl|WGS:JAJKKE|F5B20DRAFT_mRNA280893	PF05768.21	Partial	None
gene-F5B20DRAFT_553120	rna-gnl|WGS:JAJKKE|F5B20DRAFT_mRNA553120	PF04968.18,PF04968.18,PF04969.23	Complete	None
gene-F5B20DRAFT_280935	rna-gnl|WGS:JAJKKE|F5B20DRAFT_mRNA280935		None	None
gene-F5B20DRAFT_280938	rna-gnl|WGS:JAJKKE|F5B20DRAFT_mRNA280938		None	None
gene-F5B20DRAFT_553125	rna-gnl|WGS:JAJKKE|F5B20DRAFT_mRNA553125	PF02205.27	Partial	None
gene-F5B20DRAFT_553128	rna-gnl|WGS:JAJKKE|F5B20DRAFT_mRNA553128		None	None
gene-F5B20DRAFT_583565	rna-gnl|WGS:JAJKKE|F5B20DRAFT_mRNA583565	PF00397.33	Complete	None
gene-F5B20DRAFT_593116	rna-gnl|WGS:JAJKKE|F5B20DRAFT_mRNA593116	PF00646.39	Partial	None
gene-F5B20DRAFT_281070	rna-gnl|WGS:JAJKKE|F5B20DRAFT_mRNA281070		None	None
gene-F5B20DRAFT_281082	rna-gnl|WGS:JAJKKE|F5B20DRAFT_mRNA281082	PF02458.21,PF22664.2	Partial	None
gene-F5B20DRAFT_583569	rna-gnl|WGS:JAJKKE|F5B20DRAFT_mRNA583569	PF27034.2	Complete	None
gene-F5B20DRAFT_583570	rna-gnl|WGS:JAJKKE|F5B20DRAFT_mRNA583570		None	None
gene-F5B20DRAFT_281114	rna-gnl|WGS:JAJKKE|F5B20DRAFT_mRNA281114	PF00909.27	Partial	None
gene-F5B20DRAFT_572410	rna-gnl|WGS:JAJKKE|F5B20DRAFT_mRNA572410	PF11935.15	Partial	None
gene-F5B20DRAFT_583574	rna-gnl|WGS:JAJKKE|F5B20DRAFT_mRNA583574		None	None
gene-F5B20DRAFT_553154	rna-gnl|WGS:JAJKKE|F5B20DRAFT_mRNA553154	PF08598.17	Complete	None
gene-F5B20DRAFT_553157	rna-gnl|WGS:JAJKKE|F5B20DRAFT_mRNA553157	PF00076.29	Complete	None
gene-F5B20DRAFT_553159	rna-gnl|WGS:JAJKKE|F5B20DRAFT_mRNA553159		None	None
gene-F5B20DRAFT_553164	rna-gnl|WGS:JAJKKE|F5B20DRAFT_mRNA553164	PF00091.32,PF03953.23	Complete	None
gene-F5B20DRAFT_553169	rna-gnl|WGS:JAJKKE|F5B20DRAFT_mRNA553169		None	None
gene-F5B20DRAFT_281420	rna-gnl|WGS:JAJKKE|F5B20DRAFT_mRNA281420		None	None
gene-F5B20DRAFT_553179	rna-gnl|WGS:JAJKKE|F5B20DRAFT_mRNA553179	PF09347.16	Partial	None
gene-F5B20DRAFT_281426	rna-gnl|WGS:JAJKKE|F5B20DRAFT_mRNA281426	PF00082.28,PF05922.22	Partial	None
gene-F5B20DRAFT_281478	rna-gnl|WGS:JAJKKE|F5B20DRAFT_mRNA281478	PF03936.22,PF19086.6	Partial	None
gene-F5B20DRAFT_553185	rna-gnl|WGS:JAJKKE|F5B20DRAFT_mRNA553185	PF11635.15,PF20719.3	Complete	None
gene-F5B20DRAFT_281534	rna-gnl|WGS:JAJKKE|F5B20DRAFT_mRNA281534	PF02146.24	Partial	None
gene-F5B20DRAFT_553189	rna-gnl|WGS:JAJKKE|F5B20DRAFT_mRNA553189	PF00176.30,PF00271.38,PF00385.31,PF00385.31,PF04851.22,PF11496.15,PF13907.12,PF18196.8,PF23588.3	Complete	None
gene-F5B20DRAFT_281574	rna-gnl|WGS:JAJKKE|F5B20DRAFT_mRNA281574	PF00005.34,PF00005.34	Complete	None
gene-F5B20DRAFT_281702	rna-gnl|WGS:JAJKKE|F5B20DRAFT_mRNA281702		None	None
gene-F5B20DRAFT_281607	rna-gnl|WGS:JAJKKE|F5B20DRAFT_mRNA281607	PF00397.33,PF00397.33,PF01846.26,PF01846.26,PF01846.26,PF25432.2	Complete	None
gene-F5B20DRAFT_583589	rna-gnl|WGS:JAJKKE|F5B20DRAFT_mRNA583589	PF12735.14	Complete	None
gene-F5B20DRAFT_593125	rna-gnl|WGS:JAJKKE|F5B20DRAFT_mRNA593125	PF20684.4	Partial	None
gene-F5B20DRAFT_593128	rna-gnl|WGS:JAJKKE|F5B20DRAFT_mRNA593128	PF03443.21	Partial	None
gene-F5B20DRAFT_583592	rna-gnl|WGS:JAJKKE|F5B20DRAFT_mRNA583592		None	None
gene-F5B20DRAFT_593129	rna-gnl|WGS:JAJKKE|F5B20DRAFT_mRNA593129	PF01328.23	Partial	None
gene-F5B20DRAFT_593131	rna-gnl|WGS:JAJKKE|F5B20DRAFT_mRNA593131	PF00106.32,PF08659.17,PF13561.13	Partial	None
gene-F5B20DRAFT_553217	rna-gnl|WGS:JAJKKE|F5B20DRAFT_mRNA553217	PF07690.22	Partial	None
gene-F5B20DRAFT_583597	rna-gnl|WGS:JAJKKE|F5B20DRAFT_mRNA583597		None	None
gene-F5B20DRAFT_583598	rna-gnl|WGS:JAJKKE|F5B20DRAFT_mRNA583598		None	None
gene-F5B20DRAFT_593137	rna-gnl|WGS:JAJKKE|F5B20DRAFT_mRNA593137	PF04116.20	Partial	None
gene-F5B20DRAFT_281844	rna-gnl|WGS:JAJKKE|F5B20DRAFT_mRNA281844	PF00561.27	Complete	None
gene-F5B20DRAFT_593141	rna-gnl|WGS:JAJKKE|F5B20DRAFT_mRNA593141	PF13409.13,PF13410.12,PF13417.13	Complete	None
gene-F5B20DRAFT_572427	rna-gnl|WGS:JAJKKE|F5B20DRAFT_mRNA572427	PF04855.18	Partial	None
gene-F5B20DRAFT_281875	rna-gnl|WGS:JAJKKE|F5B20DRAFT_mRNA281875	PF02544.22,PF06966.18	Partial	None
gene-F5B20DRAFT_281897	rna-gnl|WGS:JAJKKE|F5B20DRAFT_mRNA281897	PF11017.15	Partial	None
gene-F5B20DRAFT_281879	rna-gnl|WGS:JAJKKE|F5B20DRAFT_mRNA281879	PF09362.16	Partial	None
gene-F5B20DRAFT_553234	rna-gnl|WGS:JAJKKE|F5B20DRAFT_mRNA553234		None	None
gene-F5B20DRAFT_572429	rna-gnl|WGS:JAJKKE|F5B20DRAFT_mRNA572429	PF00172.24,PF04082.24	Partial	None
gene-F5B20DRAFT_281952	rna-gnl|WGS:JAJKKE|F5B20DRAFT_mRNA281952	PF00172.24,PF04082.24	Partial	None
gene-F5B20DRAFT_281965	rna-gnl|WGS:JAJKKE|F5B20DRAFT_mRNA281965	PF28751.1	Partial	None
gene-F5B20DRAFT_282023	rna-gnl|WGS:JAJKKE|F5B20DRAFT_mRNA282023	PF00083.31,PF07690.22	Partial	None
gene-F5B20DRAFT_281994	rna-gnl|WGS:JAJKKE|F5B20DRAFT_mRNA281994	PF07690.22	Partial	None
gene-F5B20DRAFT_572433	rna-gnl|WGS:JAJKKE|F5B20DRAFT_mRNA572433	PF01546.34,PF07687.20	Complete	None
gene-F5B20DRAFT_553273	rna-gnl|WGS:JAJKKE|F5B20DRAFT_mRNA553273	PF00023.37,PF00023.37,PF12796.14,PF12796.14,PF13637.13,PF14420.12	Complete	None
gene-F5B20DRAFT_553276	rna-gnl|WGS:JAJKKE|F5B20DRAFT_mRNA553276		None	None
gene-F5B20DRAFT_593153	rna-gnl|WGS:JAJKKE|F5B20DRAFT_mRNA593153	PF00840.28	Partial	None
gene-F5B20DRAFT_583616	rna-gnl|WGS:JAJKKE|F5B20DRAFT_mRNA583616	PF13409.13,PF13417.13,PF22041.2	Partial	None
gene-F5B20DRAFT_593157	rna-gnl|WGS:JAJKKE|F5B20DRAFT_mRNA593157		None	None
gene-F5B20DRAFT_593159	rna-gnl|WGS:JAJKKE|F5B20DRAFT_mRNA593159	PF00856.34	Partial	None
gene-F5B20DRAFT_553284	rna-gnl|WGS:JAJKKE|F5B20DRAFT_mRNA553284		None	None
gene-F5B20DRAFT_282348	rna-gnl|WGS:JAJKKE|F5B20DRAFT_mRNA282348		None	None
gene-F5B20DRAFT_553291	rna-gnl|WGS:JAJKKE|F5B20DRAFT_mRNA553291	PF13246.13,PF16209.11,PF16212.12	Complete	None
gene-F5B20DRAFT_583622	rna-gnl|WGS:JAJKKE|F5B20DRAFT_mRNA583622	PF02204.24,PF02845.23,PF18151.7	Complete	None
gene-F5B20DRAFT_553296	rna-gnl|WGS:JAJKKE|F5B20DRAFT_mRNA553296	PF17648.8	Complete	None
gene-F5B20DRAFT_553299	rna-gnl|WGS:JAJKKE|F5B20DRAFT_mRNA553299	PF08450.19	Partial	None
gene-F5B20DRAFT_553302	rna-gnl|WGS:JAJKKE|F5B20DRAFT_mRNA553302	PF01073.26,PF01370.28,PF04321.24,PF16363.12	Partial	None
gene-F5B20DRAFT_282493	rna-gnl|WGS:JAJKKE|F5B20DRAFT_mRNA282493	PF07690.22	Partial	None
gene-F5B20DRAFT_282511	rna-gnl|WGS:JAJKKE|F5B20DRAFT_mRNA282511	PF06912.17	Partial	None
gene-F5B20DRAFT_282506	rna-gnl|WGS:JAJKKE|F5B20DRAFT_mRNA282506	PF00190.29,PF00190.29,PF07883.18,PF07883.18	Complete	None
gene-F5B20DRAFT_593171	rna-gnl|WGS:JAJKKE|F5B20DRAFT_mRNA593171	PF00916.27,PF01740.27	Complete	None
gene-F5B20DRAFT_t72	gene-F5B20DRAFT_t72		None	None
gene-F5B20DRAFT_572441	rna-gnl|WGS:JAJKKE|F5B20DRAFT_mRNA572441	PF00733.28,PF13522.13,PF13537.12	Partial	None
gene-F5B20DRAFT_553325	rna-gnl|WGS:JAJKKE|F5B20DRAFT_mRNA553325	PF01161.27	Partial	None
gene-F5B20DRAFT_553329	rna-gnl|WGS:JAJKKE|F5B20DRAFT_mRNA553329		None	None
gene-F5B20DRAFT_553330	rna-gnl|WGS:JAJKKE|F5B20DRAFT_mRNA553330	PF24864.1	Partial	None
gene-F5B20DRAFT_593184	rna-gnl|WGS:JAJKKE|F5B20DRAFT_mRNA593184	PF00890.31,PF07992.21,PF13450.13	Partial	None
gene-F5B20DRAFT_572456	rna-gnl|WGS:JAJKKE|F5B20DRAFT_mRNA572456	PF07690.22	Partial	None
gene-F5B20DRAFT_282686	rna-gnl|WGS:JAJKKE|F5B20DRAFT_mRNA282686	PF02225.28,PF04253.21,PF04389.23	Complete	None
gene-F5B20DRAFT_553337	rna-gnl|WGS:JAJKKE|F5B20DRAFT_mRNA553337	PF03635.24	Partial	None
gene-F5B20DRAFT_282734	rna-gnl|WGS:JAJKKE|F5B20DRAFT_mRNA282734	PF01237.24	Partial	None
gene-F5B20DRAFT_282725	rna-gnl|WGS:JAJKKE|F5B20DRAFT_mRNA282725	PF00024.33,PF02434.24	Complete	None
gene-F5B20DRAFT_282810	rna-gnl|WGS:JAJKKE|F5B20DRAFT_mRNA282810	PF00067.28	Partial	None
gene-F5B20DRAFT_282806	rna-gnl|WGS:JAJKKE|F5B20DRAFT_mRNA282806		None	None
gene-F5B20DRAFT_553346	rna-gnl|WGS:JAJKKE|F5B20DRAFT_mRNA553346		None	None
gene-F5B20DRAFT_553347	rna-gnl|WGS:JAJKKE|F5B20DRAFT_mRNA553347	PF12697.14	Partial	None
gene-F5B20DRAFT_t73	gene-F5B20DRAFT_t73		None	None
gene-F5B20DRAFT_282885	rna-gnl|WGS:JAJKKE|F5B20DRAFT_mRNA282885	PF01408.29	Partial	None
gene-F5B20DRAFT_282886	rna-gnl|WGS:JAJKKE|F5B20DRAFT_mRNA282886	PF07171.18,PF07364.18	Partial	None
gene-F5B20DRAFT_553352	rna-gnl|WGS:JAJKKE|F5B20DRAFT_mRNA553352	PF00144.30	Partial	None
gene-F5B20DRAFT_593196	rna-gnl|WGS:JAJKKE|F5B20DRAFT_mRNA593196		None	None
gene-F5B20DRAFT_593199	rna-gnl|WGS:JAJKKE|F5B20DRAFT_mRNA593199	PF13532.13	Partial	None
gene-F5B20DRAFT_583650	rna-gnl|WGS:JAJKKE|F5B20DRAFT_mRNA583650	PF01757.29	Partial	None
gene-F5B20DRAFT_t74	gene-F5B20DRAFT_t74		None	None
gene-F5B20DRAFT_553362	rna-gnl|WGS:JAJKKE|F5B20DRAFT_mRNA553362		None	None
gene-F5B20DRAFT_283026	rna-gnl|WGS:JAJKKE|F5B20DRAFT_mRNA283026	PF00171.28	Partial	None
gene-F5B20DRAFT_282996	rna-gnl|WGS:JAJKKE|F5B20DRAFT_mRNA282996	PF19050.6,PF19050.6,PF19050.6	Partial	None
gene-F5B20DRAFT_583653	rna-gnl|WGS:JAJKKE|F5B20DRAFT_mRNA583653	PF01694.29	Complete	None
gene-F5B20DRAFT_553368	rna-gnl|WGS:JAJKKE|F5B20DRAFT_mRNA553368	PF01546.34,PF07687.20	Complete	None
gene-F5B20DRAFT_553370	rna-gnl|WGS:JAJKKE|F5B20DRAFT_mRNA553370	PF26729.1	Partial	None
gene-F5B20DRAFT_553372	rna-gnl|WGS:JAJKKE|F5B20DRAFT_mRNA553372	PF00106.32,PF01370.28,PF08659.17,PF13561.13	Partial	None
gene-F5B20DRAFT_283208	rna-gnl|WGS:JAJKKE|F5B20DRAFT_mRNA283208		None	None
gene-F5B20DRAFT_283258	rna-gnl|WGS:JAJKKE|F5B20DRAFT_mRNA283258		None	None
gene-F5B20DRAFT_572459	rna-gnl|WGS:JAJKKE|F5B20DRAFT_mRNA572459	PF01156.25	Partial	None
gene-F5B20DRAFT_283401	rna-gnl|WGS:JAJKKE|F5B20DRAFT_mRNA283401		None	None
gene-F5B20DRAFT_283758	rna-gnl|WGS:JAJKKE|F5B20DRAFT_mRNA283758	PF00172.24,PF04082.24	Partial	None
gene-F5B20DRAFT_583661	rna-gnl|WGS:JAJKKE|F5B20DRAFT_mRNA583661		None	None
gene-F5B20DRAFT_283319	rna-gnl|WGS:JAJKKE|F5B20DRAFT_mRNA283319	PF00128.32,PF09260.19	Complete	None
gene-F5B20DRAFT_283726	rna-gnl|WGS:JAJKKE|F5B20DRAFT_mRNA283726	PF00172.24,PF04082.24	Partial	None
gene-F5B20DRAFT_553418	rna-gnl|WGS:JAJKKE|F5B20DRAFT_mRNA553418	PF00394.29,PF07731.21,PF07732.22	Complete	None
gene-F5B20DRAFT_553419	rna-gnl|WGS:JAJKKE|F5B20DRAFT_mRNA553419	PF00085.27,PF00462.31	Complete	None
gene-F5B20DRAFT_553420	rna-gnl|WGS:JAJKKE|F5B20DRAFT_mRNA553420		None	None
gene-F5B20DRAFT_572463	rna-gnl|WGS:JAJKKE|F5B20DRAFT_mRNA572463	PF00561.27,PF12146.16,PF12697.14	Partial	None
gene-F5B20DRAFT_t75	gene-F5B20DRAFT_t75		None	None
gene-F5B20DRAFT_583668	rna-gnl|WGS:JAJKKE|F5B20DRAFT_mRNA583668		None	None
gene-F5B20DRAFT_553429	rna-gnl|WGS:JAJKKE|F5B20DRAFT_mRNA553429	PF07217.17	Partial	None
gene-F5B20DRAFT_572465	rna-gnl|WGS:JAJKKE|F5B20DRAFT_mRNA572465		None	None
gene-F5B20DRAFT_583671	rna-gnl|WGS:JAJKKE|F5B20DRAFT_mRNA583671	PF05653.21	Partial	None
gene-F5B20DRAFT_583672	rna-gnl|WGS:JAJKKE|F5B20DRAFT_mRNA583672	PF01522.27	Partial	None
gene-F5B20DRAFT_572467	rna-gnl|WGS:JAJKKE|F5B20DRAFT_mRNA572467	PF01565.29	Partial	None
gene-F5B20DRAFT_583677	rna-gnl|WGS:JAJKKE|F5B20DRAFT_mRNA583677	PF00069.32,PF07714.24	Partial	None
gene-F5B20DRAFT_583678	rna-gnl|WGS:JAJKKE|F5B20DRAFT_mRNA583678		None	None
gene-F5B20DRAFT_553452	rna-gnl|WGS:JAJKKE|F5B20DRAFT_mRNA553452	PF04616.21,PF22847.4	Partial	None
gene-F5B20DRAFT_593576	rna-gnl|WGS:JAJKKE|F5B20DRAFT_mRNA593576		None	None
gene-F5B20DRAFT_553456	rna-gnl|WGS:JAJKKE|F5B20DRAFT_mRNA553456	PF00106.32,PF08659.17,PF13561.13	Partial	None
gene-F5B20DRAFT_593578	rna-gnl|WGS:JAJKKE|F5B20DRAFT_mRNA593578		None	None
gene-F5B20DRAFT_298790	rna-gnl|WGS:JAJKKE|F5B20DRAFT_mRNA298790		None	None
gene-F5B20DRAFT_298843	rna-gnl|WGS:JAJKKE|F5B20DRAFT_mRNA298843	PF05669.18	Partial	None
gene-F5B20DRAFT_298820	rna-gnl|WGS:JAJKKE|F5B20DRAFT_mRNA298820	PF01096.24,PF02150.22	Complete	None
gene-F5B20DRAFT_553470	rna-gnl|WGS:JAJKKE|F5B20DRAFT_mRNA553470		None	None
gene-F5B20DRAFT_298889	rna-gnl|WGS:JAJKKE|F5B20DRAFT_mRNA298889	PF13532.13	Complete	None
gene-F5B20DRAFT_298907	rna-gnl|WGS:JAJKKE|F5B20DRAFT_mRNA298907	PF00067.28	Partial	None
gene-F5B20DRAFT_593580	rna-gnl|WGS:JAJKKE|F5B20DRAFT_mRNA593580	PF07247.18	Partial	None
gene-F5B20DRAFT_583689	rna-gnl|WGS:JAJKKE|F5B20DRAFT_mRNA583689	PF20684.4	Partial	None
gene-F5B20DRAFT_553494	rna-gnl|WGS:JAJKKE|F5B20DRAFT_mRNA553494	PF00155.28	Partial	None
gene-F5B20DRAFT_583691	rna-gnl|WGS:JAJKKE|F5B20DRAFT_mRNA583691	PF00106.32,PF00109.33,PF00550.32,PF00698.27,PF02801.29,PF08240.18,PF08241.19,PF08242.19,PF08659.17,PF13489.13,PF13602.13,PF13649.13,PF13847.13,PF14765.13,PF16197.12,PF21089.4,PF23297.2	Complete	None
gene-F5B20DRAFT_583692	rna-gnl|WGS:JAJKKE|F5B20DRAFT_mRNA583692	PF00106.32,PF08659.17,PF13561.13	Partial	None
gene-F5B20DRAFT_553526	rna-gnl|WGS:JAJKKE|F5B20DRAFT_mRNA553526	PF02458.21,PF02458.21	Partial	None
gene-F5B20DRAFT_553534	rna-gnl|WGS:JAJKKE|F5B20DRAFT_mRNA553534	PF00501.35,PF13193.13	Complete	None
gene-F5B20DRAFT_299624	rna-gnl|WGS:JAJKKE|F5B20DRAFT_mRNA299624		None	None
gene-F5B20DRAFT_299652	rna-gnl|WGS:JAJKKE|F5B20DRAFT_mRNA299652		None	None
gene-F5B20DRAFT_553539	rna-gnl|WGS:JAJKKE|F5B20DRAFT_mRNA553539	PF00253.28	Partial	None
gene-F5B20DRAFT_593584	rna-gnl|WGS:JAJKKE|F5B20DRAFT_mRNA593584	PF22749.3	Partial	None
gene-F5B20DRAFT_299980	rna-gnl|WGS:JAJKKE|F5B20DRAFT_mRNA299980		None	None
gene-F5B20DRAFT_553544	rna-gnl|WGS:JAJKKE|F5B20DRAFT_mRNA553544	PF00764.26,PF20979.3	Partial	None
gene-F5B20DRAFT_299886	rna-gnl|WGS:JAJKKE|F5B20DRAFT_mRNA299886	PF00106.32,PF13561.13	Partial	None
gene-F5B20DRAFT_299990	rna-gnl|WGS:JAJKKE|F5B20DRAFT_mRNA299990		None	None
gene-F5B20DRAFT_299999	rna-gnl|WGS:JAJKKE|F5B20DRAFT_mRNA299999	PF24854.2	Partial	None
gene-F5B20DRAFT_553559	rna-gnl|WGS:JAJKKE|F5B20DRAFT_mRNA553559		None	None
gene-F5B20DRAFT_300037	rna-gnl|WGS:JAJKKE|F5B20DRAFT_mRNA300037		None	None
gene-F5B20DRAFT_553563	rna-gnl|WGS:JAJKKE|F5B20DRAFT_mRNA553563		None	None
gene-F5B20DRAFT_300279	rna-gnl|WGS:JAJKKE|F5B20DRAFT_mRNA300279		None	None
gene-F5B20DRAFT_300086	rna-gnl|WGS:JAJKKE|F5B20DRAFT_mRNA300086	PF08241.19,PF08242.19,PF13489.13,PF13649.13,PF13847.13	Partial	None
gene-F5B20DRAFT_300243	rna-gnl|WGS:JAJKKE|F5B20DRAFT_mRNA300243		None	None
gene-F5B20DRAFT_583711	rna-gnl|WGS:JAJKKE|F5B20DRAFT_mRNA583711		None	None
gene-F5B20DRAFT_572483	rna-gnl|WGS:JAJKKE|F5B20DRAFT_mRNA572483	PF00076.29,PF00076.29	Complete	None
gene-F5B20DRAFT_300777	rna-gnl|WGS:JAJKKE|F5B20DRAFT_mRNA300777		None	None
gene-F5B20DRAFT_553620	rna-gnl|WGS:JAJKKE|F5B20DRAFT_mRNA553620	PF00071.29	Partial	None
gene-F5B20DRAFT_553622	rna-gnl|WGS:JAJKKE|F5B20DRAFT_mRNA553622	PF00400.39,PF00400.39	Complete	None
gene-F5B20DRAFT_583715	rna-gnl|WGS:JAJKKE|F5B20DRAFT_mRNA583715		None	None
gene-F5B20DRAFT_583716	rna-gnl|WGS:JAJKKE|F5B20DRAFT_mRNA583716		None	None
gene-F5B20DRAFT_553638	rna-gnl|WGS:JAJKKE|F5B20DRAFT_mRNA553638	PF18388.7	Partial	None
gene-F5B20DRAFT_583718	rna-gnl|WGS:JAJKKE|F5B20DRAFT_mRNA583718		None	None
gene-F5B20DRAFT_553647	rna-gnl|WGS:JAJKKE|F5B20DRAFT_mRNA553647		None	None
gene-F5B20DRAFT_301151	rna-gnl|WGS:JAJKKE|F5B20DRAFT_mRNA301151	PF03663.21	Partial	None
gene-F5B20DRAFT_301301	rna-gnl|WGS:JAJKKE|F5B20DRAFT_mRNA301301	PF00957.28	Partial	None
gene-F5B20DRAFT_583722	rna-gnl|WGS:JAJKKE|F5B20DRAFT_mRNA583722	PF01731.28	Partial	None
gene-F5B20DRAFT_583724	rna-gnl|WGS:JAJKKE|F5B20DRAFT_mRNA583724	PF00696.34,PF01118.31,PF04768.21,PF22698.2	Complete	None
gene-F5B20DRAFT_553690	rna-gnl|WGS:JAJKKE|F5B20DRAFT_mRNA553690	PF01118.31,PF02774.24	Partial	None
gene-F5B20DRAFT_553691	rna-gnl|WGS:JAJKKE|F5B20DRAFT_mRNA553691	PF00891.25	Partial	None
gene-F5B20DRAFT_572491	rna-gnl|WGS:JAJKKE|F5B20DRAFT_mRNA572491	PF00069.32,PF07714.24	Partial	None
gene-F5B20DRAFT_301626	rna-gnl|WGS:JAJKKE|F5B20DRAFT_mRNA301626	PF00566.26,PF23436.2	Complete	None
gene-F5B20DRAFT_583729	rna-gnl|WGS:JAJKKE|F5B20DRAFT_mRNA583729	PF01822.25	Complete	None
gene-F5B20DRAFT_553707	rna-gnl|WGS:JAJKKE|F5B20DRAFT_mRNA553707	PF01822.25	Complete	None
gene-F5B20DRAFT_553708	rna-gnl|WGS:JAJKKE|F5B20DRAFT_mRNA553708	PF25485.2	Partial	None
gene-F5B20DRAFT_301841	rna-gnl|WGS:JAJKKE|F5B20DRAFT_mRNA301841	PF00387.26,PF00388.26	Complete	None
gene-F5B20DRAFT_583733	rna-gnl|WGS:JAJKKE|F5B20DRAFT_mRNA583733		None	None
gene-F5B20DRAFT_553740	rna-gnl|WGS:JAJKKE|F5B20DRAFT_mRNA553740		None	None
gene-F5B20DRAFT_593610	rna-gnl|WGS:JAJKKE|F5B20DRAFT_mRNA593610		None	None
gene-F5B20DRAFT_553745	rna-gnl|WGS:JAJKKE|F5B20DRAFT_mRNA553745	PF00611.29,PF00620.33	Complete	None
gene-F5B20DRAFT_553764	rna-gnl|WGS:JAJKKE|F5B20DRAFT_mRNA553764	PF03669.19	Partial	None
gene-F5B20DRAFT_301980	rna-gnl|WGS:JAJKKE|F5B20DRAFT_mRNA301980	PF09497.16,PF25326.3	Complete	None
gene-F5B20DRAFT_302076	rna-gnl|WGS:JAJKKE|F5B20DRAFT_mRNA302076	PF20150.5	Partial	None
gene-F5B20DRAFT_593617	rna-gnl|WGS:JAJKKE|F5B20DRAFT_mRNA593617	PF20150.5	Partial	None
gene-F5B20DRAFT_583741	rna-gnl|WGS:JAJKKE|F5B20DRAFT_mRNA583741		None	None
gene-F5B20DRAFT_553776	rna-gnl|WGS:JAJKKE|F5B20DRAFT_mRNA553776	PF00332.25,PF29664.1	Partial	None
gene-F5B20DRAFT_302148	rna-gnl|WGS:JAJKKE|F5B20DRAFT_mRNA302148	PF04193.20,PF04193.20	Complete	None
gene-F5B20DRAFT_583744	rna-gnl|WGS:JAJKKE|F5B20DRAFT_mRNA583744	PF02265.23	Partial	None
gene-F5B20DRAFT_583745	rna-gnl|WGS:JAJKKE|F5B20DRAFT_mRNA583745		None	None
gene-F5B20DRAFT_553788	rna-gnl|WGS:JAJKKE|F5B20DRAFT_mRNA553788	PF27672.1,PF30466.1	Complete	None
gene-F5B20DRAFT_583747	rna-gnl|WGS:JAJKKE|F5B20DRAFT_mRNA583747	PF17784.8	Partial	None
gene-F5B20DRAFT_302352	rna-gnl|WGS:JAJKKE|F5B20DRAFT_mRNA302352	PF17784.8	Partial	None
gene-F5B20DRAFT_553794	rna-gnl|WGS:JAJKKE|F5B20DRAFT_mRNA553794	PF14538.12	Partial	None
gene-F5B20DRAFT_302405	rna-gnl|WGS:JAJKKE|F5B20DRAFT_mRNA302405	PF01344.32,PF07646.22,PF24681.2,PF24981.2	Complete	None
gene-F5B20DRAFT_593626	rna-gnl|WGS:JAJKKE|F5B20DRAFT_mRNA593626	PF01485.28	Partial	None
gene-F5B20DRAFT_593629	rna-gnl|WGS:JAJKKE|F5B20DRAFT_mRNA593629	PF00083.31,PF07690.22	Partial	None
gene-F5B20DRAFT_302427	rna-gnl|WGS:JAJKKE|F5B20DRAFT_mRNA302427	PF01544.24	Partial	None
gene-F5B20DRAFT_302478	rna-gnl|WGS:JAJKKE|F5B20DRAFT_mRNA302478		None	None
gene-F5B20DRAFT_553814	rna-gnl|WGS:JAJKKE|F5B20DRAFT_mRNA553814		None	None
gene-F5B20DRAFT_302503	rna-gnl|WGS:JAJKKE|F5B20DRAFT_mRNA302503	PF00132.31,PF14602.13,PF14602.13	Complete	None
gene-F5B20DRAFT_302521	rna-gnl|WGS:JAJKKE|F5B20DRAFT_mRNA302521	PF01979.27	Partial	None
gene-F5B20DRAFT_583756	rna-gnl|WGS:JAJKKE|F5B20DRAFT_mRNA583756	PF03446.22,PF14833.12	Partial	None
gene-F5B20DRAFT_553821	rna-gnl|WGS:JAJKKE|F5B20DRAFT_mRNA553821	PF00561.27,PF00756.27,PF00975.27,PF12146.16,PF12697.14	Partial	None
gene-F5B20DRAFT_583758	rna-gnl|WGS:JAJKKE|F5B20DRAFT_mRNA583758		None	None
gene-F5B20DRAFT_583759	rna-gnl|WGS:JAJKKE|F5B20DRAFT_mRNA583759	PF07876.19	Partial	None
gene-F5B20DRAFT_553831	rna-gnl|WGS:JAJKKE|F5B20DRAFT_mRNA553831	PF00172.24,PF04082.24	Partial	None
gene-F5B20DRAFT_553838	rna-gnl|WGS:JAJKKE|F5B20DRAFT_mRNA553838	PF01965.31	Partial	None
gene-F5B20DRAFT_583762	rna-gnl|WGS:JAJKKE|F5B20DRAFT_mRNA583762		None	None
gene-F5B20DRAFT_302763	rna-gnl|WGS:JAJKKE|F5B20DRAFT_mRNA302763		None	None
gene-F5B20DRAFT_553853	rna-gnl|WGS:JAJKKE|F5B20DRAFT_mRNA553853		None	None
gene-F5B20DRAFT_572504	rna-gnl|WGS:JAJKKE|F5B20DRAFT_mRNA572504	PF02558.23,PF08546.18	Partial	None
gene-F5B20DRAFT_553855	rna-gnl|WGS:JAJKKE|F5B20DRAFT_mRNA553855	PF08227.17	Partial	None
gene-F5B20DRAFT_572505	rna-gnl|WGS:JAJKKE|F5B20DRAFT_mRNA572505		None	None
gene-F5B20DRAFT_303048	rna-gnl|WGS:JAJKKE|F5B20DRAFT_mRNA303048	PF04032.23	Partial	None
gene-F5B20DRAFT_553862	rna-gnl|WGS:JAJKKE|F5B20DRAFT_mRNA553862	PF00270.36,PF00271.38,PF04851.22	Complete	None
gene-F5B20DRAFT_572507	rna-gnl|WGS:JAJKKE|F5B20DRAFT_mRNA572507	PF08613.17	Partial	None
gene-F5B20DRAFT_593638	rna-gnl|WGS:JAJKKE|F5B20DRAFT_mRNA593638	PF00270.36,PF00271.38	Complete	None
gene-F5B20DRAFT_553880	rna-gnl|WGS:JAJKKE|F5B20DRAFT_mRNA553880	PF12333.15	Partial	None
gene-F5B20DRAFT_303399	rna-gnl|WGS:JAJKKE|F5B20DRAFT_mRNA303399	PF03259.24	Partial	None
gene-F5B20DRAFT_303430	rna-gnl|WGS:JAJKKE|F5B20DRAFT_mRNA303430	PF06609.19,PF07690.22	Partial	None
gene-F5B20DRAFT_593640	rna-gnl|WGS:JAJKKE|F5B20DRAFT_mRNA593640	PF20684.4	Partial	None
gene-F5B20DRAFT_553894	rna-gnl|WGS:JAJKKE|F5B20DRAFT_mRNA553894		None	None
gene-F5B20DRAFT_303604	rna-gnl|WGS:JAJKKE|F5B20DRAFT_mRNA303604		None	None
gene-F5B20DRAFT_303653	rna-gnl|WGS:JAJKKE|F5B20DRAFT_mRNA303653		None	None
gene-F5B20DRAFT_303646	rna-gnl|WGS:JAJKKE|F5B20DRAFT_mRNA303646		None	None
gene-F5B20DRAFT_572514	rna-gnl|WGS:JAJKKE|F5B20DRAFT_mRNA572514	PF01544.24,PF22099.2	Partial	None
gene-F5B20DRAFT_303683	rna-gnl|WGS:JAJKKE|F5B20DRAFT_mRNA303683	PF00967.24	Partial	None
gene-F5B20DRAFT_572515	rna-gnl|WGS:JAJKKE|F5B20DRAFT_mRNA572515	PF05653.21	Partial	None
gene-F5B20DRAFT_303738	rna-gnl|WGS:JAJKKE|F5B20DRAFT_mRNA303738	PF01991.24	Partial	None
gene-F5B20DRAFT_572517	rna-gnl|WGS:JAJKKE|F5B20DRAFT_mRNA572517		None	None
gene-F5B20DRAFT_303832	rna-gnl|WGS:JAJKKE|F5B20DRAFT_mRNA303832	PF13246.13,PF16209.11,PF16212.12	Complete	None
gene-F5B20DRAFT_303875	rna-gnl|WGS:JAJKKE|F5B20DRAFT_mRNA303875	PF05721.20	Partial	None
gene-F5B20DRAFT_303842	rna-gnl|WGS:JAJKKE|F5B20DRAFT_mRNA303842	PF00172.24,PF11951.14	Partial	None
gene-F5B20DRAFT_553920	rna-gnl|WGS:JAJKKE|F5B20DRAFT_mRNA553920	PF00171.28	Partial	None
gene-F5B20DRAFT_553923	rna-gnl|WGS:JAJKKE|F5B20DRAFT_mRNA553923		None	None
gene-F5B20DRAFT_553924	rna-gnl|WGS:JAJKKE|F5B20DRAFT_mRNA553924		None	None
gene-F5B20DRAFT_553928	rna-gnl|WGS:JAJKKE|F5B20DRAFT_mRNA553928	PF04488.22,PF05704.19	Complete	None
gene-F5B20DRAFT_553933	rna-gnl|WGS:JAJKKE|F5B20DRAFT_mRNA553933	PF27641.1	Partial	None
gene-F5B20DRAFT_553935	rna-gnl|WGS:JAJKKE|F5B20DRAFT_mRNA553935	PF00248.28	Partial	None
gene-F5B20DRAFT_553940	rna-gnl|WGS:JAJKKE|F5B20DRAFT_mRNA553940	PF16010.11	Partial	None
gene-F5B20DRAFT_572523	rna-gnl|WGS:JAJKKE|F5B20DRAFT_mRNA572523	PF00022.27	Partial	None
gene-F5B20DRAFT_304120	rna-gnl|WGS:JAJKKE|F5B20DRAFT_mRNA304120		None	None
gene-F5B20DRAFT_304356	rna-gnl|WGS:JAJKKE|F5B20DRAFT_mRNA304356	PF00172.24	Partial	None
gene-F5B20DRAFT_583799	rna-gnl|WGS:JAJKKE|F5B20DRAFT_mRNA583799	PF01636.30	Partial	None
gene-F5B20DRAFT_553970	rna-gnl|WGS:JAJKKE|F5B20DRAFT_mRNA553970	PF02055.23,PF17189.11	Complete	None
gene-F5B20DRAFT_572527	rna-gnl|WGS:JAJKKE|F5B20DRAFT_mRNA572527	PF00005.34,PF00005.34,PF01061.30,PF01061.30,PF06422.19,PF06422.19,PF14510.12,PF19055.7	Complete	None
gene-F5B20DRAFT_554031	rna-gnl|WGS:JAJKKE|F5B20DRAFT_mRNA554031		None	None
gene-F5B20DRAFT_304591	rna-gnl|WGS:JAJKKE|F5B20DRAFT_mRNA304591		None	None
gene-F5B20DRAFT_572528	rna-gnl|WGS:JAJKKE|F5B20DRAFT_mRNA572528		None	None
gene-F5B20DRAFT_304684	rna-gnl|WGS:JAJKKE|F5B20DRAFT_mRNA304684	PF22807.3	Partial	None
gene-F5B20DRAFT_583805	rna-gnl|WGS:JAJKKE|F5B20DRAFT_mRNA583805		None	None
gene-F5B20DRAFT_593651	rna-gnl|WGS:JAJKKE|F5B20DRAFT_mRNA593651	PF24674.1,PF24676.2,PF26633.1	Complete	None
gene-F5B20DRAFT_304701	rna-gnl|WGS:JAJKKE|F5B20DRAFT_mRNA304701		None	None
gene-F5B20DRAFT_554044	rna-gnl|WGS:JAJKKE|F5B20DRAFT_mRNA554044		None	None
gene-F5B20DRAFT_554047	rna-gnl|WGS:JAJKKE|F5B20DRAFT_mRNA554047	PF07915.20,PF12999.13,PF12999.13,PF13015.13	Complete	None
gene-F5B20DRAFT_304810	rna-gnl|WGS:JAJKKE|F5B20DRAFT_mRNA304810	PF04641.19	Partial	None
gene-F5B20DRAFT_554050	rna-gnl|WGS:JAJKKE|F5B20DRAFT_mRNA554050	PF00454.34,PF02259.30,PF02260.26,PF08771.17,PF11865.15,PF23593.2,PF25574.2	Complete	None
gene-F5B20DRAFT_583812	rna-gnl|WGS:JAJKKE|F5B20DRAFT_mRNA583812		None	None
gene-F5B20DRAFT_304952	rna-gnl|WGS:JAJKKE|F5B20DRAFT_mRNA304952	PF06398.18	Partial	None
gene-F5B20DRAFT_554064	rna-gnl|WGS:JAJKKE|F5B20DRAFT_mRNA554064	PF20684.4	Partial	None
gene-F5B20DRAFT_305014	rna-gnl|WGS:JAJKKE|F5B20DRAFT_mRNA305014	PF00561.27,PF12146.16,PF12697.14	Partial	None
gene-F5B20DRAFT_583816	rna-gnl|WGS:JAJKKE|F5B20DRAFT_mRNA583816	PF03881.21	Partial	None
gene-F5B20DRAFT_593668	rna-gnl|WGS:JAJKKE|F5B20DRAFT_mRNA593668	PF00083.31,PF07690.22	Partial	None
gene-F5B20DRAFT_554087	rna-gnl|WGS:JAJKKE|F5B20DRAFT_mRNA554087	PF00083.31,PF07690.22	Partial	None
gene-F5B20DRAFT_583819	rna-gnl|WGS:JAJKKE|F5B20DRAFT_mRNA583819	PF09284.17,PF14683.13,PF14686.13	Complete	None
gene-F5B20DRAFT_572538	rna-gnl|WGS:JAJKKE|F5B20DRAFT_mRNA572538	PF03659.22	Partial	None
gene-F5B20DRAFT_305261	rna-gnl|WGS:JAJKKE|F5B20DRAFT_mRNA305261	PF13324.13	Partial	None
gene-F5B20DRAFT_554102	rna-gnl|WGS:JAJKKE|F5B20DRAFT_mRNA554102		None	None
gene-F5B20DRAFT_554105	rna-gnl|WGS:JAJKKE|F5B20DRAFT_mRNA554105	PF00651.38	Partial	None
gene-F5B20DRAFT_554113	rna-gnl|WGS:JAJKKE|F5B20DRAFT_mRNA554113	PF04072.21	Partial	None
gene-F5B20DRAFT_554116	rna-gnl|WGS:JAJKKE|F5B20DRAFT_mRNA554116		None	None
gene-F5B20DRAFT_554119	rna-gnl|WGS:JAJKKE|F5B20DRAFT_mRNA554119	PF06985.18	Partial	None
gene-F5B20DRAFT_554136	rna-gnl|WGS:JAJKKE|F5B20DRAFT_mRNA554136	PF00732.26,PF05199.20	Complete	None
gene-F5B20DRAFT_554137	rna-gnl|WGS:JAJKKE|F5B20DRAFT_mRNA554137	PF00324.28,PF13520.13	Partial	None
gene-F5B20DRAFT_583829	rna-gnl|WGS:JAJKKE|F5B20DRAFT_mRNA583829	PF01636.30	Partial	None
gene-F5B20DRAFT_593676	rna-gnl|WGS:JAJKKE|F5B20DRAFT_mRNA593676	PF07985.19	Partial	None
gene-F5B20DRAFT_305584	rna-gnl|WGS:JAJKKE|F5B20DRAFT_mRNA305584		None	None
gene-F5B20DRAFT_593678	rna-gnl|WGS:JAJKKE|F5B20DRAFT_mRNA593678	PF20150.5	Partial	None
gene-F5B20DRAFT_554146	rna-gnl|WGS:JAJKKE|F5B20DRAFT_mRNA554146	PF20684.4	Partial	None
gene-F5B20DRAFT_305651	rna-gnl|WGS:JAJKKE|F5B20DRAFT_mRNA305651		None	None
gene-F5B20DRAFT_554149	rna-gnl|WGS:JAJKKE|F5B20DRAFT_mRNA554149		None	None
gene-F5B20DRAFT_305678	rna-gnl|WGS:JAJKKE|F5B20DRAFT_mRNA305678		None	None
gene-F5B20DRAFT_583836	rna-gnl|WGS:JAJKKE|F5B20DRAFT_mRNA583836		None	None
gene-F5B20DRAFT_554154	rna-gnl|WGS:JAJKKE|F5B20DRAFT_mRNA554154	PF20516.5	Partial	None
gene-F5B20DRAFT_593680	rna-gnl|WGS:JAJKKE|F5B20DRAFT_mRNA593680	PF20516.5	Partial	None
gene-F5B20DRAFT_583839	rna-gnl|WGS:JAJKKE|F5B20DRAFT_mRNA583839	PF00122.26,PF00689.27,PF00690.32,PF00702.33,PF08282.19,PF13246.13	Complete	None
gene-F5B20DRAFT_305767	rna-gnl|WGS:JAJKKE|F5B20DRAFT_mRNA305767	PF07005.17,PF17042.11	Complete	None
gene-F5B20DRAFT_554160	rna-gnl|WGS:JAJKKE|F5B20DRAFT_mRNA554160	PF00903.32	Partial	None
gene-F5B20DRAFT_554162	rna-gnl|WGS:JAJKKE|F5B20DRAFT_mRNA554162		None	None
gene-F5B20DRAFT_305805	rna-gnl|WGS:JAJKKE|F5B20DRAFT_mRNA305805	PF00324.28,PF13520.13	Partial	None
gene-F5B20DRAFT_305833	rna-gnl|WGS:JAJKKE|F5B20DRAFT_mRNA305833	PF00561.27,PF03583.21	Partial	None
gene-F5B20DRAFT_593686	rna-gnl|WGS:JAJKKE|F5B20DRAFT_mRNA593686	PF01103.30	Partial	None
gene-F5B20DRAFT_554178	rna-gnl|WGS:JAJKKE|F5B20DRAFT_mRNA554178		None	None
gene-F5B20DRAFT_305986	rna-gnl|WGS:JAJKKE|F5B20DRAFT_mRNA305986		None	None
gene-F5B20DRAFT_t77	gene-F5B20DRAFT_t77		None	None
gene-F5B20DRAFT_583848	rna-gnl|WGS:JAJKKE|F5B20DRAFT_mRNA583848	PF07690.22	Partial	None
gene-F5B20DRAFT_554190	rna-gnl|WGS:JAJKKE|F5B20DRAFT_mRNA554190		None	None
gene-F5B20DRAFT_572555	rna-gnl|WGS:JAJKKE|F5B20DRAFT_mRNA572555	PF00701.29	Partial	None
gene-F5B20DRAFT_583850	rna-gnl|WGS:JAJKKE|F5B20DRAFT_mRNA583850	PF00750.26,PF05746.22	Complete	None
gene-F5B20DRAFT_593688	rna-gnl|WGS:JAJKKE|F5B20DRAFT_mRNA593688		None	None
gene-F5B20DRAFT_554196	rna-gnl|WGS:JAJKKE|F5B20DRAFT_mRNA554196		None	None
gene-F5B20DRAFT_554198	rna-gnl|WGS:JAJKKE|F5B20DRAFT_mRNA554198	PF00385.31	Complete	None
gene-F5B20DRAFT_554203	rna-gnl|WGS:JAJKKE|F5B20DRAFT_mRNA554203	PF07247.18	Partial	None
gene-F5B20DRAFT_583857	rna-gnl|WGS:JAJKKE|F5B20DRAFT_mRNA583857		None	None
gene-F5B20DRAFT_554204	rna-gnl|WGS:JAJKKE|F5B20DRAFT_mRNA554204	PF01979.27,PF07969.18	Partial	None
gene-F5B20DRAFT_306165	rna-gnl|WGS:JAJKKE|F5B20DRAFT_mRNA306165	PF00187.25	Partial	None
gene-F5B20DRAFT_554206	rna-gnl|WGS:JAJKKE|F5B20DRAFT_mRNA554206		None	None
gene-F5B20DRAFT_554207	rna-gnl|WGS:JAJKKE|F5B20DRAFT_mRNA554207		None	None
gene-F5B20DRAFT_306180	rna-gnl|WGS:JAJKKE|F5B20DRAFT_mRNA306180	PF00179.32	Partial	None
gene-F5B20DRAFT_306227	rna-gnl|WGS:JAJKKE|F5B20DRAFT_mRNA306227		None	None
gene-F5B20DRAFT_554217	rna-gnl|WGS:JAJKKE|F5B20DRAFT_mRNA554217	PF00501.35,PF13193.13	Complete	None
gene-F5B20DRAFT_593697	rna-gnl|WGS:JAJKKE|F5B20DRAFT_mRNA593697		None	None
gene-F5B20DRAFT_554228	rna-gnl|WGS:JAJKKE|F5B20DRAFT_mRNA554228	PF00106.32,PF08659.17,PF13561.13,PF23441.1	Partial	None
gene-F5B20DRAFT_554237	rna-gnl|WGS:JAJKKE|F5B20DRAFT_mRNA554237	PF03061.29	Partial	None
gene-F5B20DRAFT_554240	rna-gnl|WGS:JAJKKE|F5B20DRAFT_mRNA554240		None	None
gene-F5B20DRAFT_306491	rna-gnl|WGS:JAJKKE|F5B20DRAFT_mRNA306491		None	None
gene-F5B20DRAFT_306726	rna-gnl|WGS:JAJKKE|F5B20DRAFT_mRNA306726		None	None
gene-F5B20DRAFT_572567	rna-gnl|WGS:JAJKKE|F5B20DRAFT_mRNA572567	PF00106.32,PF01370.28,PF08659.17,PF13561.13	Partial	None
gene-F5B20DRAFT_306768	rna-gnl|WGS:JAJKKE|F5B20DRAFT_mRNA306768		None	None
gene-F5B20DRAFT_554262	rna-gnl|WGS:JAJKKE|F5B20DRAFT_mRNA554262	PF07690.22	Partial	None
gene-F5B20DRAFT_554263	rna-gnl|WGS:JAJKKE|F5B20DRAFT_mRNA554263	PF00172.24,PF11951.14	Partial	None
gene-F5B20DRAFT_554264	rna-gnl|WGS:JAJKKE|F5B20DRAFT_mRNA554264		None	None
gene-F5B20DRAFT_554270	rna-gnl|WGS:JAJKKE|F5B20DRAFT_mRNA554270	PF19527.5	Partial	None
gene-F5B20DRAFT_572573	rna-gnl|WGS:JAJKKE|F5B20DRAFT_mRNA572573	PF14479.12,PF24476.2	Partial	None
gene-F5B20DRAFT_572574	rna-gnl|WGS:JAJKKE|F5B20DRAFT_mRNA572574	PF00069.32,PF07714.24	Partial	None
gene-F5B20DRAFT_306961	rna-gnl|WGS:JAJKKE|F5B20DRAFT_mRNA306961		None	None
gene-F5B20DRAFT_307000	rna-gnl|WGS:JAJKKE|F5B20DRAFT_mRNA307000	PF20150.5	Partial	None
gene-F5B20DRAFT_593712	rna-gnl|WGS:JAJKKE|F5B20DRAFT_mRNA593712	PF00385.31	Complete	None
gene-F5B20DRAFT_554289	rna-gnl|WGS:JAJKKE|F5B20DRAFT_mRNA554289	PF12550.14	Complete	None
gene-F5B20DRAFT_307088	rna-gnl|WGS:JAJKKE|F5B20DRAFT_mRNA307088		None	None
gene-F5B20DRAFT_572577	rna-gnl|WGS:JAJKKE|F5B20DRAFT_mRNA572577	PF11051.15	Partial	None
gene-F5B20DRAFT_572580	rna-gnl|WGS:JAJKKE|F5B20DRAFT_mRNA572580	PF00350.30,PF01031.26	Partial	None
gene-F5B20DRAFT_554301	rna-gnl|WGS:JAJKKE|F5B20DRAFT_mRNA554301		None	None
gene-F5B20DRAFT_554302	rna-gnl|WGS:JAJKKE|F5B20DRAFT_mRNA554302	PF00083.31,PF07690.22	Partial	None
gene-F5B20DRAFT_554310	rna-gnl|WGS:JAJKKE|F5B20DRAFT_mRNA554310	PF04616.21,PF17851.9	Partial	None
gene-F5B20DRAFT_554319	rna-gnl|WGS:JAJKKE|F5B20DRAFT_mRNA554319	PF07690.22	Partial	None
gene-F5B20DRAFT_554324	rna-gnl|WGS:JAJKKE|F5B20DRAFT_mRNA554324		None	None
gene-F5B20DRAFT_307382	rna-gnl|WGS:JAJKKE|F5B20DRAFT_mRNA307382		None	None
gene-F5B20DRAFT_593722	rna-gnl|WGS:JAJKKE|F5B20DRAFT_mRNA593722		None	None
gene-F5B20DRAFT_554329	rna-gnl|WGS:JAJKKE|F5B20DRAFT_mRNA554329		None	None
gene-F5B20DRAFT_554330	rna-gnl|WGS:JAJKKE|F5B20DRAFT_mRNA554330	PF13921.13	Complete	None
gene-F5B20DRAFT_593724	rna-gnl|WGS:JAJKKE|F5B20DRAFT_mRNA593724		None	None
gene-F5B20DRAFT_307430	rna-gnl|WGS:JAJKKE|F5B20DRAFT_mRNA307430	PF00023.37,PF12937.13,PF13606.13	Complete	None
gene-F5B20DRAFT_307438	rna-gnl|WGS:JAJKKE|F5B20DRAFT_mRNA307438	PF00023.37,PF00023.37,PF12796.14,PF13637.13,PF13637.13,PF13857.13	Partial	None
gene-F5B20DRAFT_307450	rna-gnl|WGS:JAJKKE|F5B20DRAFT_mRNA307450	PF00561.27,PF12146.16	Partial	None
gene-F5B20DRAFT_583896	rna-gnl|WGS:JAJKKE|F5B20DRAFT_mRNA583896	PF01812.28	Partial	None
gene-F5B20DRAFT_307482	rna-gnl|WGS:JAJKKE|F5B20DRAFT_mRNA307482	PF00083.31,PF07690.22	Partial	None
gene-F5B20DRAFT_554354	rna-gnl|WGS:JAJKKE|F5B20DRAFT_mRNA554354	PF00106.32,PF08659.17,PF13561.13	Partial	None
gene-F5B20DRAFT_307773	rna-gnl|WGS:JAJKKE|F5B20DRAFT_mRNA307773		None	None
gene-F5B20DRAFT_554364	rna-gnl|WGS:JAJKKE|F5B20DRAFT_mRNA554364		None	None
gene-F5B20DRAFT_554367	rna-gnl|WGS:JAJKKE|F5B20DRAFT_mRNA554367	PF00324.28,PF13520.13	Partial	None
gene-F5B20DRAFT_554370	rna-gnl|WGS:JAJKKE|F5B20DRAFT_mRNA554370		None	None
gene-F5B20DRAFT_554371	rna-gnl|WGS:JAJKKE|F5B20DRAFT_mRNA554371	PF04121.19	Partial	None
gene-F5B20DRAFT_307933	rna-gnl|WGS:JAJKKE|F5B20DRAFT_mRNA307933	PF07200.19	Partial	None
gene-F5B20DRAFT_583904	rna-gnl|WGS:JAJKKE|F5B20DRAFT_mRNA583904		None	None
gene-F5B20DRAFT_307942	rna-gnl|WGS:JAJKKE|F5B20DRAFT_mRNA307942	PF00646.39,PF12937.13	Complete	None
gene-F5B20DRAFT_308241	rna-gnl|WGS:JAJKKE|F5B20DRAFT_mRNA308241	PF03223.21	Partial	None
gene-F5B20DRAFT_554402	rna-gnl|WGS:JAJKKE|F5B20DRAFT_mRNA554402	PF01583.27	Partial	None
gene-F5B20DRAFT_554403	rna-gnl|WGS:JAJKKE|F5B20DRAFT_mRNA554403	PF03061.29	Complete	None
gene-F5B20DRAFT_583910	rna-gnl|WGS:JAJKKE|F5B20DRAFT_mRNA583910		None	None
gene-F5B20DRAFT_308345	rna-gnl|WGS:JAJKKE|F5B20DRAFT_mRNA308345	PF03914.24,PF30691.1	Complete	None
gene-F5B20DRAFT_308358	rna-gnl|WGS:JAJKKE|F5B20DRAFT_mRNA308358	PF00587.31	Partial	None
gene-F5B20DRAFT_308437	rna-gnl|WGS:JAJKKE|F5B20DRAFT_mRNA308437	PF00135.35,PF20434.6	Partial	None
gene-F5B20DRAFT_308467	rna-gnl|WGS:JAJKKE|F5B20DRAFT_mRNA308467	PF06500.18	Partial	None
gene-F5B20DRAFT_572598	rna-gnl|WGS:JAJKKE|F5B20DRAFT_mRNA572598	PF00732.26,PF00732.26,PF05199.20	Complete	None
gene-F5B20DRAFT_309181	rna-gnl|WGS:JAJKKE|F5B20DRAFT_mRNA309181	PF00023.37,PF00023.37,PF00023.37,PF00023.37,PF12796.14,PF13606.13,PF26128.2	Complete	None
gene-F5B20DRAFT_572600	rna-gnl|WGS:JAJKKE|F5B20DRAFT_mRNA572600	PF20684.4	Partial	None
gene-F5B20DRAFT_309621	rna-gnl|WGS:JAJKKE|F5B20DRAFT_mRNA309621	PF00172.24,PF27599.1	Partial	None
gene-F5B20DRAFT_583919	rna-gnl|WGS:JAJKKE|F5B20DRAFT_mRNA583919	PF06500.18	Partial	None
gene-F5B20DRAFT_583920	rna-gnl|WGS:JAJKKE|F5B20DRAFT_mRNA583920	PF00106.32,PF00109.33,PF00501.35,PF00550.32,PF00550.32,PF00668.26,PF00698.27,PF01073.26,PF01370.28,PF02801.29,PF07993.19,PF08241.19,PF08242.19,PF08659.17,PF13649.13,PF13847.13,PF14765.13,PF16197.12,PF21089.4,PF22336.3,PF22621.3	Complete	None
gene-F5B20DRAFT_308934	rna-gnl|WGS:JAJKKE|F5B20DRAFT_mRNA308934	PF00083.31,PF06609.19,PF07690.22	Partial	None
gene-F5B20DRAFT_572604	rna-gnl|WGS:JAJKKE|F5B20DRAFT_mRNA572604	PF00067.28	Partial	None
gene-F5B20DRAFT_572605	rna-gnl|WGS:JAJKKE|F5B20DRAFT_mRNA572605	PF08240.18	Partial	None
gene-F5B20DRAFT_309291	rna-gnl|WGS:JAJKKE|F5B20DRAFT_mRNA309291	PF22903.4	Partial	None
gene-F5B20DRAFT_583925	rna-gnl|WGS:JAJKKE|F5B20DRAFT_mRNA583925	PF00763.29	Partial	None
gene-F5B20DRAFT_554467	rna-gnl|WGS:JAJKKE|F5B20DRAFT_mRNA554467	PF12460.15,PF14500.12	Complete	None
gene-F5B20DRAFT_554469	rna-gnl|WGS:JAJKKE|F5B20DRAFT_mRNA554469	PF06703.17	Partial	None
gene-F5B20DRAFT_309813	rna-gnl|WGS:JAJKKE|F5B20DRAFT_mRNA309813	PF01956.22	Partial	None
gene-F5B20DRAFT_309817	rna-gnl|WGS:JAJKKE|F5B20DRAFT_mRNA309817	PF03876.23,PF08292.19	Partial	None
gene-F5B20DRAFT_309871	rna-gnl|WGS:JAJKKE|F5B20DRAFT_mRNA309871	PF10453.15	Complete	None
gene-F5B20DRAFT_309883	rna-gnl|WGS:JAJKKE|F5B20DRAFT_mRNA309883	PF01201.28	Partial	None
gene-F5B20DRAFT_554478	rna-gnl|WGS:JAJKKE|F5B20DRAFT_mRNA554478	PF00829.27	Partial	None
gene-F5B20DRAFT_309888	rna-gnl|WGS:JAJKKE|F5B20DRAFT_mRNA309888	PF00069.32,PF07714.24	Complete	None
gene-F5B20DRAFT_309918	rna-gnl|WGS:JAJKKE|F5B20DRAFT_mRNA309918	PF00428.25	Partial	None
gene-F5B20DRAFT_309951	rna-gnl|WGS:JAJKKE|F5B20DRAFT_mRNA309951	PF08243.17	Complete	None
gene-F5B20DRAFT_309948	rna-gnl|WGS:JAJKKE|F5B20DRAFT_mRNA309948	PF04616.21	Partial	None
gene-F5B20DRAFT_554492	rna-gnl|WGS:JAJKKE|F5B20DRAFT_mRNA554492	PF02133.22	Partial	None
gene-F5B20DRAFT_554499	rna-gnl|WGS:JAJKKE|F5B20DRAFT_mRNA554499	PF00646.39	Partial	None
gene-F5B20DRAFT_572616	rna-gnl|WGS:JAJKKE|F5B20DRAFT_mRNA572616	PF00533.34,PF00644.27,PF02877.20,PF05406.21,PF12738.14	Complete	None
gene-F5B20DRAFT_310078	rna-gnl|WGS:JAJKKE|F5B20DRAFT_mRNA310078	PF12697.14	Partial	None
gene-F5B20DRAFT_583942	rna-gnl|WGS:JAJKKE|F5B20DRAFT_mRNA583942	PF00155.28,PF00266.26,PF01053.27	Partial	None
gene-F5B20DRAFT_572619	rna-gnl|WGS:JAJKKE|F5B20DRAFT_mRNA572619	PF11374.14	Partial	None
gene-F5B20DRAFT_310224	rna-gnl|WGS:JAJKKE|F5B20DRAFT_mRNA310224	PF03443.21	Partial	None
gene-F5B20DRAFT_554523	rna-gnl|WGS:JAJKKE|F5B20DRAFT_mRNA554523	PF00166.27	Partial	None
gene-F5B20DRAFT_554526	rna-gnl|WGS:JAJKKE|F5B20DRAFT_mRNA554526	PF00069.32,PF07714.24	Partial	None
gene-F5B20DRAFT_572622	rna-gnl|WGS:JAJKKE|F5B20DRAFT_mRNA572622	PF00298.25,PF03946.20	Partial	None
gene-F5B20DRAFT_554531	rna-gnl|WGS:JAJKKE|F5B20DRAFT_mRNA554531	PF08622.18	Partial	None
gene-F5B20DRAFT_554540	rna-gnl|WGS:JAJKKE|F5B20DRAFT_mRNA554540	PF02969.24,PF15511.13	Partial	None
gene-F5B20DRAFT_310737	rna-gnl|WGS:JAJKKE|F5B20DRAFT_mRNA310737		None	None
gene-F5B20DRAFT_554572	rna-gnl|WGS:JAJKKE|F5B20DRAFT_mRNA554572		None	None
gene-F5B20DRAFT_554574	rna-gnl|WGS:JAJKKE|F5B20DRAFT_mRNA554574		None	None
gene-F5B20DRAFT_311135	rna-gnl|WGS:JAJKKE|F5B20DRAFT_mRNA311135		None	None
gene-F5B20DRAFT_554599	rna-gnl|WGS:JAJKKE|F5B20DRAFT_mRNA554599	PF00004.36,PF03028.22,PF07728.21,PF07728.21,PF08385.18,PF08393.19,PF12774.14,PF12775.14,PF12777.12,PF12780.14,PF12781.14,PF17852.7,PF22597.3	Complete	None
gene-F5B20DRAFT_311219	rna-gnl|WGS:JAJKKE|F5B20DRAFT_mRNA311219		None	None
gene-F5B20DRAFT_311220	rna-gnl|WGS:JAJKKE|F5B20DRAFT_mRNA311220	PF00320.34,PF00320.34	Complete	None
gene-F5B20DRAFT_554604	rna-gnl|WGS:JAJKKE|F5B20DRAFT_mRNA554604	PF08507.16	Partial	None
gene-F5B20DRAFT_593787	rna-gnl|WGS:JAJKKE|F5B20DRAFT_mRNA593787	PF11309.14	Partial	None
gene-F5B20DRAFT_572632	rna-gnl|WGS:JAJKKE|F5B20DRAFT_mRNA572632	PF00149.34,PF08700.18,PF16528.12,PF25345.1	Complete	None
gene-F5B20DRAFT_554611	rna-gnl|WGS:JAJKKE|F5B20DRAFT_mRNA554611	PF02064.22	Partial	None
gene-F5B20DRAFT_311338	rna-gnl|WGS:JAJKKE|F5B20DRAFT_mRNA311338	PF00258.31,PF04055.28,PF08608.18	Complete	None
gene-F5B20DRAFT_572635	rna-gnl|WGS:JAJKKE|F5B20DRAFT_mRNA572635		None	None
gene-F5B20DRAFT_311367	rna-gnl|WGS:JAJKKE|F5B20DRAFT_mRNA311367	PF02037.34,PF28976.1	Complete	None
gene-F5B20DRAFT_593790	rna-gnl|WGS:JAJKKE|F5B20DRAFT_mRNA593790	PF01370.28,PF22917.3	Partial	None
gene-F5B20DRAFT_593792	rna-gnl|WGS:JAJKKE|F5B20DRAFT_mRNA593792	PF00172.24	Partial	None
gene-F5B20DRAFT_572658	rna-gnl|WGS:JAJKKE|F5B20DRAFT_mRNA572658		None	None
gene-F5B20DRAFT_572639	rna-gnl|WGS:JAJKKE|F5B20DRAFT_mRNA572639	PF00023.37,PF00023.37,PF00023.37,PF01048.27,PF12796.14,PF12796.14,PF12796.14,PF12796.14,PF13637.13,PF13857.13,PF22939.3,PF24883.3	Complete	None
gene-F5B20DRAFT_554630	rna-gnl|WGS:JAJKKE|F5B20DRAFT_mRNA554630	PF00884.29,PF16347.11	Complete	None
gene-F5B20DRAFT_311458	rna-gnl|WGS:JAJKKE|F5B20DRAFT_mRNA311458	PF03663.21	Partial	None
gene-F5B20DRAFT_583971	rna-gnl|WGS:JAJKKE|F5B20DRAFT_mRNA583971		None	None
gene-F5B20DRAFT_554637	rna-gnl|WGS:JAJKKE|F5B20DRAFT_mRNA554637	PF00144.30,PF26335.1	Complete	None
gene-F5B20DRAFT_554641	rna-gnl|WGS:JAJKKE|F5B20DRAFT_mRNA554641	PF24802.2	Partial	None
gene-F5B20DRAFT_311603	rna-gnl|WGS:JAJKKE|F5B20DRAFT_mRNA311603	PF06172.18	Partial	None
gene-F5B20DRAFT_572644	rna-gnl|WGS:JAJKKE|F5B20DRAFT_mRNA572644	PF00106.32,PF00108.30,PF00109.33,PF00550.32,PF00550.32,PF00698.27,PF00975.27,PF02801.29,PF08242.19,PF08659.17,PF18558.9	Complete	None
gene-F5B20DRAFT_311828	rna-gnl|WGS:JAJKKE|F5B20DRAFT_mRNA311828	PF00106.32,PF08659.17	Partial	None
gene-F5B20DRAFT_554658	rna-gnl|WGS:JAJKKE|F5B20DRAFT_mRNA554658		None	None
gene-F5B20DRAFT_554661	rna-gnl|WGS:JAJKKE|F5B20DRAFT_mRNA554661		None	None
gene-F5B20DRAFT_554665	rna-gnl|WGS:JAJKKE|F5B20DRAFT_mRNA554665	PF12708.13,PF12708.13	Complete	None
gene-F5B20DRAFT_311964	rna-gnl|WGS:JAJKKE|F5B20DRAFT_mRNA311964	PF07690.22	Partial	None
gene-F5B20DRAFT_572648	rna-gnl|WGS:JAJKKE|F5B20DRAFT_mRNA572648	PF20684.4	Partial	None
gene-F5B20DRAFT_554702	rna-gnl|WGS:JAJKKE|F5B20DRAFT_mRNA554702	PF00067.28	Partial	None
gene-F5B20DRAFT_554710	rna-gnl|WGS:JAJKKE|F5B20DRAFT_mRNA554710	PF01636.30,PF01636.30	Complete	None
gene-F5B20DRAFT_593838	rna-gnl|WGS:JAJKKE|F5B20DRAFT_mRNA593838	PF00067.28	Partial	None
gene-F5B20DRAFT_583986	rna-gnl|WGS:JAJKKE|F5B20DRAFT_mRNA583986	PF01040.24	Partial	None
gene-F5B20DRAFT_572653	rna-gnl|WGS:JAJKKE|F5B20DRAFT_mRNA572653	PF12697.14	Partial	None
gene-F5B20DRAFT_312256	rna-gnl|WGS:JAJKKE|F5B20DRAFT_mRNA312256	PF08241.19,PF13489.13,PF13649.13	Partial	None
gene-F5B20DRAFT_312259	rna-gnl|WGS:JAJKKE|F5B20DRAFT_mRNA312259	PF20684.4	Partial	None
gene-F5B20DRAFT_554729	rna-gnl|WGS:JAJKKE|F5B20DRAFT_mRNA554729	PF00117.35,PF00988.29	Partial	None
gene-F5B20DRAFT_554731	rna-gnl|WGS:JAJKKE|F5B20DRAFT_mRNA554731	PF01012.28	Partial	None
gene-F5B20DRAFT_554733	rna-gnl|WGS:JAJKKE|F5B20DRAFT_mRNA554733	PF01412.24	Partial	None
gene-F5B20DRAFT_554737	rna-gnl|WGS:JAJKKE|F5B20DRAFT_mRNA554737	PF00076.29,PF00076.29	Complete	None
gene-F5B20DRAFT_554743	rna-gnl|WGS:JAJKKE|F5B20DRAFT_mRNA554743	PF00175.27,PF00258.31,PF00667.27	Complete	None
gene-F5B20DRAFT_554746	rna-gnl|WGS:JAJKKE|F5B20DRAFT_mRNA554746		None	None
gene-F5B20DRAFT_312468	rna-gnl|WGS:JAJKKE|F5B20DRAFT_mRNA312468	PF00026.29	Partial	None
gene-F5B20DRAFT_593843	rna-gnl|WGS:JAJKKE|F5B20DRAFT_mRNA593843		None	None
gene-F5B20DRAFT_583999	rna-gnl|WGS:JAJKKE|F5B20DRAFT_mRNA583999	PF00069.32	Partial	None
gene-F5B20DRAFT_554756	rna-gnl|WGS:JAJKKE|F5B20DRAFT_mRNA554756	PF00646.39,PF12937.13	Complete	None
gene-F5B20DRAFT_554760	rna-gnl|WGS:JAJKKE|F5B20DRAFT_mRNA554760	PF03177.21,PF08801.18	Partial	None
gene-F5B20DRAFT_554762	rna-gnl|WGS:JAJKKE|F5B20DRAFT_mRNA554762	PF00106.32,PF08659.17,PF13561.13	Partial	None
gene-F5B20DRAFT_554763	rna-gnl|WGS:JAJKKE|F5B20DRAFT_mRNA554763	PF03694.19	Partial	None
gene-F5B20DRAFT_584004	rna-gnl|WGS:JAJKKE|F5B20DRAFT_mRNA584004	PF01087.28,PF02744.23	Partial	None
gene-F5B20DRAFT_554775	rna-gnl|WGS:JAJKKE|F5B20DRAFT_mRNA554775	PF00249.38,PF00569.24,PF04433.24,PF13921.13,PF22941.2,PF25299.2	Complete	None
gene-F5B20DRAFT_554776	rna-gnl|WGS:JAJKKE|F5B20DRAFT_mRNA554776	PF10250.16	Partial	None
gene-F5B20DRAFT_554778	rna-gnl|WGS:JAJKKE|F5B20DRAFT_mRNA554778	PF00581.26	Partial	None
gene-F5B20DRAFT_584008	rna-gnl|WGS:JAJKKE|F5B20DRAFT_mRNA584008		None	None
gene-F5B20DRAFT_554780	rna-gnl|WGS:JAJKKE|F5B20DRAFT_mRNA554780		None	None
gene-F5B20DRAFT_312684	rna-gnl|WGS:JAJKKE|F5B20DRAFT_mRNA312684	PF01189.24	Partial	None
gene-F5B20DRAFT_312699	rna-gnl|WGS:JAJKKE|F5B20DRAFT_mRNA312699	PF00005.34,PF00005.34,PF00664.29,PF00664.29	Complete	None
gene-F5B20DRAFT_312740	rna-gnl|WGS:JAJKKE|F5B20DRAFT_mRNA312740	PF00732.26,PF05199.20	Complete	None
gene-F5B20DRAFT_554791	rna-gnl|WGS:JAJKKE|F5B20DRAFT_mRNA554791		None	None
gene-F5B20DRAFT_312790	rna-gnl|WGS:JAJKKE|F5B20DRAFT_mRNA312790	PF06985.18,PF26639.1	Complete	None
gene-F5B20DRAFT_584016	rna-gnl|WGS:JAJKKE|F5B20DRAFT_mRNA584016	PF05368.20,PF13460.13	Partial	None
gene-F5B20DRAFT_312782	rna-gnl|WGS:JAJKKE|F5B20DRAFT_mRNA312782		None	None
gene-F5B20DRAFT_593848	rna-gnl|WGS:JAJKKE|F5B20DRAFT_mRNA593848	PF09044.16	Partial	None
gene-F5B20DRAFT_554800	rna-gnl|WGS:JAJKKE|F5B20DRAFT_mRNA554800		None	None
gene-F5B20DRAFT_312901	rna-gnl|WGS:JAJKKE|F5B20DRAFT_mRNA312901	PF00920.28,PF24877.2	Complete	None
gene-F5B20DRAFT_312894	rna-gnl|WGS:JAJKKE|F5B20DRAFT_mRNA312894		None	None
gene-F5B20DRAFT_554815	rna-gnl|WGS:JAJKKE|F5B20DRAFT_mRNA554815		None	None
gene-F5B20DRAFT_593856	rna-gnl|WGS:JAJKKE|F5B20DRAFT_mRNA593856	PF01490.25	Partial	None
gene-F5B20DRAFT_584024	rna-gnl|WGS:JAJKKE|F5B20DRAFT_mRNA584024		None	None
gene-F5B20DRAFT_554820	rna-gnl|WGS:JAJKKE|F5B20DRAFT_mRNA554820	PF00005.34,PF00005.34,PF00664.29,PF00664.29	Complete	None
gene-F5B20DRAFT_313133	rna-gnl|WGS:JAJKKE|F5B20DRAFT_mRNA313133	PF03959.20	Partial	None
gene-F5B20DRAFT_313171	rna-gnl|WGS:JAJKKE|F5B20DRAFT_mRNA313171	PF00106.32,PF00107.33,PF00109.33,PF00550.32,PF00698.27,PF02801.29,PF08240.18,PF08659.17,PF13561.13,PF13602.13,PF14765.13,PF16197.12,PF21089.4,PF22621.3,PF23114.1,PF23297.2	Complete	None
gene-F5B20DRAFT_584028	rna-gnl|WGS:JAJKKE|F5B20DRAFT_mRNA584028	PF02333.21	Partial	None
gene-F5B20DRAFT_554832	rna-gnl|WGS:JAJKKE|F5B20DRAFT_mRNA554832	PF14497.12	Partial	None
gene-F5B20DRAFT_554835	rna-gnl|WGS:JAJKKE|F5B20DRAFT_mRNA554835	PF00248.28	Partial	None
gene-F5B20DRAFT_313291	rna-gnl|WGS:JAJKKE|F5B20DRAFT_mRNA313291	PF00324.28,PF13520.13	Partial	None
gene-F5B20DRAFT_313312	rna-gnl|WGS:JAJKKE|F5B20DRAFT_mRNA313312	PF00106.32,PF08659.17,PF13561.13	Partial	None
gene-F5B20DRAFT_554842	rna-gnl|WGS:JAJKKE|F5B20DRAFT_mRNA554842	PF04479.19	Partial	None
gene-F5B20DRAFT_584034	rna-gnl|WGS:JAJKKE|F5B20DRAFT_mRNA584034		None	None
gene-F5B20DRAFT_554854	rna-gnl|WGS:JAJKKE|F5B20DRAFT_mRNA554854	PF04104.20,PF26466.1	Partial	None
gene-F5B20DRAFT_554856	rna-gnl|WGS:JAJKKE|F5B20DRAFT_mRNA554856	PF00561.27,PF06441.19	Partial	None
gene-F5B20DRAFT_584037	rna-gnl|WGS:JAJKKE|F5B20DRAFT_mRNA584037		None	None
gene-F5B20DRAFT_554857	rna-gnl|WGS:JAJKKE|F5B20DRAFT_mRNA554857	PF20684.4	Partial	None
gene-F5B20DRAFT_554859	rna-gnl|WGS:JAJKKE|F5B20DRAFT_mRNA554859		None	None
gene-F5B20DRAFT_554861	rna-gnl|WGS:JAJKKE|F5B20DRAFT_mRNA554861	PF00067.28	Partial	None
gene-F5B20DRAFT_572687	rna-gnl|WGS:JAJKKE|F5B20DRAFT_mRNA572687	PF00005.34,PF00005.34,PF01061.30,PF01061.30,PF06422.19,PF14510.12	Complete	None
gene-F5B20DRAFT_313740	rna-gnl|WGS:JAJKKE|F5B20DRAFT_mRNA313740	PF14420.12	Partial	None
gene-F5B20DRAFT_584045	rna-gnl|WGS:JAJKKE|F5B20DRAFT_mRNA584045	PF00005.34,PF00005.34,PF01061.30,PF01061.30,PF06422.19,PF14510.12	Complete	None
gene-F5B20DRAFT_593892	rna-gnl|WGS:JAJKKE|F5B20DRAFT_mRNA593892		None	None
gene-F5B20DRAFT_314010	rna-gnl|WGS:JAJKKE|F5B20DRAFT_mRNA314010	PF00743.26,PF13434.13,PF13450.13	Partial	None
gene-F5B20DRAFT_314072	rna-gnl|WGS:JAJKKE|F5B20DRAFT_mRNA314072	PF00069.32,PF07714.24	Partial	None
gene-F5B20DRAFT_314128	rna-gnl|WGS:JAJKKE|F5B20DRAFT_mRNA314128		None	None
gene-F5B20DRAFT_554925	rna-gnl|WGS:JAJKKE|F5B20DRAFT_mRNA554925		None	None
gene-F5B20DRAFT_314131	rna-gnl|WGS:JAJKKE|F5B20DRAFT_mRNA314131	PF06058.20	Partial	None
gene-F5B20DRAFT_554930	rna-gnl|WGS:JAJKKE|F5B20DRAFT_mRNA554930	PF21310.4,PF22669.3,PF22669.3	Complete	None
gene-F5B20DRAFT_554940	rna-gnl|WGS:JAJKKE|F5B20DRAFT_mRNA554940		None	None
gene-F5B20DRAFT_314198	rna-gnl|WGS:JAJKKE|F5B20DRAFT_mRNA314198	PF00909.27	Partial	None
gene-F5B20DRAFT_314245	rna-gnl|WGS:JAJKKE|F5B20DRAFT_mRNA314245		None	None
gene-F5B20DRAFT_554946	rna-gnl|WGS:JAJKKE|F5B20DRAFT_mRNA554946		None	None
gene-F5B20DRAFT_554956	rna-gnl|WGS:JAJKKE|F5B20DRAFT_mRNA554956	PF11951.14	Partial	None
gene-F5B20DRAFT_314556	rna-gnl|WGS:JAJKKE|F5B20DRAFT_mRNA314556		None	None
gene-F5B20DRAFT_314629	rna-gnl|WGS:JAJKKE|F5B20DRAFT_mRNA314629	PF00168.37,PF00168.37,PF25331.2,PF25669.2	Complete	None
gene-F5B20DRAFT_584056	rna-gnl|WGS:JAJKKE|F5B20DRAFT_mRNA584056	PF08241.19,PF13649.13,PF13847.13	Partial	None
gene-F5B20DRAFT_584057	rna-gnl|WGS:JAJKKE|F5B20DRAFT_mRNA584057	PF01425.27	Partial	None
gene-F5B20DRAFT_572697	rna-gnl|WGS:JAJKKE|F5B20DRAFT_mRNA572697	PF02065.25,PF16874.12,PF16875.12	Complete	None
gene-F5B20DRAFT_314664	rna-gnl|WGS:JAJKKE|F5B20DRAFT_mRNA314664	PF06283.18	Partial	None
gene-F5B20DRAFT_554997	rna-gnl|WGS:JAJKKE|F5B20DRAFT_mRNA554997		None	None
gene-F5B20DRAFT_593906	rna-gnl|WGS:JAJKKE|F5B20DRAFT_mRNA593906	PF00732.26,PF00732.26,PF05199.20	Complete	None
gene-F5B20DRAFT_572699	rna-gnl|WGS:JAJKKE|F5B20DRAFT_mRNA572699	PF00106.32,PF00109.33,PF00550.32,PF00698.27,PF02801.29,PF08241.19,PF08242.19,PF08659.17,PF13489.13,PF13649.13,PF13847.13,PF14765.13,PF16197.12,PF21089.4,PF23114.1,PF23297.2	Complete	None
gene-F5B20DRAFT_584063	rna-gnl|WGS:JAJKKE|F5B20DRAFT_mRNA584063	PF00732.26,PF05199.20	Complete	None
gene-F5B20DRAFT_314730	rna-gnl|WGS:JAJKKE|F5B20DRAFT_mRNA314730	PF00890.31,PF01494.26,PF22607.3	Partial	None
gene-F5B20DRAFT_555005	rna-gnl|WGS:JAJKKE|F5B20DRAFT_mRNA555005		None	None
gene-F5B20DRAFT_555010	rna-gnl|WGS:JAJKKE|F5B20DRAFT_mRNA555010	PF20684.4	Partial	None
gene-F5B20DRAFT_314998	rna-gnl|WGS:JAJKKE|F5B20DRAFT_mRNA314998	PF02469.28,PF02469.28	Partial	None
gene-F5B20DRAFT_314984	rna-gnl|WGS:JAJKKE|F5B20DRAFT_mRNA314984	PF00324.28,PF13520.13	Partial	None
gene-F5B20DRAFT_314977	rna-gnl|WGS:JAJKKE|F5B20DRAFT_mRNA314977	PF00082.28,PF09286.17	Partial	None
gene-F5B20DRAFT_593910	rna-gnl|WGS:JAJKKE|F5B20DRAFT_mRNA593910		None	None
gene-F5B20DRAFT_593912	rna-gnl|WGS:JAJKKE|F5B20DRAFT_mRNA593912		None	None
gene-F5B20DRAFT_555031	rna-gnl|WGS:JAJKKE|F5B20DRAFT_mRNA555031	PF00106.32,PF13561.13	Partial	None
gene-F5B20DRAFT_555032	rna-gnl|WGS:JAJKKE|F5B20DRAFT_mRNA555032	PF00324.28,PF13520.13	Partial	None
gene-F5B20DRAFT_t80	gene-F5B20DRAFT_t80		None	None
gene-F5B20DRAFT_593914	rna-gnl|WGS:JAJKKE|F5B20DRAFT_mRNA593914		None	None
gene-F5B20DRAFT_315089	rna-gnl|WGS:JAJKKE|F5B20DRAFT_mRNA315089		None	None
gene-F5B20DRAFT_593916	rna-gnl|WGS:JAJKKE|F5B20DRAFT_mRNA593916	PF03114.24	Partial	None
gene-F5B20DRAFT_315179	rna-gnl|WGS:JAJKKE|F5B20DRAFT_mRNA315179	PF00149.34,PF02872.24	Complete	None
gene-F5B20DRAFT_584077	rna-gnl|WGS:JAJKKE|F5B20DRAFT_mRNA584077	PF04488.22	Partial	None
gene-F5B20DRAFT_572707	rna-gnl|WGS:JAJKKE|F5B20DRAFT_mRNA572707	PF01757.29	Partial	None
gene-F5B20DRAFT_593922	rna-gnl|WGS:JAJKKE|F5B20DRAFT_mRNA593922		None	None
gene-F5B20DRAFT_555050	rna-gnl|WGS:JAJKKE|F5B20DRAFT_mRNA555050	PF00179.32,PF09288.17	Complete	None
gene-F5B20DRAFT_555053	rna-gnl|WGS:JAJKKE|F5B20DRAFT_mRNA555053	PF00583.32,PF04055.28,PF16199.11	Complete	None
gene-F5B20DRAFT_584082	rna-gnl|WGS:JAJKKE|F5B20DRAFT_mRNA584082	PF06609.19,PF07690.22	Partial	None
gene-F5B20DRAFT_315266	rna-gnl|WGS:JAJKKE|F5B20DRAFT_mRNA315266	PF19287.5	Partial	None
gene-F5B20DRAFT_555060	rna-gnl|WGS:JAJKKE|F5B20DRAFT_mRNA555060	PF00135.35,PF20434.6	Partial	None
gene-F5B20DRAFT_584085	rna-gnl|WGS:JAJKKE|F5B20DRAFT_mRNA584085		None	None
gene-F5B20DRAFT_555064	rna-gnl|WGS:JAJKKE|F5B20DRAFT_mRNA555064	PF00549.25,PF02629.26,PF13607.12	Partial	None
gene-F5B20DRAFT_572711	rna-gnl|WGS:JAJKKE|F5B20DRAFT_mRNA572711	PF00004.36,PF05673.20,PF16450.12,PF17862.8	Complete	None
gene-F5B20DRAFT_315525	rna-gnl|WGS:JAJKKE|F5B20DRAFT_mRNA315525		None	None
gene-F5B20DRAFT_315526	rna-gnl|WGS:JAJKKE|F5B20DRAFT_mRNA315526	PF04366.18	Complete	None
gene-F5B20DRAFT_t79	gene-F5B20DRAFT_t79		None	None
gene-F5B20DRAFT_584089	rna-gnl|WGS:JAJKKE|F5B20DRAFT_mRNA584089		None	None
gene-F5B20DRAFT_315608	rna-gnl|WGS:JAJKKE|F5B20DRAFT_mRNA315608	PF00179.32	Complete	None
gene-F5B20DRAFT_555077	rna-gnl|WGS:JAJKKE|F5B20DRAFT_mRNA555077	PF01513.27,PF20143.5	Complete	None
gene-F5B20DRAFT_555079	rna-gnl|WGS:JAJKKE|F5B20DRAFT_mRNA555079	PF01408.29,PF02894.23,PF22725.2	Partial	None
gene-F5B20DRAFT_555082	rna-gnl|WGS:JAJKKE|F5B20DRAFT_mRNA555082	PF01553.27,PF16076.11	Complete	None
gene-F5B20DRAFT_315752	rna-gnl|WGS:JAJKKE|F5B20DRAFT_mRNA315752	PF10230.16	Partial	None
gene-F5B20DRAFT_315760	rna-gnl|WGS:JAJKKE|F5B20DRAFT_mRNA315760	PF03198.21,PF07983.19	Complete	None
gene-F5B20DRAFT_316438	rna-gnl|WGS:JAJKKE|F5B20DRAFT_mRNA316438	PF02668.23	Partial	None
gene-F5B20DRAFT_584098	rna-gnl|WGS:JAJKKE|F5B20DRAFT_mRNA584098	PF27566.1	Partial	None
gene-F5B20DRAFT_555124	rna-gnl|WGS:JAJKKE|F5B20DRAFT_mRNA555124		None	None
gene-F5B20DRAFT_584100	rna-gnl|WGS:JAJKKE|F5B20DRAFT_mRNA584100		None	None
gene-F5B20DRAFT_584101	rna-gnl|WGS:JAJKKE|F5B20DRAFT_mRNA584101		None	None
gene-F5B20DRAFT_584102	rna-gnl|WGS:JAJKKE|F5B20DRAFT_mRNA584102		None	None
gene-F5B20DRAFT_316869	rna-gnl|WGS:JAJKKE|F5B20DRAFT_mRNA316869	PF07690.22	Partial	None
gene-F5B20DRAFT_316923	rna-gnl|WGS:JAJKKE|F5B20DRAFT_mRNA316923		None	None
gene-F5B20DRAFT_316893	rna-gnl|WGS:JAJKKE|F5B20DRAFT_mRNA316893	PF01937.25	Partial	None
gene-F5B20DRAFT_555181	rna-gnl|WGS:JAJKKE|F5B20DRAFT_mRNA555181		None	None
gene-F5B20DRAFT_317099	rna-gnl|WGS:JAJKKE|F5B20DRAFT_mRNA317099	PF00172.24,PF11951.14	Partial	None
gene-F5B20DRAFT_584108	rna-gnl|WGS:JAJKKE|F5B20DRAFT_mRNA584108	PF05721.20	Partial	None
gene-F5B20DRAFT_317073	rna-gnl|WGS:JAJKKE|F5B20DRAFT_mRNA317073	PF00083.31,PF07690.22	Partial	None
gene-F5B20DRAFT_584110	rna-gnl|WGS:JAJKKE|F5B20DRAFT_mRNA584110	PF00083.31,PF07690.22	Partial	None
gene-F5B20DRAFT_317076	rna-gnl|WGS:JAJKKE|F5B20DRAFT_mRNA317076	PF00251.27	Partial	None
gene-F5B20DRAFT_317140	rna-gnl|WGS:JAJKKE|F5B20DRAFT_mRNA317140	PF04082.24	Partial	None
gene-F5B20DRAFT_555193	rna-gnl|WGS:JAJKKE|F5B20DRAFT_mRNA555193		None	None
gene-F5B20DRAFT_593942	rna-gnl|WGS:JAJKKE|F5B20DRAFT_mRNA593942		None	None
gene-F5B20DRAFT_584115	rna-gnl|WGS:JAJKKE|F5B20DRAFT_mRNA584115		None	None
gene-F5B20DRAFT_584116	rna-gnl|WGS:JAJKKE|F5B20DRAFT_mRNA584116		None	None
gene-F5B20DRAFT_317389	rna-gnl|WGS:JAJKKE|F5B20DRAFT_mRNA317389	PF16899.11	Complete	None
gene-F5B20DRAFT_317442	rna-gnl|WGS:JAJKKE|F5B20DRAFT_mRNA317442		None	None
gene-F5B20DRAFT_317522	rna-gnl|WGS:JAJKKE|F5B20DRAFT_mRNA317522	PF28223.1	Partial	None
gene-F5B20DRAFT_555227	rna-gnl|WGS:JAJKKE|F5B20DRAFT_mRNA555227	PF16862.11	Complete	None
gene-F5B20DRAFT_572723	rna-gnl|WGS:JAJKKE|F5B20DRAFT_mRNA572723	PF00106.32,PF13561.13	Partial	None
gene-F5B20DRAFT_555232	rna-gnl|WGS:JAJKKE|F5B20DRAFT_mRNA555232	PF00293.35	Partial	None
gene-F5B20DRAFT_593947	rna-gnl|WGS:JAJKKE|F5B20DRAFT_mRNA593947		None	None
gene-F5B20DRAFT_593953	rna-gnl|WGS:JAJKKE|F5B20DRAFT_mRNA593953		None	None
gene-F5B20DRAFT_593955	rna-gnl|WGS:JAJKKE|F5B20DRAFT_mRNA593955	PF27939.1	Complete	None
gene-F5B20DRAFT_555240	rna-gnl|WGS:JAJKKE|F5B20DRAFT_mRNA555240		None	None
gene-F5B20DRAFT_593957	rna-gnl|WGS:JAJKKE|F5B20DRAFT_mRNA593957		None	None
gene-F5B20DRAFT_555243	rna-gnl|WGS:JAJKKE|F5B20DRAFT_mRNA555243	PF00106.32,PF08659.17,PF13561.13	Partial	None
gene-F5B20DRAFT_555244	rna-gnl|WGS:JAJKKE|F5B20DRAFT_mRNA555244		None	None
gene-F5B20DRAFT_593959	rna-gnl|WGS:JAJKKE|F5B20DRAFT_mRNA593959		None	None
gene-F5B20DRAFT_584134	rna-gnl|WGS:JAJKKE|F5B20DRAFT_mRNA584134		None	None
gene-F5B20DRAFT_555249	rna-gnl|WGS:JAJKKE|F5B20DRAFT_mRNA555249		None	None
gene-F5B20DRAFT_572725	rna-gnl|WGS:JAJKKE|F5B20DRAFT_mRNA572725	PF00083.31,PF06609.19,PF07690.22	Partial	None
gene-F5B20DRAFT_555259	rna-gnl|WGS:JAJKKE|F5B20DRAFT_mRNA555259	PF00275.26,PF01202.29,PF01487.23,PF01761.27,PF08501.17,PF24621.3	Complete	None
gene-F5B20DRAFT_317783	rna-gnl|WGS:JAJKKE|F5B20DRAFT_mRNA317783		None	None
gene-F5B20DRAFT_555264	rna-gnl|WGS:JAJKKE|F5B20DRAFT_mRNA555264		None	None
gene-F5B20DRAFT_317881	rna-gnl|WGS:JAJKKE|F5B20DRAFT_mRNA317881	PF02969.24,PF15511.13	Partial	None
gene-F5B20DRAFT_555280	rna-gnl|WGS:JAJKKE|F5B20DRAFT_mRNA555280	PF00125.31,PF15715.12	Partial	None
gene-F5B20DRAFT_555289	rna-gnl|WGS:JAJKKE|F5B20DRAFT_mRNA555289	PF01323.27	Partial	None
gene-F5B20DRAFT_317975	rna-gnl|WGS:JAJKKE|F5B20DRAFT_mRNA317975	PF00623.26,PF04983.24,PF04997.18,PF04998.23,PF05000.23	Complete	None
gene-F5B20DRAFT_584144	rna-gnl|WGS:JAJKKE|F5B20DRAFT_mRNA584144	PF06544.19,PF08572.16	Complete	None
gene-F5B20DRAFT_317986	rna-gnl|WGS:JAJKKE|F5B20DRAFT_mRNA317986	PF06733.22,PF06777.18,PF13307.13	Complete	None
gene-F5B20DRAFT_318197	rna-gnl|WGS:JAJKKE|F5B20DRAFT_mRNA318197	PF00096.33,PF00096.33,PF00096.33,PF13894.13	Complete	None
gene-F5B20DRAFT_555326	rna-gnl|WGS:JAJKKE|F5B20DRAFT_mRNA555326	PF02862.23,PF02862.23	Complete	None
gene-F5B20DRAFT_318292	rna-gnl|WGS:JAJKKE|F5B20DRAFT_mRNA318292	PF00782.26	Complete	None
gene-F5B20DRAFT_572735	rna-gnl|WGS:JAJKKE|F5B20DRAFT_mRNA572735	PF00400.39,PF21032.3,PF21032.3	Complete	None
gene-F5B20DRAFT_318371	rna-gnl|WGS:JAJKKE|F5B20DRAFT_mRNA318371	PF04072.21,PF08007.19,PF13418.13,PF13621.13	Complete	None
gene-F5B20DRAFT_318366	rna-gnl|WGS:JAJKKE|F5B20DRAFT_mRNA318366	PF02668.23	Partial	None
gene-F5B20DRAFT_318414	rna-gnl|WGS:JAJKKE|F5B20DRAFT_mRNA318414	PF00383.30	Partial	None
gene-F5B20DRAFT_584154	rna-gnl|WGS:JAJKKE|F5B20DRAFT_mRNA584154	PF00676.26,PF02133.22,PF02779.30,PF16078.11,PF16870.11	Complete	None
gene-F5B20DRAFT_555341	rna-gnl|WGS:JAJKKE|F5B20DRAFT_mRNA555341		None	None
gene-F5B20DRAFT_555343	rna-gnl|WGS:JAJKKE|F5B20DRAFT_mRNA555343	PF03909.23,PF03909.23,PF08567.18	Complete	None
gene-F5B20DRAFT_593982	rna-gnl|WGS:JAJKKE|F5B20DRAFT_mRNA593982		None	None
gene-F5B20DRAFT_318624	rna-gnl|WGS:JAJKKE|F5B20DRAFT_mRNA318624	PF00400.39,PF00400.39,PF00400.39,PF00400.39,PF00400.39	Complete	None
gene-F5B20DRAFT_572742	rna-gnl|WGS:JAJKKE|F5B20DRAFT_mRNA572742	PF00890.31,PF01266.31,PF03707.22,PF03707.22,PF16901.11,PF31008.1	Complete	None
gene-F5B20DRAFT_584160	rna-gnl|WGS:JAJKKE|F5B20DRAFT_mRNA584160	PF00615.25	Partial	None
gene-F5B20DRAFT_584161	rna-gnl|WGS:JAJKKE|F5B20DRAFT_mRNA584161		None	None
gene-F5B20DRAFT_555373	rna-gnl|WGS:JAJKKE|F5B20DRAFT_mRNA555373		None	None
gene-F5B20DRAFT_584163	rna-gnl|WGS:JAJKKE|F5B20DRAFT_mRNA584163		None	None
gene-F5B20DRAFT_318894	rna-gnl|WGS:JAJKKE|F5B20DRAFT_mRNA318894	PF00400.39,PF00400.39,PF00400.39,PF00400.39,PF11816.14	Complete	None
gene-F5B20DRAFT_318889	rna-gnl|WGS:JAJKKE|F5B20DRAFT_mRNA318889	PF00153.33,PF00153.33,PF00153.33	Complete	None
gene-F5B20DRAFT_555380	rna-gnl|WGS:JAJKKE|F5B20DRAFT_mRNA555380	PF01171.28,PF01171.28	Partial	None
gene-F5B20DRAFT_319032	rna-gnl|WGS:JAJKKE|F5B20DRAFT_mRNA319032		None	None
gene-F5B20DRAFT_319003	rna-gnl|WGS:JAJKKE|F5B20DRAFT_mRNA319003	PF00850.25,PF09757.16	Complete	None
gene-F5B20DRAFT_319069	rna-gnl|WGS:JAJKKE|F5B20DRAFT_mRNA319069	PF00646.39,PF12937.13	Partial	None
gene-F5B20DRAFT_555389	rna-gnl|WGS:JAJKKE|F5B20DRAFT_mRNA555389	PF04427.24	Partial	None
gene-F5B20DRAFT_555392	rna-gnl|WGS:JAJKKE|F5B20DRAFT_mRNA555392	PF00025.28,PF00071.29,PF01926.30,PF08477.20	Partial	None
gene-F5B20DRAFT_555393	rna-gnl|WGS:JAJKKE|F5B20DRAFT_mRNA555393	PF00385.31	Partial	None
gene-F5B20DRAFT_555394	rna-gnl|WGS:JAJKKE|F5B20DRAFT_mRNA555394		None	None
gene-F5B20DRAFT_319200	rna-gnl|WGS:JAJKKE|F5B20DRAFT_mRNA319200		None	None
gene-F5B20DRAFT_584174	rna-gnl|WGS:JAJKKE|F5B20DRAFT_mRNA584174		None	None
gene-F5B20DRAFT_584175	rna-gnl|WGS:JAJKKE|F5B20DRAFT_mRNA584175		None	None
gene-F5B20DRAFT_584176	rna-gnl|WGS:JAJKKE|F5B20DRAFT_mRNA584176	PF01494.26,PF07976.20	Complete	None
gene-F5B20DRAFT_584178	rna-gnl|WGS:JAJKKE|F5B20DRAFT_mRNA584178	PF02902.26	Complete	None
gene-F5B20DRAFT_319294	rna-gnl|WGS:JAJKKE|F5B20DRAFT_mRNA319294	PF00153.33,PF00153.33,PF00153.33,PF13202.13,PF13202.13,PF13202.13,PF13499.13,PF13499.13,PF13833.13,PF13833.13	Complete	None
gene-F5B20DRAFT_319349	rna-gnl|WGS:JAJKKE|F5B20DRAFT_mRNA319349	PF00134.29	Partial	None
gene-F5B20DRAFT_319496	rna-gnl|WGS:JAJKKE|F5B20DRAFT_mRNA319496	PF14618.12	Partial	None
gene-F5B20DRAFT_555421	rna-gnl|WGS:JAJKKE|F5B20DRAFT_mRNA555421		None	None
gene-F5B20DRAFT_319562	rna-gnl|WGS:JAJKKE|F5B20DRAFT_mRNA319562		None	None
gene-F5B20DRAFT_319576	rna-gnl|WGS:JAJKKE|F5B20DRAFT_mRNA319576	PF05739.27	Complete	None
gene-F5B20DRAFT_555430	rna-gnl|WGS:JAJKKE|F5B20DRAFT_mRNA555430	PF01717.25	Partial	None
gene-F5B20DRAFT_319631	rna-gnl|WGS:JAJKKE|F5B20DRAFT_mRNA319631	PF00013.36,PF00013.36,PF00013.36	Complete	None
gene-F5B20DRAFT_584186	rna-gnl|WGS:JAJKKE|F5B20DRAFT_mRNA584186		None	None
gene-F5B20DRAFT_555437	rna-gnl|WGS:JAJKKE|F5B20DRAFT_mRNA555437	PF14737.12	Complete	None
gene-F5B20DRAFT_319689	rna-gnl|WGS:JAJKKE|F5B20DRAFT_mRNA319689	PF27758.1,PF27758.1	Partial	None
gene-F5B20DRAFT_319700	rna-gnl|WGS:JAJKKE|F5B20DRAFT_mRNA319700	PF04695.19	Partial	None
gene-F5B20DRAFT_319765	rna-gnl|WGS:JAJKKE|F5B20DRAFT_mRNA319765	PF04795.18	Complete	None
gene-F5B20DRAFT_584191	rna-gnl|WGS:JAJKKE|F5B20DRAFT_mRNA584191		None	None
gene-F5B20DRAFT_584192	rna-gnl|WGS:JAJKKE|F5B20DRAFT_mRNA584192		None	None
gene-F5B20DRAFT_319790	rna-gnl|WGS:JAJKKE|F5B20DRAFT_mRNA319790	PF13259.12	Complete	None
gene-F5B20DRAFT_555465	rna-gnl|WGS:JAJKKE|F5B20DRAFT_mRNA555465	PF00096.33,PF12874.14,PF12874.14	Complete	None
gene-F5B20DRAFT_319869	rna-gnl|WGS:JAJKKE|F5B20DRAFT_mRNA319869	PF00004.36,PF17862.8	Complete	None
gene-F5B20DRAFT_319868	rna-gnl|WGS:JAJKKE|F5B20DRAFT_mRNA319868	PF09462.16	Complete	None
gene-F5B20DRAFT_555468	rna-gnl|WGS:JAJKKE|F5B20DRAFT_mRNA555468		None	None
gene-F5B20DRAFT_555470	rna-gnl|WGS:JAJKKE|F5B20DRAFT_mRNA555470	PF02936.20	Partial	None
gene-F5B20DRAFT_593999	rna-gnl|WGS:JAJKKE|F5B20DRAFT_mRNA593999	PF00004.36,PF07724.21,PF07728.21	Complete	None
gene-F5B20DRAFT_555471	rna-gnl|WGS:JAJKKE|F5B20DRAFT_mRNA555471		None	None
gene-F5B20DRAFT_555479	rna-gnl|WGS:JAJKKE|F5B20DRAFT_mRNA555479	PF00128.32,PF02806.25,PF02922.25	Complete	None
gene-F5B20DRAFT_594003	rna-gnl|WGS:JAJKKE|F5B20DRAFT_mRNA594003	PF13191.13,PF14630.13,PF21639.4	Complete	None
gene-F5B20DRAFT_320009	rna-gnl|WGS:JAJKKE|F5B20DRAFT_mRNA320009	PF00172.24,PF11951.14	Complete	None
gene-F5B20DRAFT_319977	rna-gnl|WGS:JAJKKE|F5B20DRAFT_mRNA319977	PF10503.15	Partial	None
gene-F5B20DRAFT_572769	rna-gnl|WGS:JAJKKE|F5B20DRAFT_mRNA572769	PF25540.2,PF25542.2,PF25543.2	Complete	None
gene-F5B20DRAFT_572770	rna-gnl|WGS:JAJKKE|F5B20DRAFT_mRNA572770	PF00176.30,PF00270.36,PF00271.38,PF04851.22	Complete	None
gene-F5B20DRAFT_320137	rna-gnl|WGS:JAJKKE|F5B20DRAFT_mRNA320137	PF24809.2	Partial	None
gene-F5B20DRAFT_320144	rna-gnl|WGS:JAJKKE|F5B20DRAFT_mRNA320144	PF05729.19,PF22939.3,PF24883.3	Complete	None
gene-F5B20DRAFT_555499	rna-gnl|WGS:JAJKKE|F5B20DRAFT_mRNA555499		None	None
gene-F5B20DRAFT_555509	rna-gnl|WGS:JAJKKE|F5B20DRAFT_mRNA555509	PF07478.19,PF13535.12,PF18130.7	Complete	None
gene-F5B20DRAFT_572772	rna-gnl|WGS:JAJKKE|F5B20DRAFT_mRNA572772	PF00854.28	Partial	None
gene-F5B20DRAFT_320397	rna-gnl|WGS:JAJKKE|F5B20DRAFT_mRNA320397	PF20684.4	Partial	None
gene-F5B20DRAFT_320416	rna-gnl|WGS:JAJKKE|F5B20DRAFT_mRNA320416	PF00324.28,PF13520.13	Partial	None
gene-F5B20DRAFT_555531	rna-gnl|WGS:JAJKKE|F5B20DRAFT_mRNA555531	PF03171.27,PF14226.13	Complete	None
gene-F5B20DRAFT_320491	rna-gnl|WGS:JAJKKE|F5B20DRAFT_mRNA320491	PF00583.32,PF13508.14,PF13673.14	Partial	None
gene-F5B20DRAFT_320505	rna-gnl|WGS:JAJKKE|F5B20DRAFT_mRNA320505	PF02146.24,PF02146.24	Partial	None
gene-F5B20DRAFT_555537	rna-gnl|WGS:JAJKKE|F5B20DRAFT_mRNA555537	PF00172.24,PF04082.24	Partial	None
gene-F5B20DRAFT_555539	rna-gnl|WGS:JAJKKE|F5B20DRAFT_mRNA555539	PF00215.31	Partial	None
gene-F5B20DRAFT_320478	rna-gnl|WGS:JAJKKE|F5B20DRAFT_mRNA320478		None	None
gene-F5B20DRAFT_320488	rna-gnl|WGS:JAJKKE|F5B20DRAFT_mRNA320488	PF01066.27	Partial	None
gene-F5B20DRAFT_555548	rna-gnl|WGS:JAJKKE|F5B20DRAFT_mRNA555548		None	None
gene-F5B20DRAFT_320588	rna-gnl|WGS:JAJKKE|F5B20DRAFT_mRNA320588		None	None
gene-F5B20DRAFT_555556	rna-gnl|WGS:JAJKKE|F5B20DRAFT_mRNA555556	PF01922.24	Partial	None
gene-F5B20DRAFT_572782	rna-gnl|WGS:JAJKKE|F5B20DRAFT_mRNA572782	PF00505.26,PF09011.17	Partial	None
gene-F5B20DRAFT_320636	rna-gnl|WGS:JAJKKE|F5B20DRAFT_mRNA320636		None	None
gene-F5B20DRAFT_555559	rna-gnl|WGS:JAJKKE|F5B20DRAFT_mRNA555559	PF00004.36,PF06068.20,PF17856.8	Complete	None
gene-F5B20DRAFT_594025	rna-gnl|WGS:JAJKKE|F5B20DRAFT_mRNA594025	PF00892.27	Partial	None
gene-F5B20DRAFT_320736	rna-gnl|WGS:JAJKKE|F5B20DRAFT_mRNA320736	PF02269.23	Partial	None
gene-F5B20DRAFT_320786	rna-gnl|WGS:JAJKKE|F5B20DRAFT_mRNA320786	PF05794.19	Partial	None
gene-F5B20DRAFT_320816	rna-gnl|WGS:JAJKKE|F5B20DRAFT_mRNA320816		None	None
gene-F5B20DRAFT_594033	rna-gnl|WGS:JAJKKE|F5B20DRAFT_mRNA594033		None	None
gene-F5B20DRAFT_572786	rna-gnl|WGS:JAJKKE|F5B20DRAFT_mRNA572786	PF15456.12,PF25078.2	Complete	None
gene-F5B20DRAFT_320949	rna-gnl|WGS:JAJKKE|F5B20DRAFT_mRNA320949		None	None
gene-F5B20DRAFT_555593	rna-gnl|WGS:JAJKKE|F5B20DRAFT_mRNA555593	PF08551.17	Partial	None
gene-F5B20DRAFT_594035	rna-gnl|WGS:JAJKKE|F5B20DRAFT_mRNA594035	PF00023.37,PF24883.3	Complete	None
gene-F5B20DRAFT_555597	rna-gnl|WGS:JAJKKE|F5B20DRAFT_mRNA555597	PF01255.25	Partial	None
gene-F5B20DRAFT_320974	rna-gnl|WGS:JAJKKE|F5B20DRAFT_mRNA320974	PF12998.13	Partial	None
gene-F5B20DRAFT_572792	rna-gnl|WGS:JAJKKE|F5B20DRAFT_mRNA572792	PF13516.13	Complete	None
gene-F5B20DRAFT_584235	rna-gnl|WGS:JAJKKE|F5B20DRAFT_mRNA584235	PF01496.25	Partial	None
gene-F5B20DRAFT_321074	rna-gnl|WGS:JAJKKE|F5B20DRAFT_mRNA321074		None	None
gene-F5B20DRAFT_555609	rna-gnl|WGS:JAJKKE|F5B20DRAFT_mRNA555609	PF05057.22,PF22939.3,PF24883.3	Complete	None
gene-F5B20DRAFT_321192	rna-gnl|WGS:JAJKKE|F5B20DRAFT_mRNA321192	PF01699.30,PF01699.30,PF03733.19	Complete	None
gene-F5B20DRAFT_555619	rna-gnl|WGS:JAJKKE|F5B20DRAFT_mRNA555619	PF00004.36,PF07724.21,PF07728.21,PF16450.12,PF17862.8	Complete	None
gene-F5B20DRAFT_572799	rna-gnl|WGS:JAJKKE|F5B20DRAFT_mRNA572799	PF00102.33,PF00102.33,PF00581.26	Complete	None
gene-F5B20DRAFT_584241	rna-gnl|WGS:JAJKKE|F5B20DRAFT_mRNA584241	PF00023.37,PF12796.14,PF13857.13	Partial	None
gene-F5B20DRAFT_555629	rna-gnl|WGS:JAJKKE|F5B20DRAFT_mRNA555629		None	None
gene-F5B20DRAFT_594055	rna-gnl|WGS:JAJKKE|F5B20DRAFT_mRNA594055	PF24883.3	Partial	None
gene-F5B20DRAFT_321248	rna-gnl|WGS:JAJKKE|F5B20DRAFT_mRNA321248	PF14479.12	Partial	None
gene-F5B20DRAFT_555632	rna-gnl|WGS:JAJKKE|F5B20DRAFT_mRNA555632		None	None
gene-F5B20DRAFT_555634	rna-gnl|WGS:JAJKKE|F5B20DRAFT_mRNA555634	PF13855.13,PF13855.13	Complete	None
gene-F5B20DRAFT_555641	rna-gnl|WGS:JAJKKE|F5B20DRAFT_mRNA555641	PF11807.14	Partial	None
gene-F5B20DRAFT_594057	rna-gnl|WGS:JAJKKE|F5B20DRAFT_mRNA594057		None	None
gene-F5B20DRAFT_555652	rna-gnl|WGS:JAJKKE|F5B20DRAFT_mRNA555652	PF04969.23	Partial	None
gene-F5B20DRAFT_584250	rna-gnl|WGS:JAJKKE|F5B20DRAFT_mRNA584250	PF03357.27	Partial	None
gene-F5B20DRAFT_321776	rna-gnl|WGS:JAJKKE|F5B20DRAFT_mRNA321776		None	None
gene-F5B20DRAFT_555664	rna-gnl|WGS:JAJKKE|F5B20DRAFT_mRNA555664	PF03239.21	Partial	None
gene-F5B20DRAFT_321579	rna-gnl|WGS:JAJKKE|F5B20DRAFT_mRNA321579	PF00394.29,PF07731.21,PF07732.22	Complete	None
gene-F5B20DRAFT_555691	rna-gnl|WGS:JAJKKE|F5B20DRAFT_mRNA555691	PF00006.32,PF02874.30,PF22919.2	Complete	None
gene-F5B20DRAFT_321854	rna-gnl|WGS:JAJKKE|F5B20DRAFT_mRNA321854	PF00892.27,PF03151.23	Complete	None
gene-F5B20DRAFT_322218	rna-gnl|WGS:JAJKKE|F5B20DRAFT_mRNA322218	PF04037.19,PF04046.22	Complete	None
gene-F5B20DRAFT_572811	rna-gnl|WGS:JAJKKE|F5B20DRAFT_mRNA572811	PF00083.31,PF07690.22	Partial	None
gene-F5B20DRAFT_555754	rna-gnl|WGS:JAJKKE|F5B20DRAFT_mRNA555754	PF09733.15	Complete	None
gene-F5B20DRAFT_322363	rna-gnl|WGS:JAJKKE|F5B20DRAFT_mRNA322363		None	None
gene-F5B20DRAFT_555758	rna-gnl|WGS:JAJKKE|F5B20DRAFT_mRNA555758	PF05277.19	Partial	None
gene-F5B20DRAFT_594083	rna-gnl|WGS:JAJKKE|F5B20DRAFT_mRNA594083	PF00867.24	Partial	None
gene-F5B20DRAFT_584262	rna-gnl|WGS:JAJKKE|F5B20DRAFT_mRNA584262		None	None
gene-F5B20DRAFT_572816	rna-gnl|WGS:JAJKKE|F5B20DRAFT_mRNA572816	PF00067.28	Partial	None
gene-F5B20DRAFT_322465	rna-gnl|WGS:JAJKKE|F5B20DRAFT_mRNA322465	PF08512.19	Complete	None
gene-F5B20DRAFT_584265	rna-gnl|WGS:JAJKKE|F5B20DRAFT_mRNA584265	PF08432.16	Partial	None
gene-F5B20DRAFT_322581	rna-gnl|WGS:JAJKKE|F5B20DRAFT_mRNA322581		None	None
gene-F5B20DRAFT_322505	rna-gnl|WGS:JAJKKE|F5B20DRAFT_mRNA322505	PF24537.2	Complete	None
gene-F5B20DRAFT_555810	rna-gnl|WGS:JAJKKE|F5B20DRAFT_mRNA555810	PF09637.16	Partial	None
gene-F5B20DRAFT_322806	rna-gnl|WGS:JAJKKE|F5B20DRAFT_mRNA322806	PF06738.19,PF12821.14	Complete	None
gene-F5B20DRAFT_584273	rna-gnl|WGS:JAJKKE|F5B20DRAFT_mRNA584273		None	None
gene-F5B20DRAFT_555822	rna-gnl|WGS:JAJKKE|F5B20DRAFT_mRNA555822	PF17316.8	Partial	None
gene-F5B20DRAFT_322888	rna-gnl|WGS:JAJKKE|F5B20DRAFT_mRNA322888		None	None
gene-F5B20DRAFT_572824	rna-gnl|WGS:JAJKKE|F5B20DRAFT_mRNA572824	PF02567.22	Partial	None
gene-F5B20DRAFT_322902	rna-gnl|WGS:JAJKKE|F5B20DRAFT_mRNA322902		None	None
gene-F5B20DRAFT_584277	rna-gnl|WGS:JAJKKE|F5B20DRAFT_mRNA584277		None	None
gene-F5B20DRAFT_323242	rna-gnl|WGS:JAJKKE|F5B20DRAFT_mRNA323242	PF00617.25,PF00618.26	Complete	None
gene-F5B20DRAFT_584281	rna-gnl|WGS:JAJKKE|F5B20DRAFT_mRNA584281	PF00067.28	Partial	None
gene-F5B20DRAFT_323275	rna-gnl|WGS:JAJKKE|F5B20DRAFT_mRNA323275	PF00318.26,PF00318.26	Partial	None
gene-F5B20DRAFT_584283	rna-gnl|WGS:JAJKKE|F5B20DRAFT_mRNA584283	PF00312.28	Complete	None
gene-F5B20DRAFT_584284	rna-gnl|WGS:JAJKKE|F5B20DRAFT_mRNA584284	PF01992.22	Partial	None
gene-F5B20DRAFT_555871	rna-gnl|WGS:JAJKKE|F5B20DRAFT_mRNA555871	PF01798.24,PF08156.19	Partial	None
gene-F5B20DRAFT_323317	rna-gnl|WGS:JAJKKE|F5B20DRAFT_mRNA323317		None	None
gene-F5B20DRAFT_594091	rna-gnl|WGS:JAJKKE|F5B20DRAFT_mRNA594091	PF00646.39,PF12937.13	Partial	None
gene-F5B20DRAFT_323387	rna-gnl|WGS:JAJKKE|F5B20DRAFT_mRNA323387		None	None
gene-F5B20DRAFT_323388	rna-gnl|WGS:JAJKKE|F5B20DRAFT_mRNA323388	PF01344.32,PF01344.32,PF01344.32,PF01344.32,PF07646.22,PF24681.2,PF24681.2	Complete	None
gene-F5B20DRAFT_323380	rna-gnl|WGS:JAJKKE|F5B20DRAFT_mRNA323380	PF01035.27	Partial	None
gene-F5B20DRAFT_584291	rna-gnl|WGS:JAJKKE|F5B20DRAFT_mRNA584291		None	None
gene-F5B20DRAFT_555877	rna-gnl|WGS:JAJKKE|F5B20DRAFT_mRNA555877		None	None
gene-F5B20DRAFT_584293	rna-gnl|WGS:JAJKKE|F5B20DRAFT_mRNA584293		None	None
gene-F5B20DRAFT_555885	rna-gnl|WGS:JAJKKE|F5B20DRAFT_mRNA555885	PF12928.13	Partial	None
gene-F5B20DRAFT_t81	gene-F5B20DRAFT_t81		None	None
gene-F5B20DRAFT_323565	rna-gnl|WGS:JAJKKE|F5B20DRAFT_mRNA323565	PF02752.28	Partial	None
gene-F5B20DRAFT_323525	rna-gnl|WGS:JAJKKE|F5B20DRAFT_mRNA323525	PF00160.27	Partial	None
gene-F5B20DRAFT_584297	rna-gnl|WGS:JAJKKE|F5B20DRAFT_mRNA584297	PF25534.1	Partial	None
gene-F5B20DRAFT_323640	rna-gnl|WGS:JAJKKE|F5B20DRAFT_mRNA323640		None	None
gene-F5B20DRAFT_572841	rna-gnl|WGS:JAJKKE|F5B20DRAFT_mRNA572841	PF18647.8,PF28342.1	Complete	None
gene-F5B20DRAFT_323682	rna-gnl|WGS:JAJKKE|F5B20DRAFT_mRNA323682	PF01569.28	Partial	None
gene-F5B20DRAFT_555909	rna-gnl|WGS:JAJKKE|F5B20DRAFT_mRNA555909	PF00106.32,PF08659.17,PF13561.13	Partial	None
gene-F5B20DRAFT_584303	rna-gnl|WGS:JAJKKE|F5B20DRAFT_mRNA584303	PF00899.28,PF10585.15,PF14732.12	Complete	None
gene-F5B20DRAFT_555921	rna-gnl|WGS:JAJKKE|F5B20DRAFT_mRNA555921	PF10343.15	Partial	None
gene-F5B20DRAFT_555925	rna-gnl|WGS:JAJKKE|F5B20DRAFT_mRNA555925	PF04081.19	Partial	None
gene-F5B20DRAFT_572847	rna-gnl|WGS:JAJKKE|F5B20DRAFT_mRNA572847	PF03198.21	Partial	None
gene-F5B20DRAFT_555933	rna-gnl|WGS:JAJKKE|F5B20DRAFT_mRNA555933	PF00625.28	Partial	None
gene-F5B20DRAFT_323876	rna-gnl|WGS:JAJKKE|F5B20DRAFT_mRNA323876	PF00735.25,PF01926.30	Partial	None
gene-F5B20DRAFT_555935	rna-gnl|WGS:JAJKKE|F5B20DRAFT_mRNA555935	PF01783.30	Partial	None
gene-F5B20DRAFT_555937	rna-gnl|WGS:JAJKKE|F5B20DRAFT_mRNA555937	PF00400.39,PF00400.39,PF00400.39,PF12894.14	Complete	None
gene-F5B20DRAFT_572851	rna-gnl|WGS:JAJKKE|F5B20DRAFT_mRNA572851		None	None
gene-F5B20DRAFT_572852	rna-gnl|WGS:JAJKKE|F5B20DRAFT_mRNA572852	PF00096.33	Partial	None
gene-F5B20DRAFT_324019	rna-gnl|WGS:JAJKKE|F5B20DRAFT_mRNA324019	PF08241.19,PF08242.19,PF13489.13,PF13649.13	Partial	None
gene-F5B20DRAFT_584314	rna-gnl|WGS:JAJKKE|F5B20DRAFT_mRNA584314		None	None
gene-F5B20DRAFT_324517	rna-gnl|WGS:JAJKKE|F5B20DRAFT_mRNA324517		None	None
gene-F5B20DRAFT_555964	rna-gnl|WGS:JAJKKE|F5B20DRAFT_mRNA555964	PF01717.25,PF08267.19	Partial	None
gene-F5B20DRAFT_324430	rna-gnl|WGS:JAJKKE|F5B20DRAFT_mRNA324430		None	None
gene-F5B20DRAFT_584318	rna-gnl|WGS:JAJKKE|F5B20DRAFT_mRNA584318		None	None
gene-F5B20DRAFT_555969	rna-gnl|WGS:JAJKKE|F5B20DRAFT_mRNA555969		None	None
gene-F5B20DRAFT_555970	rna-gnl|WGS:JAJKKE|F5B20DRAFT_mRNA555970	PF03171.27,PF14226.13	Complete	None
gene-F5B20DRAFT_324543	rna-gnl|WGS:JAJKKE|F5B20DRAFT_mRNA324543		None	None
gene-F5B20DRAFT_555975	rna-gnl|WGS:JAJKKE|F5B20DRAFT_mRNA555975	PF00149.34	Partial	None
gene-F5B20DRAFT_555977	rna-gnl|WGS:JAJKKE|F5B20DRAFT_mRNA555977	PF24483.2	Partial	None
gene-F5B20DRAFT_555978	rna-gnl|WGS:JAJKKE|F5B20DRAFT_mRNA555978		None	None
gene-F5B20DRAFT_555981	rna-gnl|WGS:JAJKKE|F5B20DRAFT_mRNA555981	PF13094.12	Complete	None
gene-F5B20DRAFT_572857	rna-gnl|WGS:JAJKKE|F5B20DRAFT_mRNA572857	PF26958.1	Partial	None
gene-F5B20DRAFT_594112	rna-gnl|WGS:JAJKKE|F5B20DRAFT_mRNA594112	PF09447.16	Partial	None
gene-F5B20DRAFT_324640	rna-gnl|WGS:JAJKKE|F5B20DRAFT_mRNA324640	PF05712.19,PF11717.15,PF22732.3	Partial	None
gene-F5B20DRAFT_324631	rna-gnl|WGS:JAJKKE|F5B20DRAFT_mRNA324631		None	None
gene-F5B20DRAFT_594116	rna-gnl|WGS:JAJKKE|F5B20DRAFT_mRNA594116		None	None
gene-F5B20DRAFT_324670	rna-gnl|WGS:JAJKKE|F5B20DRAFT_mRNA324670		None	None
gene-F5B20DRAFT_555994	rna-gnl|WGS:JAJKKE|F5B20DRAFT_mRNA555994		None	None
gene-F5B20DRAFT_555996	rna-gnl|WGS:JAJKKE|F5B20DRAFT_mRNA555996	PF00285.27,PF00549.25,PF02629.26	Partial	None
gene-F5B20DRAFT_324734	rna-gnl|WGS:JAJKKE|F5B20DRAFT_mRNA324734	PF08442.16,PF16114.11,PF24948.2	Partial	None
gene-F5B20DRAFT_556001	rna-gnl|WGS:JAJKKE|F5B20DRAFT_mRNA556001	PF06985.18	Partial	None
gene-F5B20DRAFT_556011	rna-gnl|WGS:JAJKKE|F5B20DRAFT_mRNA556011	PF00657.29,PF13472.13,PF13517.13	Complete	None
gene-F5B20DRAFT_556012	rna-gnl|WGS:JAJKKE|F5B20DRAFT_mRNA556012	PF16862.11	Complete	None
gene-F5B20DRAFT_325045	rna-gnl|WGS:JAJKKE|F5B20DRAFT_mRNA325045	PF13409.13,PF13410.12	Complete	None
gene-F5B20DRAFT_572864	rna-gnl|WGS:JAJKKE|F5B20DRAFT_mRNA572864		None	None
gene-F5B20DRAFT_325084	rna-gnl|WGS:JAJKKE|F5B20DRAFT_mRNA325084	PF00324.28,PF13520.13	Partial	None
gene-F5B20DRAFT_594122	rna-gnl|WGS:JAJKKE|F5B20DRAFT_mRNA594122	PF00743.26,PF07992.21,PF13434.13,PF13738.13	Partial	None
gene-F5B20DRAFT_556027	rna-gnl|WGS:JAJKKE|F5B20DRAFT_mRNA556027	PF00083.31,PF07690.22	Partial	None
gene-F5B20DRAFT_572868	rna-gnl|WGS:JAJKKE|F5B20DRAFT_mRNA572868	PF24883.3	Complete	None
gene-F5B20DRAFT_556049	rna-gnl|WGS:JAJKKE|F5B20DRAFT_mRNA556049	PF00004.36,PF22942.2,PF23232.2	Complete	None
gene-F5B20DRAFT_325278	rna-gnl|WGS:JAJKKE|F5B20DRAFT_mRNA325278	PF00248.28	Partial	None
gene-F5B20DRAFT_556054	rna-gnl|WGS:JAJKKE|F5B20DRAFT_mRNA556054	PF02544.22,PF06966.18	Partial	None
gene-F5B20DRAFT_556055	rna-gnl|WGS:JAJKKE|F5B20DRAFT_mRNA556055	PF04424.20	Partial	None
gene-F5B20DRAFT_556056	rna-gnl|WGS:JAJKKE|F5B20DRAFT_mRNA556056		None	None
gene-F5B20DRAFT_325488	rna-gnl|WGS:JAJKKE|F5B20DRAFT_mRNA325488	PF00172.24	Partial	None
gene-F5B20DRAFT_584350	rna-gnl|WGS:JAJKKE|F5B20DRAFT_mRNA584350	PF07519.18	Partial	None
gene-F5B20DRAFT_572881	rna-gnl|WGS:JAJKKE|F5B20DRAFT_mRNA572881	PF22939.3,PF24809.2,PF24883.3	Complete	None
gene-F5B20DRAFT_325602	rna-gnl|WGS:JAJKKE|F5B20DRAFT_mRNA325602		None	None
gene-F5B20DRAFT_584353	rna-gnl|WGS:JAJKKE|F5B20DRAFT_mRNA584353	PF08558.17	Partial	None
gene-F5B20DRAFT_325666	rna-gnl|WGS:JAJKKE|F5B20DRAFT_mRNA325666	PF00171.28	Partial	None
gene-F5B20DRAFT_325627	rna-gnl|WGS:JAJKKE|F5B20DRAFT_mRNA325627		None	None
gene-F5B20DRAFT_325866	rna-gnl|WGS:JAJKKE|F5B20DRAFT_mRNA325866		None	None
gene-F5B20DRAFT_325853	rna-gnl|WGS:JAJKKE|F5B20DRAFT_mRNA325853		None	None
gene-F5B20DRAFT_325863	rna-gnl|WGS:JAJKKE|F5B20DRAFT_mRNA325863		None	None
gene-F5B20DRAFT_325894	rna-gnl|WGS:JAJKKE|F5B20DRAFT_mRNA325894		None	None
gene-F5B20DRAFT_556094	rna-gnl|WGS:JAJKKE|F5B20DRAFT_mRNA556094	PF00176.30,PF00271.38,PF04851.22	Complete	None
gene-F5B20DRAFT_556101	rna-gnl|WGS:JAJKKE|F5B20DRAFT_mRNA556101	PF05729.19,PF12874.14,PF22939.3,PF24809.2,PF24883.3	Complete	None
gene-F5B20DRAFT_594134	rna-gnl|WGS:JAJKKE|F5B20DRAFT_mRNA594134	PF00106.32,PF13561.13	Partial	None
gene-F5B20DRAFT_326150	rna-gnl|WGS:JAJKKE|F5B20DRAFT_mRNA326150	PF00076.29,PF03467.22	Complete	None
gene-F5B20DRAFT_594138	rna-gnl|WGS:JAJKKE|F5B20DRAFT_mRNA594138	PF01544.24	Partial	None
gene-F5B20DRAFT_556110	rna-gnl|WGS:JAJKKE|F5B20DRAFT_mRNA556110	PF00135.35,PF20434.6	Partial	None
gene-F5B20DRAFT_572889	rna-gnl|WGS:JAJKKE|F5B20DRAFT_mRNA572889	PF00149.34	Partial	None
gene-F5B20DRAFT_584364	rna-gnl|WGS:JAJKKE|F5B20DRAFT_mRNA584364	PF08649.16	Partial	None
gene-F5B20DRAFT_326301	rna-gnl|WGS:JAJKKE|F5B20DRAFT_mRNA326301	PF00025.28,PF00071.29,PF08477.20	Partial	None
gene-F5B20DRAFT_556127	rna-gnl|WGS:JAJKKE|F5B20DRAFT_mRNA556127	PF03931.22	Partial	None
gene-F5B20DRAFT_584367	rna-gnl|WGS:JAJKKE|F5B20DRAFT_mRNA584367	PF00149.34,PF05011.19	Complete	None
gene-F5B20DRAFT_326425	rna-gnl|WGS:JAJKKE|F5B20DRAFT_mRNA326425	PF03198.21	Partial	None
gene-F5B20DRAFT_584369	rna-gnl|WGS:JAJKKE|F5B20DRAFT_mRNA584369	PF06985.18	Partial	None
gene-F5B20DRAFT_326444	rna-gnl|WGS:JAJKKE|F5B20DRAFT_mRNA326444	PF03367.20,PF03367.20,PF22794.2,PF22794.2	Complete	None
gene-F5B20DRAFT_326443	rna-gnl|WGS:JAJKKE|F5B20DRAFT_mRNA326443	PF04032.23	Partial	None
gene-F5B20DRAFT_556136	rna-gnl|WGS:JAJKKE|F5B20DRAFT_mRNA556136	PF01408.29,PF22725.2	Partial	None
gene-F5B20DRAFT_326508	rna-gnl|WGS:JAJKKE|F5B20DRAFT_mRNA326508		None	None
gene-F5B20DRAFT_326620	rna-gnl|WGS:JAJKKE|F5B20DRAFT_mRNA326620	PF00172.24	Partial	None
gene-F5B20DRAFT_326686	rna-gnl|WGS:JAJKKE|F5B20DRAFT_mRNA326686	PF04082.24	Partial	None
gene-F5B20DRAFT_326601	rna-gnl|WGS:JAJKKE|F5B20DRAFT_mRNA326601	PF00180.26	Partial	None
gene-F5B20DRAFT_584376	rna-gnl|WGS:JAJKKE|F5B20DRAFT_mRNA584376	PF01979.27	Partial	None
gene-F5B20DRAFT_594142	rna-gnl|WGS:JAJKKE|F5B20DRAFT_mRNA594142	PF26639.1	Partial	None
gene-F5B20DRAFT_556167	rna-gnl|WGS:JAJKKE|F5B20DRAFT_mRNA556167	PF00076.29,PF00076.29	Complete	None
gene-F5B20DRAFT_584379	rna-gnl|WGS:JAJKKE|F5B20DRAFT_mRNA584379		None	None
gene-F5B20DRAFT_556170	rna-gnl|WGS:JAJKKE|F5B20DRAFT_mRNA556170	PF00646.39,PF07393.18,PF12937.13	Partial	None
gene-F5B20DRAFT_594143	rna-gnl|WGS:JAJKKE|F5B20DRAFT_mRNA594143	PF15477.12	Complete	None
gene-F5B20DRAFT_556178	rna-gnl|WGS:JAJKKE|F5B20DRAFT_mRNA556178	PF28274.1	Partial	None
gene-F5B20DRAFT_556180	rna-gnl|WGS:JAJKKE|F5B20DRAFT_mRNA556180	PF12929.13	Partial	None
gene-F5B20DRAFT_326905	rna-gnl|WGS:JAJKKE|F5B20DRAFT_mRNA326905	PF00172.24	Partial	None
gene-F5B20DRAFT_326941	rna-gnl|WGS:JAJKKE|F5B20DRAFT_mRNA326941		None	None
gene-F5B20DRAFT_326932	rna-gnl|WGS:JAJKKE|F5B20DRAFT_mRNA326932	PF01652.25	Partial	None
gene-F5B20DRAFT_594149	rna-gnl|WGS:JAJKKE|F5B20DRAFT_mRNA594149	PF14420.12	Complete	None
gene-F5B20DRAFT_327018	rna-gnl|WGS:JAJKKE|F5B20DRAFT_mRNA327018	PF01753.25	Complete	None
gene-F5B20DRAFT_327088	rna-gnl|WGS:JAJKKE|F5B20DRAFT_mRNA327088	PF15159.12	Complete	None
gene-F5B20DRAFT_556208	rna-gnl|WGS:JAJKKE|F5B20DRAFT_mRNA556208	PF01545.27	Partial	None
gene-F5B20DRAFT_584391	rna-gnl|WGS:JAJKKE|F5B20DRAFT_mRNA584391	PF00097.32,PF12861.14,PF13639.13	Partial	None
gene-F5B20DRAFT_572904	rna-gnl|WGS:JAJKKE|F5B20DRAFT_mRNA572904	PF00294.30	Partial	None
gene-F5B20DRAFT_327531	rna-gnl|WGS:JAJKKE|F5B20DRAFT_mRNA327531		None	None
gene-F5B20DRAFT_556239	rna-gnl|WGS:JAJKKE|F5B20DRAFT_mRNA556239	PF03435.25,PF16653.11	Partial	None
gene-F5B20DRAFT_584395	rna-gnl|WGS:JAJKKE|F5B20DRAFT_mRNA584395	PF00753.34,PF00753.34,PF04031.19,PF16123.12	Complete	None
gene-F5B20DRAFT_327710	rna-gnl|WGS:JAJKKE|F5B20DRAFT_mRNA327710	PF07690.22	Partial	None
gene-F5B20DRAFT_572908	rna-gnl|WGS:JAJKKE|F5B20DRAFT_mRNA572908	PF00067.28	Partial	None
gene-F5B20DRAFT_327814	rna-gnl|WGS:JAJKKE|F5B20DRAFT_mRNA327814	PF09742.15,PF12722.13	Partial	None
gene-F5B20DRAFT_584399	rna-gnl|WGS:JAJKKE|F5B20DRAFT_mRNA584399		None	None
gene-F5B20DRAFT_556253	rna-gnl|WGS:JAJKKE|F5B20DRAFT_mRNA556253	PF06441.19	Partial	None
gene-F5B20DRAFT_572911	rna-gnl|WGS:JAJKKE|F5B20DRAFT_mRNA572911	PF00106.32,PF01370.28,PF05368.20,PF08659.17,PF13460.13,PF13561.13	Partial	None
gene-F5B20DRAFT_556256	rna-gnl|WGS:JAJKKE|F5B20DRAFT_mRNA556256		None	None
gene-F5B20DRAFT_t83	gene-F5B20DRAFT_t83		None	None
gene-F5B20DRAFT_572912	rna-gnl|WGS:JAJKKE|F5B20DRAFT_mRNA572912	PF04190.20	Partial	None
gene-F5B20DRAFT_327893	rna-gnl|WGS:JAJKKE|F5B20DRAFT_mRNA327893		None	None
gene-F5B20DRAFT_584404	rna-gnl|WGS:JAJKKE|F5B20DRAFT_mRNA584404	PF08652.18	Partial	None
gene-F5B20DRAFT_572914	rna-gnl|WGS:JAJKKE|F5B20DRAFT_mRNA572914	PF00561.27	Partial	None
gene-F5B20DRAFT_327883	rna-gnl|WGS:JAJKKE|F5B20DRAFT_mRNA327883	PF10345.16	Partial	None
gene-F5B20DRAFT_328649	rna-gnl|WGS:JAJKKE|F5B20DRAFT_mRNA328649	PF00172.24	Complete	None
gene-F5B20DRAFT_556336	rna-gnl|WGS:JAJKKE|F5B20DRAFT_mRNA556336	PF04193.20	Complete	None
gene-F5B20DRAFT_584410	rna-gnl|WGS:JAJKKE|F5B20DRAFT_mRNA584410		None	None
gene-F5B20DRAFT_329072	rna-gnl|WGS:JAJKKE|F5B20DRAFT_mRNA329072	PF02219.24,PF21895.2,PF21897.2	Complete	None
gene-F5B20DRAFT_329288	rna-gnl|WGS:JAJKKE|F5B20DRAFT_mRNA329288	PF01979.27	Partial	None
gene-F5B20DRAFT_329377	rna-gnl|WGS:JAJKKE|F5B20DRAFT_mRNA329377	PF00172.24,PF04082.24	Partial	None
gene-F5B20DRAFT_556385	rna-gnl|WGS:JAJKKE|F5B20DRAFT_mRNA556385	PF00155.28	Partial	None
gene-F5B20DRAFT_556387	rna-gnl|WGS:JAJKKE|F5B20DRAFT_mRNA556387	PF00573.28,PF14374.12	Complete	None
gene-F5B20DRAFT_t82	gene-F5B20DRAFT_t82		None	None
gene-F5B20DRAFT_329592	rna-gnl|WGS:JAJKKE|F5B20DRAFT_mRNA329592	PF00141.29,PF01822.25,PF01822.25	Complete	None
gene-F5B20DRAFT_556412	rna-gnl|WGS:JAJKKE|F5B20DRAFT_mRNA556412	PF02902.26,PF25424.1	Complete	None
gene-F5B20DRAFT_556416	rna-gnl|WGS:JAJKKE|F5B20DRAFT_mRNA556416	PF04573.18,PF04573.18	Partial	None
gene-F5B20DRAFT_556420	rna-gnl|WGS:JAJKKE|F5B20DRAFT_mRNA556420	PF01459.29	Partial	None
gene-F5B20DRAFT_556421	rna-gnl|WGS:JAJKKE|F5B20DRAFT_mRNA556421	PF00300.28,PF01591.25	Partial	None
gene-F5B20DRAFT_594168	rna-gnl|WGS:JAJKKE|F5B20DRAFT_mRNA594168		None	None
gene-F5B20DRAFT_572925	rna-gnl|WGS:JAJKKE|F5B20DRAFT_mRNA572925	PF00443.36,PF13423.13	Partial	None
gene-F5B20DRAFT_572926	rna-gnl|WGS:JAJKKE|F5B20DRAFT_mRNA572926	PF00281.25,PF00673.27	Complete	None
gene-F5B20DRAFT_329903	rna-gnl|WGS:JAJKKE|F5B20DRAFT_mRNA329903	PF08609.17	Partial	None
gene-F5B20DRAFT_584425	rna-gnl|WGS:JAJKKE|F5B20DRAFT_mRNA584425	PF00022.27	Partial	None
gene-F5B20DRAFT_584426	rna-gnl|WGS:JAJKKE|F5B20DRAFT_mRNA584426	PF00472.27	Partial	None
gene-F5B20DRAFT_330392	rna-gnl|WGS:JAJKKE|F5B20DRAFT_mRNA330392	PF11779.14	Partial	None
gene-F5B20DRAFT_594183	rna-gnl|WGS:JAJKKE|F5B20DRAFT_mRNA594183	PF00400.39,PF00400.39,PF00400.39,PF00400.39,PF00400.39,PF00400.39,PF00400.39	Complete	None
gene-F5B20DRAFT_584429	rna-gnl|WGS:JAJKKE|F5B20DRAFT_mRNA584429	PF00069.32,PF07714.24	Partial	None
gene-F5B20DRAFT_572931	rna-gnl|WGS:JAJKKE|F5B20DRAFT_mRNA572931	PF09088.18,PF09090.18	Complete	None
gene-F5B20DRAFT_332165	rna-gnl|WGS:JAJKKE|F5B20DRAFT_mRNA332165	PF00153.33,PF00153.33,PF00153.33	Complete	None
gene-F5B20DRAFT_584432	rna-gnl|WGS:JAJKKE|F5B20DRAFT_mRNA584432	PF09138.18	Partial	None
gene-F5B20DRAFT_332259	rna-gnl|WGS:JAJKKE|F5B20DRAFT_mRNA332259	PF00096.33,PF00096.33	Complete	None
gene-F5B20DRAFT_332728	rna-gnl|WGS:JAJKKE|F5B20DRAFT_mRNA332728	PF00076.29,PF00076.29	Partial	None
gene-F5B20DRAFT_332817	rna-gnl|WGS:JAJKKE|F5B20DRAFT_mRNA332817	PF05255.17	Partial	None
gene-F5B20DRAFT_332826	rna-gnl|WGS:JAJKKE|F5B20DRAFT_mRNA332826	PF09346.16	Partial	None
gene-F5B20DRAFT_332866	rna-gnl|WGS:JAJKKE|F5B20DRAFT_mRNA332866	PF04048.21,PF10475.16,PF20651.4,PF20652.4	Partial	None
gene-F5B20DRAFT_556620	rna-gnl|WGS:JAJKKE|F5B20DRAFT_mRNA556620	PF00328.28	Partial	None
gene-F5B20DRAFT_556624	rna-gnl|WGS:JAJKKE|F5B20DRAFT_mRNA556624	PF02230.23	Partial	None
gene-F5B20DRAFT_594197	rna-gnl|WGS:JAJKKE|F5B20DRAFT_mRNA594197		None	None
gene-F5B20DRAFT_333040	rna-gnl|WGS:JAJKKE|F5B20DRAFT_mRNA333040	PF00443.36	Partial	None
gene-F5B20DRAFT_556627	rna-gnl|WGS:JAJKKE|F5B20DRAFT_mRNA556627	PF09135.17	Partial	None
gene-F5B20DRAFT_556630	rna-gnl|WGS:JAJKKE|F5B20DRAFT_mRNA556630	PF06991.17	Partial	None
gene-F5B20DRAFT_584444	rna-gnl|WGS:JAJKKE|F5B20DRAFT_mRNA584444	PF04042.22,PF22062.3	Complete	None
gene-F5B20DRAFT_332995	rna-gnl|WGS:JAJKKE|F5B20DRAFT_mRNA332995	PF00650.26,PF03765.22	Partial	None
gene-F5B20DRAFT_333045	rna-gnl|WGS:JAJKKE|F5B20DRAFT_mRNA333045	PF04051.22	Partial	None
gene-F5B20DRAFT_556639	rna-gnl|WGS:JAJKKE|F5B20DRAFT_mRNA556639	PF01694.29	Partial	None
gene-F5B20DRAFT_584448	rna-gnl|WGS:JAJKKE|F5B20DRAFT_mRNA584448		None	None
gene-F5B20DRAFT_333104	rna-gnl|WGS:JAJKKE|F5B20DRAFT_mRNA333104		None	None
gene-F5B20DRAFT_333158	rna-gnl|WGS:JAJKKE|F5B20DRAFT_mRNA333158		None	None
gene-F5B20DRAFT_556668	rna-gnl|WGS:JAJKKE|F5B20DRAFT_mRNA556668		None	None
gene-F5B20DRAFT_594198	rna-gnl|WGS:JAJKKE|F5B20DRAFT_mRNA594198	PF00172.24,PF04082.24	Partial	None
gene-F5B20DRAFT_333275	rna-gnl|WGS:JAJKKE|F5B20DRAFT_mRNA333275		None	None
gene-F5B20DRAFT_556676	rna-gnl|WGS:JAJKKE|F5B20DRAFT_mRNA556676		None	None
gene-F5B20DRAFT_333327	rna-gnl|WGS:JAJKKE|F5B20DRAFT_mRNA333327		None	None
gene-F5B20DRAFT_333315	rna-gnl|WGS:JAJKKE|F5B20DRAFT_mRNA333315	PF08555.16	Partial	None
gene-F5B20DRAFT_333388	rna-gnl|WGS:JAJKKE|F5B20DRAFT_mRNA333388		None	None
gene-F5B20DRAFT_584457	rna-gnl|WGS:JAJKKE|F5B20DRAFT_mRNA584457	PF21953.2	Complete	None
gene-F5B20DRAFT_333469	rna-gnl|WGS:JAJKKE|F5B20DRAFT_mRNA333469		None	None
gene-F5B20DRAFT_556705	rna-gnl|WGS:JAJKKE|F5B20DRAFT_mRNA556705	PF02492.26	Partial	None
gene-F5B20DRAFT_333498	rna-gnl|WGS:JAJKKE|F5B20DRAFT_mRNA333498		None	None
gene-F5B20DRAFT_556708	rna-gnl|WGS:JAJKKE|F5B20DRAFT_mRNA556708	PF05693.20	Partial	None
gene-F5B20DRAFT_333529	rna-gnl|WGS:JAJKKE|F5B20DRAFT_mRNA333529		None	None
gene-F5B20DRAFT_333599	rna-gnl|WGS:JAJKKE|F5B20DRAFT_mRNA333599	PF16209.11,PF16212.12	Complete	None
gene-F5B20DRAFT_556721	rna-gnl|WGS:JAJKKE|F5B20DRAFT_mRNA556721	PF00400.39,PF00400.39,PF00400.39,PF00400.39,PF00400.39,PF12265.15	Complete	None
gene-F5B20DRAFT_333729	rna-gnl|WGS:JAJKKE|F5B20DRAFT_mRNA333729	PF03159.25,PF17846.7,PF18129.8,PF18332.8,PF18334.8	Complete	None
gene-F5B20DRAFT_584465	rna-gnl|WGS:JAJKKE|F5B20DRAFT_mRNA584465		None	None
gene-F5B20DRAFT_594206	rna-gnl|WGS:JAJKKE|F5B20DRAFT_mRNA594206	PF00076.29,PF00641.24,PF00641.24	Complete	None
gene-F5B20DRAFT_556731	rna-gnl|WGS:JAJKKE|F5B20DRAFT_mRNA556731		None	None
gene-F5B20DRAFT_556736	rna-gnl|WGS:JAJKKE|F5B20DRAFT_mRNA556736		None	None
gene-F5B20DRAFT_556741	rna-gnl|WGS:JAJKKE|F5B20DRAFT_mRNA556741	PF00117.35,PF06418.21	Partial	None
gene-F5B20DRAFT_584477	rna-gnl|WGS:JAJKKE|F5B20DRAFT_mRNA584477		None	None
gene-F5B20DRAFT_334239	rna-gnl|WGS:JAJKKE|F5B20DRAFT_mRNA334239	PF10263.16	Complete	None
gene-F5B20DRAFT_334088	rna-gnl|WGS:JAJKKE|F5B20DRAFT_mRNA334088	PF00646.39,PF12937.13	Partial	None
gene-F5B20DRAFT_334289	rna-gnl|WGS:JAJKKE|F5B20DRAFT_mRNA334289		None	None
gene-F5B20DRAFT_584481	rna-gnl|WGS:JAJKKE|F5B20DRAFT_mRNA584481	PF00005.34,PF00005.34,PF00664.29,PF00664.29	Complete	None
gene-F5B20DRAFT_556810	rna-gnl|WGS:JAJKKE|F5B20DRAFT_mRNA556810	PF00400.39,PF00400.39,PF00400.39,PF00400.39,PF24105.2,PF24105.2	Complete	None
gene-F5B20DRAFT_556819	rna-gnl|WGS:JAJKKE|F5B20DRAFT_mRNA556819		None	None
gene-F5B20DRAFT_334821	rna-gnl|WGS:JAJKKE|F5B20DRAFT_mRNA334821	PF01735.24	Partial	None
gene-F5B20DRAFT_594222	rna-gnl|WGS:JAJKKE|F5B20DRAFT_mRNA594222		None	None
gene-F5B20DRAFT_584485	rna-gnl|WGS:JAJKKE|F5B20DRAFT_mRNA584485	PF17648.8	Complete	None
gene-F5B20DRAFT_334549	rna-gnl|WGS:JAJKKE|F5B20DRAFT_mRNA334549	PF00026.29,PF14543.12	Partial	None
gene-F5B20DRAFT_556845	rna-gnl|WGS:JAJKKE|F5B20DRAFT_mRNA556845	PF01545.27,PF01545.27,PF16916.12	Complete	None
gene-F5B20DRAFT_335147	rna-gnl|WGS:JAJKKE|F5B20DRAFT_mRNA335147	PF02656.21	Partial	None
gene-F5B20DRAFT_594228	rna-gnl|WGS:JAJKKE|F5B20DRAFT_mRNA594228	PF00933.28,PF01915.28,PF07691.18,PF14310.13	Complete	None
gene-F5B20DRAFT_594230	rna-gnl|WGS:JAJKKE|F5B20DRAFT_mRNA594230		None	None
gene-F5B20DRAFT_556887	rna-gnl|WGS:JAJKKE|F5B20DRAFT_mRNA556887		None	None
gene-F5B20DRAFT_556890	rna-gnl|WGS:JAJKKE|F5B20DRAFT_mRNA556890	PF00083.31,PF07690.22	Partial	None
gene-F5B20DRAFT_556906	rna-gnl|WGS:JAJKKE|F5B20DRAFT_mRNA556906	PF00173.34,PF00890.31,PF01266.31,PF12831.14,PF13450.13	Complete	None
gene-F5B20DRAFT_594232	rna-gnl|WGS:JAJKKE|F5B20DRAFT_mRNA594232		None	None
gene-F5B20DRAFT_556916	rna-gnl|WGS:JAJKKE|F5B20DRAFT_mRNA556916	PF07366.19,PF12680.14	Partial	None
gene-F5B20DRAFT_584496	rna-gnl|WGS:JAJKKE|F5B20DRAFT_mRNA584496		None	None
gene-F5B20DRAFT_335595	rna-gnl|WGS:JAJKKE|F5B20DRAFT_mRNA335595	PF15633.12,PF26928.1	Partial	None
gene-F5B20DRAFT_556918	rna-gnl|WGS:JAJKKE|F5B20DRAFT_mRNA556918	PF00067.28	Partial	None
gene-F5B20DRAFT_594234	rna-gnl|WGS:JAJKKE|F5B20DRAFT_mRNA594234		None	None
gene-F5B20DRAFT_556922	rna-gnl|WGS:JAJKKE|F5B20DRAFT_mRNA556922	PF02671.27,PF02671.27,PF02671.27,PF08295.18,PF16879.11	Complete	None
gene-F5B20DRAFT_556927	rna-gnl|WGS:JAJKKE|F5B20DRAFT_mRNA556927	PF00108.30,PF02803.25	Complete	None
gene-F5B20DRAFT_556934	rna-gnl|WGS:JAJKKE|F5B20DRAFT_mRNA556934	PF00009.34,PF00679.31,PF01926.30,PF03764.25,PF14492.13,PF16004.11	Complete	None
gene-F5B20DRAFT_594236	rna-gnl|WGS:JAJKKE|F5B20DRAFT_mRNA594236	PF01883.25	Partial	None
gene-F5B20DRAFT_556947	rna-gnl|WGS:JAJKKE|F5B20DRAFT_mRNA556947	PF00172.24,PF04082.24	Partial	None
gene-F5B20DRAFT_556960	rna-gnl|WGS:JAJKKE|F5B20DRAFT_mRNA556960	PF06985.18,PF26639.1	Complete	None
gene-F5B20DRAFT_336046	rna-gnl|WGS:JAJKKE|F5B20DRAFT_mRNA336046	PF00732.26,PF05199.20	Complete	None
gene-F5B20DRAFT_584507	rna-gnl|WGS:JAJKKE|F5B20DRAFT_mRNA584507		None	None
gene-F5B20DRAFT_556962	rna-gnl|WGS:JAJKKE|F5B20DRAFT_mRNA556962	PF04072.21	Partial	None
gene-F5B20DRAFT_556963	rna-gnl|WGS:JAJKKE|F5B20DRAFT_mRNA556963		None	None
gene-F5B20DRAFT_556967	rna-gnl|WGS:JAJKKE|F5B20DRAFT_mRNA556967		None	None
gene-F5B20DRAFT_556969	rna-gnl|WGS:JAJKKE|F5B20DRAFT_mRNA556969		None	None
gene-F5B20DRAFT_336093	rna-gnl|WGS:JAJKKE|F5B20DRAFT_mRNA336093		None	None
gene-F5B20DRAFT_336124	rna-gnl|WGS:JAJKKE|F5B20DRAFT_mRNA336124	PF01876.24	Partial	None
gene-F5B20DRAFT_556977	rna-gnl|WGS:JAJKKE|F5B20DRAFT_mRNA556977		None	None
gene-F5B20DRAFT_336140	rna-gnl|WGS:JAJKKE|F5B20DRAFT_mRNA336140	PF13298.13	Partial	None
gene-F5B20DRAFT_t84	gene-F5B20DRAFT_t84		None	None
gene-F5B20DRAFT_556983	rna-gnl|WGS:JAJKKE|F5B20DRAFT_mRNA556983	PF00009.34,PF03143.24,PF03144.32,PF22594.3	Complete	None
gene-F5B20DRAFT_556986	rna-gnl|WGS:JAJKKE|F5B20DRAFT_mRNA556986		None	None
gene-F5B20DRAFT_556987	rna-gnl|WGS:JAJKKE|F5B20DRAFT_mRNA556987	PF00332.25,PF29664.1	Partial	None
gene-F5B20DRAFT_556990	rna-gnl|WGS:JAJKKE|F5B20DRAFT_mRNA556990	PF00069.32,PF07714.24,PF14531.13	Partial	None
gene-F5B20DRAFT_584517	rna-gnl|WGS:JAJKKE|F5B20DRAFT_mRNA584517	PF00179.32	Partial	None
gene-F5B20DRAFT_336212	rna-gnl|WGS:JAJKKE|F5B20DRAFT_mRNA336212	PF01198.25	Partial	None
gene-F5B20DRAFT_336340	rna-gnl|WGS:JAJKKE|F5B20DRAFT_mRNA336340	PF00615.25,PF27892.1	Complete	None
gene-F5B20DRAFT_336359	rna-gnl|WGS:JAJKKE|F5B20DRAFT_mRNA336359	PF01399.34,PF22061.3	Partial	None
gene-F5B20DRAFT_557007	rna-gnl|WGS:JAJKKE|F5B20DRAFT_mRNA557007	PF00501.35,PF00550.32,PF01073.26,PF01370.28,PF07993.19	Complete	None
gene-F5B20DRAFT_557010	rna-gnl|WGS:JAJKKE|F5B20DRAFT_mRNA557010	PF00122.26,PF00403.33,PF00403.33,PF00403.33,PF00403.33,PF00702.33,PF08282.19	Complete	None
gene-F5B20DRAFT_336435	rna-gnl|WGS:JAJKKE|F5B20DRAFT_mRNA336435		None	None
gene-F5B20DRAFT_336477	rna-gnl|WGS:JAJKKE|F5B20DRAFT_mRNA336477	PF01565.29,PF02913.25	Complete	None
gene-F5B20DRAFT_336439	rna-gnl|WGS:JAJKKE|F5B20DRAFT_mRNA336439	PF04828.23	Partial	None
gene-F5B20DRAFT_557032	rna-gnl|WGS:JAJKKE|F5B20DRAFT_mRNA557032	PF03372.30	Partial	None
gene-F5B20DRAFT_557033	rna-gnl|WGS:JAJKKE|F5B20DRAFT_mRNA557033	PF01370.28	Partial	None
gene-F5B20DRAFT_557034	rna-gnl|WGS:JAJKKE|F5B20DRAFT_mRNA557034		None	None
gene-F5B20DRAFT_594252	rna-gnl|WGS:JAJKKE|F5B20DRAFT_mRNA594252		None	None
gene-F5B20DRAFT_557037	rna-gnl|WGS:JAJKKE|F5B20DRAFT_mRNA557037	PF00270.36,PF00271.38	Complete	None
gene-F5B20DRAFT_572988	rna-gnl|WGS:JAJKKE|F5B20DRAFT_mRNA572988	PF00107.33,PF08240.18	Partial	None
gene-F5B20DRAFT_557041	rna-gnl|WGS:JAJKKE|F5B20DRAFT_mRNA557041		None	None
gene-F5B20DRAFT_336672	rna-gnl|WGS:JAJKKE|F5B20DRAFT_mRNA336672		None	None
gene-F5B20DRAFT_584534	rna-gnl|WGS:JAJKKE|F5B20DRAFT_mRNA584534	PF00703.28,PF17753.8,PF17786.8,PF22666.3	Complete	None
gene-F5B20DRAFT_557047	rna-gnl|WGS:JAJKKE|F5B20DRAFT_mRNA557047	PF00025.28,PF00071.29,PF08477.20	Partial	None
gene-F5B20DRAFT_336720	rna-gnl|WGS:JAJKKE|F5B20DRAFT_mRNA336720	PF00106.32,PF08659.17,PF13561.13	Partial	None
gene-F5B20DRAFT_336764	rna-gnl|WGS:JAJKKE|F5B20DRAFT_mRNA336764		None	None
gene-F5B20DRAFT_584538	rna-gnl|WGS:JAJKKE|F5B20DRAFT_mRNA584538	PF00389.37,PF02826.26	Partial	None
gene-F5B20DRAFT_594255	rna-gnl|WGS:JAJKKE|F5B20DRAFT_mRNA594255	PF00501.35,PF13193.13	Complete	None
gene-F5B20DRAFT_336801	rna-gnl|WGS:JAJKKE|F5B20DRAFT_mRNA336801	PF00378.26,PF16113.11	Partial	None
gene-F5B20DRAFT_594257	rna-gnl|WGS:JAJKKE|F5B20DRAFT_mRNA594257	PF00083.31,PF06609.19,PF07690.22	Partial	None
gene-F5B20DRAFT_336846	rna-gnl|WGS:JAJKKE|F5B20DRAFT_mRNA336846	PF04616.21	Partial	None
gene-F5B20DRAFT_594263	rna-gnl|WGS:JAJKKE|F5B20DRAFT_mRNA594263	PF00188.33	Partial	None
gene-F5B20DRAFT_557080	rna-gnl|WGS:JAJKKE|F5B20DRAFT_mRNA557080	PF03600.23	Partial	None
gene-F5B20DRAFT_336926	rna-gnl|WGS:JAJKKE|F5B20DRAFT_mRNA336926		None	None
gene-F5B20DRAFT_572996	rna-gnl|WGS:JAJKKE|F5B20DRAFT_mRNA572996	PF00107.33,PF08240.18	Partial	None
gene-F5B20DRAFT_584547	rna-gnl|WGS:JAJKKE|F5B20DRAFT_mRNA584547	PF04652.22,PF18097.7	Complete	None
gene-F5B20DRAFT_557090	rna-gnl|WGS:JAJKKE|F5B20DRAFT_mRNA557090	PF00085.27,PF24541.2	Complete	None
gene-F5B20DRAFT_584549	rna-gnl|WGS:JAJKKE|F5B20DRAFT_mRNA584549	PF01138.28,PF03725.21	Complete	None
gene-F5B20DRAFT_557094	rna-gnl|WGS:JAJKKE|F5B20DRAFT_mRNA557094		None	None
gene-F5B20DRAFT_337012	rna-gnl|WGS:JAJKKE|F5B20DRAFT_mRNA337012	PF03031.25	Partial	None
gene-F5B20DRAFT_594265	rna-gnl|WGS:JAJKKE|F5B20DRAFT_mRNA594265		None	None
gene-F5B20DRAFT_557099	rna-gnl|WGS:JAJKKE|F5B20DRAFT_mRNA557099	PF00172.24,PF04082.24	Partial	None
gene-F5B20DRAFT_337076	rna-gnl|WGS:JAJKKE|F5B20DRAFT_mRNA337076	PF08617.16	Partial	None
gene-F5B20DRAFT_557108	rna-gnl|WGS:JAJKKE|F5B20DRAFT_mRNA557108	PF01619.25	Partial	None
gene-F5B20DRAFT_337150	rna-gnl|WGS:JAJKKE|F5B20DRAFT_mRNA337150		None	None
gene-F5B20DRAFT_584557	rna-gnl|WGS:JAJKKE|F5B20DRAFT_mRNA584557		None	None
gene-F5B20DRAFT_557117	rna-gnl|WGS:JAJKKE|F5B20DRAFT_mRNA557117		None	None
gene-F5B20DRAFT_557118	rna-gnl|WGS:JAJKKE|F5B20DRAFT_mRNA557118	PF15892.12	Partial	None
gene-F5B20DRAFT_337260	rna-gnl|WGS:JAJKKE|F5B20DRAFT_mRNA337260	PF00083.31,PF07690.22	Partial	None
gene-F5B20DRAFT_557130	rna-gnl|WGS:JAJKKE|F5B20DRAFT_mRNA557130	PF00933.28,PF01915.28,PF14310.13	Complete	None
gene-F5B20DRAFT_557131	rna-gnl|WGS:JAJKKE|F5B20DRAFT_mRNA557131	PF26061.1	Partial	None
gene-F5B20DRAFT_337342	rna-gnl|WGS:JAJKKE|F5B20DRAFT_mRNA337342		None	None
gene-F5B20DRAFT_337407	rna-gnl|WGS:JAJKKE|F5B20DRAFT_mRNA337407	PF00023.37,PF00023.37,PF12796.14,PF13606.13,PF13637.13	Complete	None
gene-F5B20DRAFT_557160	rna-gnl|WGS:JAJKKE|F5B20DRAFT_mRNA557160		None	None
gene-F5B20DRAFT_337598	rna-gnl|WGS:JAJKKE|F5B20DRAFT_mRNA337598		None	None
gene-F5B20DRAFT_557164	rna-gnl|WGS:JAJKKE|F5B20DRAFT_mRNA557164		None	None
gene-F5B20DRAFT_584565	rna-gnl|WGS:JAJKKE|F5B20DRAFT_mRNA584565	PF13409.13,PF13410.12	Complete	None
gene-F5B20DRAFT_337631	rna-gnl|WGS:JAJKKE|F5B20DRAFT_mRNA337631		None	None
gene-F5B20DRAFT_337659	rna-gnl|WGS:JAJKKE|F5B20DRAFT_mRNA337659		None	None
gene-F5B20DRAFT_337730	rna-gnl|WGS:JAJKKE|F5B20DRAFT_mRNA337730	PF00069.32,PF07714.24	Partial	None
gene-F5B20DRAFT_584569	rna-gnl|WGS:JAJKKE|F5B20DRAFT_mRNA584569	PF20238.5	Partial	None
gene-F5B20DRAFT_584570	rna-gnl|WGS:JAJKKE|F5B20DRAFT_mRNA584570	PF00724.27	Partial	None
gene-F5B20DRAFT_584571	rna-gnl|WGS:JAJKKE|F5B20DRAFT_mRNA584571	PF01522.27	Partial	None
gene-F5B20DRAFT_584572	rna-gnl|WGS:JAJKKE|F5B20DRAFT_mRNA584572	PF00067.28	Partial	None
gene-F5B20DRAFT_557180	rna-gnl|WGS:JAJKKE|F5B20DRAFT_mRNA557180		None	None
gene-F5B20DRAFT_337906	rna-gnl|WGS:JAJKKE|F5B20DRAFT_mRNA337906	PF00083.31,PF06609.19,PF07690.22	Partial	None
gene-F5B20DRAFT_337937	rna-gnl|WGS:JAJKKE|F5B20DRAFT_mRNA337937	PF01565.29	Partial	None
gene-F5B20DRAFT_337914	rna-gnl|WGS:JAJKKE|F5B20DRAFT_mRNA337914	PF01425.27	Partial	None
gene-F5B20DRAFT_594269	rna-gnl|WGS:JAJKKE|F5B20DRAFT_mRNA594269	PF00743.26,PF13450.13	Partial	None
gene-F5B20DRAFT_573025	rna-gnl|WGS:JAJKKE|F5B20DRAFT_mRNA573025	PF06609.19,PF07690.22	Partial	None
gene-F5B20DRAFT_573018	rna-gnl|WGS:JAJKKE|F5B20DRAFT_mRNA573018	PF29050.1	Partial	None
gene-F5B20DRAFT_338202	rna-gnl|WGS:JAJKKE|F5B20DRAFT_mRNA338202	PF00069.32,PF07714.24	Complete	None
gene-F5B20DRAFT_338367	rna-gnl|WGS:JAJKKE|F5B20DRAFT_mRNA338367	PF00069.32,PF06985.18,PF07714.24	Complete	None
gene-F5B20DRAFT_338292	rna-gnl|WGS:JAJKKE|F5B20DRAFT_mRNA338292		None	None
gene-F5B20DRAFT_338313	rna-gnl|WGS:JAJKKE|F5B20DRAFT_mRNA338313		None	None
gene-F5B20DRAFT_584582	rna-gnl|WGS:JAJKKE|F5B20DRAFT_mRNA584582	PF01417.27	Partial	None
gene-F5B20DRAFT_557215	rna-gnl|WGS:JAJKKE|F5B20DRAFT_mRNA557215	PF00160.27	Partial	None
gene-F5B20DRAFT_557218	rna-gnl|WGS:JAJKKE|F5B20DRAFT_mRNA557218	PF05158.19	Partial	None
gene-F5B20DRAFT_557219	rna-gnl|WGS:JAJKKE|F5B20DRAFT_mRNA557219	PF00515.35,PF13181.13,PF13181.13,PF13181.13,PF13424.13,PF13432.13,PF13432.13,PF17830.7	Complete	None
gene-F5B20DRAFT_573026	rna-gnl|WGS:JAJKKE|F5B20DRAFT_mRNA573026	PF00172.24,PF04145.21,PF11951.14	Complete	None
gene-F5B20DRAFT_338630	rna-gnl|WGS:JAJKKE|F5B20DRAFT_mRNA338630	PF00295.24	Partial	None
gene-F5B20DRAFT_338713	rna-gnl|WGS:JAJKKE|F5B20DRAFT_mRNA338713	PF00854.28,PF07690.22	Partial	None
gene-F5B20DRAFT_594281	rna-gnl|WGS:JAJKKE|F5B20DRAFT_mRNA594281		None	None
gene-F5B20DRAFT_557236	rna-gnl|WGS:JAJKKE|F5B20DRAFT_mRNA557236		None	None
gene-F5B20DRAFT_584593	rna-gnl|WGS:JAJKKE|F5B20DRAFT_mRNA584593	PF00190.29	Partial	None
gene-F5B20DRAFT_557241	rna-gnl|WGS:JAJKKE|F5B20DRAFT_mRNA557241	PF24883.3	Partial	None
gene-F5B20DRAFT_338770	rna-gnl|WGS:JAJKKE|F5B20DRAFT_mRNA338770	PF00023.37,PF12796.14,PF12796.14,PF13606.13	Partial	None
gene-F5B20DRAFT_584597	rna-gnl|WGS:JAJKKE|F5B20DRAFT_mRNA584597		None	None
gene-F5B20DRAFT_557248	rna-gnl|WGS:JAJKKE|F5B20DRAFT_mRNA557248		None	None
gene-F5B20DRAFT_338888	rna-gnl|WGS:JAJKKE|F5B20DRAFT_mRNA338888	PF00732.26,PF05199.20	Complete	None
gene-F5B20DRAFT_338923	rna-gnl|WGS:JAJKKE|F5B20DRAFT_mRNA338923		None	None
gene-F5B20DRAFT_573033	rna-gnl|WGS:JAJKKE|F5B20DRAFT_mRNA573033	PF02284.22	Partial	None
gene-F5B20DRAFT_557274	rna-gnl|WGS:JAJKKE|F5B20DRAFT_mRNA557274	PF01151.24	Partial	None
gene-F5B20DRAFT_339026	rna-gnl|WGS:JAJKKE|F5B20DRAFT_mRNA339026	PF00264.26	Partial	None
gene-F5B20DRAFT_339079	rna-gnl|WGS:JAJKKE|F5B20DRAFT_mRNA339079	PF13668.13	Partial	None
gene-F5B20DRAFT_339232	rna-gnl|WGS:JAJKKE|F5B20DRAFT_mRNA339232		None	None
gene-F5B20DRAFT_557297	rna-gnl|WGS:JAJKKE|F5B20DRAFT_mRNA557297		None	None
gene-F5B20DRAFT_557298	rna-gnl|WGS:JAJKKE|F5B20DRAFT_mRNA557298		None	None
gene-F5B20DRAFT_584609	rna-gnl|WGS:JAJKKE|F5B20DRAFT_mRNA584609	PF06985.18	Partial	None
gene-F5B20DRAFT_339439	rna-gnl|WGS:JAJKKE|F5B20DRAFT_mRNA339439	PF00097.32,PF11145.15,PF12678.14,PF13639.13	Complete	None
gene-F5B20DRAFT_339625	rna-gnl|WGS:JAJKKE|F5B20DRAFT_mRNA339625		None	None
gene-F5B20DRAFT_557305	rna-gnl|WGS:JAJKKE|F5B20DRAFT_mRNA557305	PF00085.27,PF00085.27,PF07749.18,PF13098.14	Complete	None
gene-F5B20DRAFT_584613	rna-gnl|WGS:JAJKKE|F5B20DRAFT_mRNA584613		None	None
gene-F5B20DRAFT_557311	rna-gnl|WGS:JAJKKE|F5B20DRAFT_mRNA557311	PF00501.35,PF01370.28,PF07993.19,PF23562.3	Complete	None
gene-F5B20DRAFT_557312	rna-gnl|WGS:JAJKKE|F5B20DRAFT_mRNA557312	PF00083.31,PF06609.19,PF07690.22	Partial	None
gene-F5B20DRAFT_339657	rna-gnl|WGS:JAJKKE|F5B20DRAFT_mRNA339657	PF00009.34,PF03143.24,PF03144.32	Complete	None
gene-F5B20DRAFT_557318	rna-gnl|WGS:JAJKKE|F5B20DRAFT_mRNA557318	PF04828.23,PF04828.23	Complete	None
gene-F5B20DRAFT_557327	rna-gnl|WGS:JAJKKE|F5B20DRAFT_mRNA557327	PF00083.31,PF07690.22	Partial	None
gene-F5B20DRAFT_339780	rna-gnl|WGS:JAJKKE|F5B20DRAFT_mRNA339780	PF00561.27,PF08386.17	Complete	None
gene-F5B20DRAFT_584619	rna-gnl|WGS:JAJKKE|F5B20DRAFT_mRNA584619		None	None
gene-F5B20DRAFT_339821	rna-gnl|WGS:JAJKKE|F5B20DRAFT_mRNA339821	PF01513.27,PF20143.5	Complete	None
gene-F5B20DRAFT_594288	rna-gnl|WGS:JAJKKE|F5B20DRAFT_mRNA594288		None	None
gene-F5B20DRAFT_557359	rna-gnl|WGS:JAJKKE|F5B20DRAFT_mRNA557359	PF02560.20	Partial	None
gene-F5B20DRAFT_339976	rna-gnl|WGS:JAJKKE|F5B20DRAFT_mRNA339976	PF14856.12	Partial	None
gene-F5B20DRAFT_339988	rna-gnl|WGS:JAJKKE|F5B20DRAFT_mRNA339988	PF20246.4	Partial	None
gene-F5B20DRAFT_584626	rna-gnl|WGS:JAJKKE|F5B20DRAFT_mRNA584626	PF00023.37,PF00023.37,PF00023.37,PF00023.37,PF00023.37,PF05057.22,PF12796.14,PF12796.14,PF12796.14,PF13606.13,PF13606.13,PF13637.13,PF13637.13,PF13637.13,PF24883.3	Complete	None
gene-F5B20DRAFT_594289	rna-gnl|WGS:JAJKKE|F5B20DRAFT_mRNA594289		None	None
gene-F5B20DRAFT_557368	rna-gnl|WGS:JAJKKE|F5B20DRAFT_mRNA557368	PF00043.31,PF13410.12,PF14497.12	Partial	None
gene-F5B20DRAFT_340083	rna-gnl|WGS:JAJKKE|F5B20DRAFT_mRNA340083	PF05890.18	Partial	None
gene-F5B20DRAFT_584630	rna-gnl|WGS:JAJKKE|F5B20DRAFT_mRNA584630	PF01728.26,PF07780.18,PF11861.14	Complete	None
gene-F5B20DRAFT_340119	rna-gnl|WGS:JAJKKE|F5B20DRAFT_mRNA340119	PF00400.39,PF00400.39,PF00400.39	Complete	None
gene-F5B20DRAFT_340264	rna-gnl|WGS:JAJKKE|F5B20DRAFT_mRNA340264		None	None
gene-F5B20DRAFT_340158	rna-gnl|WGS:JAJKKE|F5B20DRAFT_mRNA340158		None	None
gene-F5B20DRAFT_340372	rna-gnl|WGS:JAJKKE|F5B20DRAFT_mRNA340372	PF02460.25,PF12349.15	Complete	None
gene-F5B20DRAFT_557388	rna-gnl|WGS:JAJKKE|F5B20DRAFT_mRNA557388	PF13621.13	Partial	None
gene-F5B20DRAFT_340419	rna-gnl|WGS:JAJKKE|F5B20DRAFT_mRNA340419	PF00144.30,PF11954.14	Complete	None
gene-F5B20DRAFT_584636	rna-gnl|WGS:JAJKKE|F5B20DRAFT_mRNA584636	PF00005.34,PF00005.34,PF00664.29,PF24357.2	Complete	None
gene-F5B20DRAFT_584637	rna-gnl|WGS:JAJKKE|F5B20DRAFT_mRNA584637	PF00501.35,PF00501.35,PF00501.35,PF00501.35,PF00501.35,PF00550.32,PF00550.32,PF00550.32,PF00550.32,PF00668.26,PF00668.26,PF00668.26,PF00668.26,PF00668.26,PF00668.26,PF00668.26,PF00668.26	Complete	None
gene-F5B20DRAFT_573052	rna-gnl|WGS:JAJKKE|F5B20DRAFT_mRNA573052	PF00085.27,PF00225.30,PF05903.21,PF08324.18,PF13728.13,PF16796.12	Complete	None
gene-F5B20DRAFT_340842	rna-gnl|WGS:JAJKKE|F5B20DRAFT_mRNA340842	PF01150.24	Partial	None
gene-F5B20DRAFT_594297	rna-gnl|WGS:JAJKKE|F5B20DRAFT_mRNA594297	PF17863.8	Complete	None
gene-F5B20DRAFT_340874	rna-gnl|WGS:JAJKKE|F5B20DRAFT_mRNA340874		None	None
gene-F5B20DRAFT_557441	rna-gnl|WGS:JAJKKE|F5B20DRAFT_mRNA557441	PF00025.28,PF00071.29,PF01926.30,PF04670.19,PF08477.20	Partial	None
gene-F5B20DRAFT_557445	rna-gnl|WGS:JAJKKE|F5B20DRAFT_mRNA557445	PF06027.19,PF13127.12	Partial	None
gene-F5B20DRAFT_341003	rna-gnl|WGS:JAJKKE|F5B20DRAFT_mRNA341003	PF01126.26	Partial	None
gene-F5B20DRAFT_573056	rna-gnl|WGS:JAJKKE|F5B20DRAFT_mRNA573056	PF07690.22	Partial	None
gene-F5B20DRAFT_341154	rna-gnl|WGS:JAJKKE|F5B20DRAFT_mRNA341154		None	None
gene-F5B20DRAFT_584647	rna-gnl|WGS:JAJKKE|F5B20DRAFT_mRNA584647		None	None
gene-F5B20DRAFT_341208	rna-gnl|WGS:JAJKKE|F5B20DRAFT_mRNA341208		None	None
gene-F5B20DRAFT_557459	rna-gnl|WGS:JAJKKE|F5B20DRAFT_mRNA557459	PF00026.29	Partial	None
gene-F5B20DRAFT_557461	rna-gnl|WGS:JAJKKE|F5B20DRAFT_mRNA557461	PF06985.18,PF26639.1	Complete	None
gene-F5B20DRAFT_557464	rna-gnl|WGS:JAJKKE|F5B20DRAFT_mRNA557464		None	None
gene-F5B20DRAFT_584651	rna-gnl|WGS:JAJKKE|F5B20DRAFT_mRNA584651		None	None
gene-F5B20DRAFT_594305	rna-gnl|WGS:JAJKKE|F5B20DRAFT_mRNA594305		None	None
gene-F5B20DRAFT_584653	rna-gnl|WGS:JAJKKE|F5B20DRAFT_mRNA584653	PF00173.34,PF01070.25,PF01645.24	Partial	None
gene-F5B20DRAFT_341434	rna-gnl|WGS:JAJKKE|F5B20DRAFT_mRNA341434	PF13875.13	Partial	None
gene-F5B20DRAFT_341432	rna-gnl|WGS:JAJKKE|F5B20DRAFT_mRNA341432		None	None
gene-F5B20DRAFT_584656	rna-gnl|WGS:JAJKKE|F5B20DRAFT_mRNA584656		None	None
gene-F5B20DRAFT_557550	rna-gnl|WGS:JAJKKE|F5B20DRAFT_mRNA557550	PF28221.1,PF29327.1	Complete	None
gene-F5B20DRAFT_573058	rna-gnl|WGS:JAJKKE|F5B20DRAFT_mRNA573058	PF08689.16	Partial	None
gene-F5B20DRAFT_594309	rna-gnl|WGS:JAJKKE|F5B20DRAFT_mRNA594309	PF00106.32,PF00107.33,PF00109.33,PF00550.32,PF00698.27,PF02801.29,PF08240.18,PF08659.17,PF13602.13,PF14765.13,PF16197.12,PF21089.4	Complete	None
gene-F5B20DRAFT_573060	rna-gnl|WGS:JAJKKE|F5B20DRAFT_mRNA573060	PF00067.28	Partial	None
gene-F5B20DRAFT_594311	rna-gnl|WGS:JAJKKE|F5B20DRAFT_mRNA594311		None	None
gene-F5B20DRAFT_594315	rna-gnl|WGS:JAJKKE|F5B20DRAFT_mRNA594315		None	None
gene-F5B20DRAFT_342439	rna-gnl|WGS:JAJKKE|F5B20DRAFT_mRNA342439	PF00067.28	Partial	None
gene-F5B20DRAFT_342420	rna-gnl|WGS:JAJKKE|F5B20DRAFT_mRNA342420	PF00324.28,PF13520.13	Partial	None
gene-F5B20DRAFT_584665	rna-gnl|WGS:JAJKKE|F5B20DRAFT_mRNA584665	PF01400.32	Partial	None
gene-F5B20DRAFT_584666	rna-gnl|WGS:JAJKKE|F5B20DRAFT_mRNA584666		None	None
gene-F5B20DRAFT_584667	rna-gnl|WGS:JAJKKE|F5B20DRAFT_mRNA584667	PF03896.22	Partial	None
gene-F5B20DRAFT_557565	rna-gnl|WGS:JAJKKE|F5B20DRAFT_mRNA557565	PF00005.34,PF00005.34,PF00664.29,PF00664.29	Complete	None
gene-F5B20DRAFT_557569	rna-gnl|WGS:JAJKKE|F5B20DRAFT_mRNA557569	PF00344.26,PF10559.15	Partial	None
gene-F5B20DRAFT_573063	rna-gnl|WGS:JAJKKE|F5B20DRAFT_mRNA573063	PF01715.24,PF12171.15,PF12874.14	Complete	None
gene-F5B20DRAFT_584671	rna-gnl|WGS:JAJKKE|F5B20DRAFT_mRNA584671		None	None
gene-F5B20DRAFT_557571	rna-gnl|WGS:JAJKKE|F5B20DRAFT_mRNA557571		None	None
gene-F5B20DRAFT_594317	rna-gnl|WGS:JAJKKE|F5B20DRAFT_mRNA594317	PF00067.28	Partial	None
gene-F5B20DRAFT_594319	rna-gnl|WGS:JAJKKE|F5B20DRAFT_mRNA594319	PF20684.4	Partial	None
gene-F5B20DRAFT_584675	rna-gnl|WGS:JAJKKE|F5B20DRAFT_mRNA584675	PF11807.14	Partial	None
gene-F5B20DRAFT_557574	rna-gnl|WGS:JAJKKE|F5B20DRAFT_mRNA557574		None	None
gene-F5B20DRAFT_594321	rna-gnl|WGS:JAJKKE|F5B20DRAFT_mRNA594321	PF03169.21	Partial	None
gene-F5B20DRAFT_557583	rna-gnl|WGS:JAJKKE|F5B20DRAFT_mRNA557583		None	None
gene-F5B20DRAFT_342690	rna-gnl|WGS:JAJKKE|F5B20DRAFT_mRNA342690	PF08623.17,PF25782.3,PF28359.1	Complete	None
gene-F5B20DRAFT_557601	rna-gnl|WGS:JAJKKE|F5B20DRAFT_mRNA557601		None	None
gene-F5B20DRAFT_342760	rna-gnl|WGS:JAJKKE|F5B20DRAFT_mRNA342760	PF00025.28,PF00071.29,PF08477.20	Partial	None
gene-F5B20DRAFT_342915	rna-gnl|WGS:JAJKKE|F5B20DRAFT_mRNA342915	PF01597.26	Partial	None
gene-F5B20DRAFT_342879	rna-gnl|WGS:JAJKKE|F5B20DRAFT_mRNA342879	PF01379.26,PF03900.21	Complete	None
gene-F5B20DRAFT_342926	rna-gnl|WGS:JAJKKE|F5B20DRAFT_mRNA342926		None	None
gene-F5B20DRAFT_594325	rna-gnl|WGS:JAJKKE|F5B20DRAFT_mRNA594325	PF03022.23	Partial	None
gene-F5B20DRAFT_557607	rna-gnl|WGS:JAJKKE|F5B20DRAFT_mRNA557607	PF25484.2	Partial	None
gene-F5B20DRAFT_557608	rna-gnl|WGS:JAJKKE|F5B20DRAFT_mRNA557608		None	None
gene-F5B20DRAFT_342937	rna-gnl|WGS:JAJKKE|F5B20DRAFT_mRNA342937		None	None
gene-F5B20DRAFT_594327	rna-gnl|WGS:JAJKKE|F5B20DRAFT_mRNA594327	PF00106.32,PF00109.33,PF00698.27,PF02801.29,PF08659.17,PF13561.13,PF14765.13,PF16197.12,PF21089.4	Complete	None
gene-F5B20DRAFT_343109	rna-gnl|WGS:JAJKKE|F5B20DRAFT_mRNA343109	PF00137.27	Partial	None
gene-F5B20DRAFT_343054	rna-gnl|WGS:JAJKKE|F5B20DRAFT_mRNA343054		None	None
gene-F5B20DRAFT_557623	rna-gnl|WGS:JAJKKE|F5B20DRAFT_mRNA557623		None	None
gene-F5B20DRAFT_343212	rna-gnl|WGS:JAJKKE|F5B20DRAFT_mRNA343212	PF00106.32,PF08659.17,PF13561.13	Partial	None
gene-F5B20DRAFT_343211	rna-gnl|WGS:JAJKKE|F5B20DRAFT_mRNA343211		None	None
gene-F5B20DRAFT_557629	rna-gnl|WGS:JAJKKE|F5B20DRAFT_mRNA557629		None	None
gene-F5B20DRAFT_584697	rna-gnl|WGS:JAJKKE|F5B20DRAFT_mRNA584697		None	None
gene-F5B20DRAFT_557630	rna-gnl|WGS:JAJKKE|F5B20DRAFT_mRNA557630		None	None
gene-F5B20DRAFT_343376	rna-gnl|WGS:JAJKKE|F5B20DRAFT_mRNA343376		None	None
gene-F5B20DRAFT_343365	rna-gnl|WGS:JAJKKE|F5B20DRAFT_mRNA343365		None	None
gene-F5B20DRAFT_343420	rna-gnl|WGS:JAJKKE|F5B20DRAFT_mRNA343420	PF01565.29,PF08031.18	Complete	None
gene-F5B20DRAFT_557654	rna-gnl|WGS:JAJKKE|F5B20DRAFT_mRNA557654	PF20684.4	Partial	None
gene-F5B20DRAFT_557658	rna-gnl|WGS:JAJKKE|F5B20DRAFT_mRNA557658	PF20684.4	Partial	None
gene-F5B20DRAFT_343476	rna-gnl|WGS:JAJKKE|F5B20DRAFT_mRNA343476	PF00107.33,PF08240.18,PF16912.12	Partial	None
gene-F5B20DRAFT_343474	rna-gnl|WGS:JAJKKE|F5B20DRAFT_mRNA343474	PF05978.23,PF07690.22	Partial	None
gene-F5B20DRAFT_557662	rna-gnl|WGS:JAJKKE|F5B20DRAFT_mRNA557662	PF00485.25	Partial	None
gene-F5B20DRAFT_343511	rna-gnl|WGS:JAJKKE|F5B20DRAFT_mRNA343511	PF00106.32,PF01370.28,PF08659.17,PF13561.13	Partial	None
gene-F5B20DRAFT_343506	rna-gnl|WGS:JAJKKE|F5B20DRAFT_mRNA343506	PF00106.32,PF08659.17,PF13561.13	Partial	None
gene-F5B20DRAFT_343521	rna-gnl|WGS:JAJKKE|F5B20DRAFT_mRNA343521	PF00172.24,PF04082.24	Partial	None
gene-F5B20DRAFT_557678	rna-gnl|WGS:JAJKKE|F5B20DRAFT_mRNA557678	PF00083.31,PF07690.22	Partial	None
gene-F5B20DRAFT_343649	rna-gnl|WGS:JAJKKE|F5B20DRAFT_mRNA343649	PF00106.32,PF08659.17,PF13561.13	Partial	None
gene-F5B20DRAFT_584710	rna-gnl|WGS:JAJKKE|F5B20DRAFT_mRNA584710		None	None
gene-F5B20DRAFT_557688	rna-gnl|WGS:JAJKKE|F5B20DRAFT_mRNA557688		None	None
gene-F5B20DRAFT_343677	rna-gnl|WGS:JAJKKE|F5B20DRAFT_mRNA343677	PF24800.2	Partial	None
gene-F5B20DRAFT_557697	rna-gnl|WGS:JAJKKE|F5B20DRAFT_mRNA557697	PF01734.28	Complete	None
gene-F5B20DRAFT_573085	rna-gnl|WGS:JAJKKE|F5B20DRAFT_mRNA573085	PF00172.24,PF04082.24	Partial	None
gene-F5B20DRAFT_343747	rna-gnl|WGS:JAJKKE|F5B20DRAFT_mRNA343747	PF00070.34,PF01494.26	Partial	None
gene-F5B20DRAFT_557705	rna-gnl|WGS:JAJKKE|F5B20DRAFT_mRNA557705	PF00561.27,PF06259.19,PF12697.14	Partial	None
gene-F5B20DRAFT_557708	rna-gnl|WGS:JAJKKE|F5B20DRAFT_mRNA557708	PF00890.31,PF01266.31,PF12831.14,PF13450.13	Partial	None
gene-F5B20DRAFT_594332	rna-gnl|WGS:JAJKKE|F5B20DRAFT_mRNA594332	PF00264.26	Partial	None
gene-F5B20DRAFT_557713	rna-gnl|WGS:JAJKKE|F5B20DRAFT_mRNA557713	PF00135.35,PF20434.6	Partial	None
gene-F5B20DRAFT_584719	rna-gnl|WGS:JAJKKE|F5B20DRAFT_mRNA584719		None	None
gene-F5B20DRAFT_557716	rna-gnl|WGS:JAJKKE|F5B20DRAFT_mRNA557716		None	None
gene-F5B20DRAFT_557717	rna-gnl|WGS:JAJKKE|F5B20DRAFT_mRNA557717		None	None
gene-F5B20DRAFT_343923	rna-gnl|WGS:JAJKKE|F5B20DRAFT_mRNA343923	PF00616.25,PF03836.22,PF29130.1	Complete	None
gene-F5B20DRAFT_343907	rna-gnl|WGS:JAJKKE|F5B20DRAFT_mRNA343907	PF04616.21,PF22704.3	Complete	None
gene-F5B20DRAFT_557727	rna-gnl|WGS:JAJKKE|F5B20DRAFT_mRNA557727	PF20684.4	Partial	None
gene-F5B20DRAFT_344013	rna-gnl|WGS:JAJKKE|F5B20DRAFT_mRNA344013	PF00561.27,PF12697.14	Partial	None
gene-F5B20DRAFT_573093	rna-gnl|WGS:JAJKKE|F5B20DRAFT_mRNA573093	PF00854.28	Partial	None
gene-F5B20DRAFT_557753	rna-gnl|WGS:JAJKKE|F5B20DRAFT_mRNA557753	PF04729.20	Partial	None
gene-F5B20DRAFT_557755	rna-gnl|WGS:JAJKKE|F5B20DRAFT_mRNA557755	PF05843.21,PF13428.13,PF23233.2,PF23240.2	Complete	None
gene-F5B20DRAFT_344262	rna-gnl|WGS:JAJKKE|F5B20DRAFT_mRNA344262	PF02170.29,PF02171.24,PF08699.16,PF16486.12,PF16487.11,PF16488.11	Complete	None
gene-F5B20DRAFT_344306	rna-gnl|WGS:JAJKKE|F5B20DRAFT_mRNA344306		None	None
gene-F5B20DRAFT_344469	rna-gnl|WGS:JAJKKE|F5B20DRAFT_mRNA344469		None	None
gene-F5B20DRAFT_584735	rna-gnl|WGS:JAJKKE|F5B20DRAFT_mRNA584735		None	None
gene-F5B20DRAFT_344450	rna-gnl|WGS:JAJKKE|F5B20DRAFT_mRNA344450	PF00355.33,PF04305.21,PF22543.3	Partial	None
gene-F5B20DRAFT_344546	rna-gnl|WGS:JAJKKE|F5B20DRAFT_mRNA344546	PF01871.23	Partial	None
gene-F5B20DRAFT_344695	rna-gnl|WGS:JAJKKE|F5B20DRAFT_mRNA344695	PF00026.29	Partial	None
gene-F5B20DRAFT_557779	rna-gnl|WGS:JAJKKE|F5B20DRAFT_mRNA557779	PF00023.37,PF00023.37,PF00023.37,PF00023.37,PF05729.19,PF12796.14,PF12796.14,PF13637.13,PF13637.13,PF22939.3,PF24883.3	Complete	None
gene-F5B20DRAFT_344767	rna-gnl|WGS:JAJKKE|F5B20DRAFT_mRNA344767	PF00071.29,PF00071.29,PF08477.20	Partial	None
gene-F5B20DRAFT_557794	rna-gnl|WGS:JAJKKE|F5B20DRAFT_mRNA557794		None	None
gene-F5B20DRAFT_584741	rna-gnl|WGS:JAJKKE|F5B20DRAFT_mRNA584741		None	None
gene-F5B20DRAFT_584742	rna-gnl|WGS:JAJKKE|F5B20DRAFT_mRNA584742		None	None
gene-F5B20DRAFT_594353	rna-gnl|WGS:JAJKKE|F5B20DRAFT_mRNA594353	PF00704.35	Partial	None
gene-F5B20DRAFT_557802	rna-gnl|WGS:JAJKKE|F5B20DRAFT_mRNA557802	PF00324.28,PF13520.13	Partial	None
gene-F5B20DRAFT_573105	rna-gnl|WGS:JAJKKE|F5B20DRAFT_mRNA573105	PF02668.23	Partial	None
gene-F5B20DRAFT_345164	rna-gnl|WGS:JAJKKE|F5B20DRAFT_mRNA345164		None	None
gene-F5B20DRAFT_344973	rna-gnl|WGS:JAJKKE|F5B20DRAFT_mRNA344973	PF01070.25,PF01070.25	Partial	None
gene-F5B20DRAFT_345136	rna-gnl|WGS:JAJKKE|F5B20DRAFT_mRNA345136	PF01794.26,PF08030.18	Complete	None
gene-F5B20DRAFT_594357	rna-gnl|WGS:JAJKKE|F5B20DRAFT_mRNA594357	PF00106.32,PF01370.28,PF08659.17,PF13561.13	Partial	None
gene-F5B20DRAFT_345360	rna-gnl|WGS:JAJKKE|F5B20DRAFT_mRNA345360	PF00023.37,PF00023.37,PF12796.14,PF12796.14,PF12796.14,PF12796.14,PF12796.14,PF13637.13,PF13637.13,PF13857.13,PF24883.3	Complete	None
gene-F5B20DRAFT_345379	rna-gnl|WGS:JAJKKE|F5B20DRAFT_mRNA345379	PF01494.26,PF22607.3	Partial	None
gene-F5B20DRAFT_345354	rna-gnl|WGS:JAJKKE|F5B20DRAFT_mRNA345354	PF14273.12	Partial	None
gene-F5B20DRAFT_345423	rna-gnl|WGS:JAJKKE|F5B20DRAFT_mRNA345423	PF00248.28	Partial	None
gene-F5B20DRAFT_345424	rna-gnl|WGS:JAJKKE|F5B20DRAFT_mRNA345424	PF00141.29	Partial	None
gene-F5B20DRAFT_345410	rna-gnl|WGS:JAJKKE|F5B20DRAFT_mRNA345410		None	None
gene-F5B20DRAFT_345530	rna-gnl|WGS:JAJKKE|F5B20DRAFT_mRNA345530	PF08662.18,PF31025.1	Complete	None
gene-F5B20DRAFT_573116	rna-gnl|WGS:JAJKKE|F5B20DRAFT_mRNA573116	PF07690.22	Partial	None
gene-F5B20DRAFT_557913	rna-gnl|WGS:JAJKKE|F5B20DRAFT_mRNA557913	PF03443.21	Partial	None
gene-F5B20DRAFT_557918	rna-gnl|WGS:JAJKKE|F5B20DRAFT_mRNA557918	PF00106.32,PF08659.17,PF13561.13	Partial	None
gene-F5B20DRAFT_345874	rna-gnl|WGS:JAJKKE|F5B20DRAFT_mRNA345874	PF01490.25	Partial	None
gene-F5B20DRAFT_573120	rna-gnl|WGS:JAJKKE|F5B20DRAFT_mRNA573120	PF20684.4	Partial	None
gene-F5B20DRAFT_573121	rna-gnl|WGS:JAJKKE|F5B20DRAFT_mRNA573121	PF00891.25,PF08100.19	Partial	None
gene-F5B20DRAFT_573122	rna-gnl|WGS:JAJKKE|F5B20DRAFT_mRNA573122	PF00135.35,PF20434.6	Partial	None
gene-F5B20DRAFT_345999	rna-gnl|WGS:JAJKKE|F5B20DRAFT_mRNA345999	PF24883.3,PF25053.1	Complete	None
gene-F5B20DRAFT_346063	rna-gnl|WGS:JAJKKE|F5B20DRAFT_mRNA346063		None	None
gene-F5B20DRAFT_557941	rna-gnl|WGS:JAJKKE|F5B20DRAFT_mRNA557941	PF10392.16,PF20649.4	Partial	None
gene-F5B20DRAFT_346051	rna-gnl|WGS:JAJKKE|F5B20DRAFT_mRNA346051	PF00982.28,PF02358.23	Complete	None
gene-F5B20DRAFT_584771	rna-gnl|WGS:JAJKKE|F5B20DRAFT_mRNA584771		None	None
gene-F5B20DRAFT_557988	rna-gnl|WGS:JAJKKE|F5B20DRAFT_mRNA557988	PF10645.15	Complete	None
gene-F5B20DRAFT_557990	rna-gnl|WGS:JAJKKE|F5B20DRAFT_mRNA557990	PF08585.19,PF21000.3	Partial	None
gene-F5B20DRAFT_346654	rna-gnl|WGS:JAJKKE|F5B20DRAFT_mRNA346654	PF08700.18	Partial	None
gene-F5B20DRAFT_557994	rna-gnl|WGS:JAJKKE|F5B20DRAFT_mRNA557994	PF01784.25	Partial	None
gene-F5B20DRAFT_557996	rna-gnl|WGS:JAJKKE|F5B20DRAFT_mRNA557996	PF01722.24	Partial	None
gene-F5B20DRAFT_346613	rna-gnl|WGS:JAJKKE|F5B20DRAFT_mRNA346613	PF01602.27,PF02985.29,PF12717.14,PF13646.13	Complete	None
gene-F5B20DRAFT_346672	rna-gnl|WGS:JAJKKE|F5B20DRAFT_mRNA346672		None	None
gene-F5B20DRAFT_594387	rna-gnl|WGS:JAJKKE|F5B20DRAFT_mRNA594387	PF12340.14,PF12359.14,PF20255.4	Complete	None
gene-F5B20DRAFT_558007	rna-gnl|WGS:JAJKKE|F5B20DRAFT_mRNA558007	PF00975.27	Partial	None
gene-F5B20DRAFT_346754	rna-gnl|WGS:JAJKKE|F5B20DRAFT_mRNA346754	PF00106.32,PF08659.17,PF13561.13	Partial	None
gene-F5B20DRAFT_573135	rna-gnl|WGS:JAJKKE|F5B20DRAFT_mRNA573135	PF00172.24	Partial	None
gene-F5B20DRAFT_584783	rna-gnl|WGS:JAJKKE|F5B20DRAFT_mRNA584783		None	None
gene-F5B20DRAFT_346899	rna-gnl|WGS:JAJKKE|F5B20DRAFT_mRNA346899		None	None
gene-F5B20DRAFT_584785	rna-gnl|WGS:JAJKKE|F5B20DRAFT_mRNA584785	PF01073.26,PF01073.26,PF01370.28,PF07993.19	Partial	None
gene-F5B20DRAFT_366223	rna-gnl|WGS:JAJKKE|F5B20DRAFT_mRNA366223	PF20237.4	Partial	None
gene-F5B20DRAFT_594626	rna-gnl|WGS:JAJKKE|F5B20DRAFT_mRNA594626	PF20237.4	Partial	None
gene-F5B20DRAFT_366280	rna-gnl|WGS:JAJKKE|F5B20DRAFT_mRNA366280	PF00083.31,PF07690.22	Partial	None
gene-F5B20DRAFT_366283	rna-gnl|WGS:JAJKKE|F5B20DRAFT_mRNA366283		None	None
gene-F5B20DRAFT_366303	rna-gnl|WGS:JAJKKE|F5B20DRAFT_mRNA366303	PF09420.16	Partial	None
gene-F5B20DRAFT_584791	rna-gnl|WGS:JAJKKE|F5B20DRAFT_mRNA584791		None	None
gene-F5B20DRAFT_594630	rna-gnl|WGS:JAJKKE|F5B20DRAFT_mRNA594630	PF00172.24,PF11951.14	Partial	None
gene-F5B20DRAFT_558106	rna-gnl|WGS:JAJKKE|F5B20DRAFT_mRNA558106	PF00255.26	Partial	None
gene-F5B20DRAFT_366650	rna-gnl|WGS:JAJKKE|F5B20DRAFT_mRNA366650	PF01266.31	Partial	None
gene-F5B20DRAFT_366597	rna-gnl|WGS:JAJKKE|F5B20DRAFT_mRNA366597	PF00701.29	Partial	None
gene-F5B20DRAFT_584797	rna-gnl|WGS:JAJKKE|F5B20DRAFT_mRNA584797	PF01408.29	Partial	None
gene-F5B20DRAFT_584798	rna-gnl|WGS:JAJKKE|F5B20DRAFT_mRNA584798		None	None
gene-F5B20DRAFT_584799	rna-gnl|WGS:JAJKKE|F5B20DRAFT_mRNA584799		None	None
gene-F5B20DRAFT_558115	rna-gnl|WGS:JAJKKE|F5B20DRAFT_mRNA558115	PF02765.25,PF29077.1	Complete	None
gene-F5B20DRAFT_558119	rna-gnl|WGS:JAJKKE|F5B20DRAFT_mRNA558119		None	None
gene-F5B20DRAFT_558120	rna-gnl|WGS:JAJKKE|F5B20DRAFT_mRNA558120	PF05241.18	Partial	None
gene-F5B20DRAFT_594642	rna-gnl|WGS:JAJKKE|F5B20DRAFT_mRNA594642		None	None
gene-F5B20DRAFT_594643	rna-gnl|WGS:JAJKKE|F5B20DRAFT_mRNA594643		None	None
gene-F5B20DRAFT_558123	rna-gnl|WGS:JAJKKE|F5B20DRAFT_mRNA558123	PF24852.2	Complete	None
gene-F5B20DRAFT_366874	rna-gnl|WGS:JAJKKE|F5B20DRAFT_mRNA366874	PF00226.37,PF01556.24	Partial	None
gene-F5B20DRAFT_584807	rna-gnl|WGS:JAJKKE|F5B20DRAFT_mRNA584807	PF14555.13	Partial	None
gene-F5B20DRAFT_558141	rna-gnl|WGS:JAJKKE|F5B20DRAFT_mRNA558141	PF00179.32	Partial	None
gene-F5B20DRAFT_558144	rna-gnl|WGS:JAJKKE|F5B20DRAFT_mRNA558144	PF13367.12	Partial	None
gene-F5B20DRAFT_558151	rna-gnl|WGS:JAJKKE|F5B20DRAFT_mRNA558151	PF08633.16	Partial	None
gene-F5B20DRAFT_573148	rna-gnl|WGS:JAJKKE|F5B20DRAFT_mRNA573148		None	None
gene-F5B20DRAFT_367133	rna-gnl|WGS:JAJKKE|F5B20DRAFT_mRNA367133	PF03332.20,PF08282.19	Partial	None
gene-F5B20DRAFT_584813	rna-gnl|WGS:JAJKKE|F5B20DRAFT_mRNA584813	PF20684.4	Partial	None
gene-F5B20DRAFT_558163	rna-gnl|WGS:JAJKKE|F5B20DRAFT_mRNA558163	PF00350.30,PF01031.26	Partial	None
gene-F5B20DRAFT_558165	rna-gnl|WGS:JAJKKE|F5B20DRAFT_mRNA558165	PF04179.18,PF17184.10	Complete	None
gene-F5B20DRAFT_584816	rna-gnl|WGS:JAJKKE|F5B20DRAFT_mRNA584816		None	None
gene-F5B20DRAFT_558171	rna-gnl|WGS:JAJKKE|F5B20DRAFT_mRNA558171	PF00350.30,PF01031.26,PF24550.2	Complete	None
gene-F5B20DRAFT_367338	rna-gnl|WGS:JAJKKE|F5B20DRAFT_mRNA367338	PF13230.12	Partial	None
gene-F5B20DRAFT_584819	rna-gnl|WGS:JAJKKE|F5B20DRAFT_mRNA584819	PF20684.4	Partial	None
gene-F5B20DRAFT_367830	rna-gnl|WGS:JAJKKE|F5B20DRAFT_mRNA367830	PF00732.26,PF05199.20	Complete	None
gene-F5B20DRAFT_367839	rna-gnl|WGS:JAJKKE|F5B20DRAFT_mRNA367839		None	None
gene-F5B20DRAFT_368053	rna-gnl|WGS:JAJKKE|F5B20DRAFT_mRNA368053	PF04193.20,PF04193.20	Complete	None
gene-F5B20DRAFT_558202	rna-gnl|WGS:JAJKKE|F5B20DRAFT_mRNA558202	PF00501.35,PF00550.32,PF01370.28,PF07993.19,PF23562.3	Complete	None
gene-F5B20DRAFT_558206	rna-gnl|WGS:JAJKKE|F5B20DRAFT_mRNA558206	PF00249.38,PF00249.38,PF00249.38,PF13921.13,PF13921.13,PF13921.13	Complete	None
gene-F5B20DRAFT_558210	rna-gnl|WGS:JAJKKE|F5B20DRAFT_mRNA558210	PF00249.38,PF00249.38,PF00249.38,PF13921.13,PF13921.13	Complete	None
gene-F5B20DRAFT_558213	rna-gnl|WGS:JAJKKE|F5B20DRAFT_mRNA558213	PF01494.26,PF07976.20	Complete	None
gene-F5B20DRAFT_368318	rna-gnl|WGS:JAJKKE|F5B20DRAFT_mRNA368318		None	None
gene-F5B20DRAFT_368313	rna-gnl|WGS:JAJKKE|F5B20DRAFT_mRNA368313	PF00036.39,PF00153.33,PF00153.33,PF00153.33,PF13202.13,PF13405.13,PF13499.13,PF13499.13	Complete	None
gene-F5B20DRAFT_368407	rna-gnl|WGS:JAJKKE|F5B20DRAFT_mRNA368407	PF00134.29,PF02984.25	Complete	None
gene-F5B20DRAFT_368503	rna-gnl|WGS:JAJKKE|F5B20DRAFT_mRNA368503		None	None
gene-F5B20DRAFT_368519	rna-gnl|WGS:JAJKKE|F5B20DRAFT_mRNA368519	PF07690.22	Partial	None
gene-F5B20DRAFT_558228	rna-gnl|WGS:JAJKKE|F5B20DRAFT_mRNA558228	PF07690.22	Partial	None
gene-F5B20DRAFT_584834	rna-gnl|WGS:JAJKKE|F5B20DRAFT_mRNA584834		None	None
gene-F5B20DRAFT_368620	rna-gnl|WGS:JAJKKE|F5B20DRAFT_mRNA368620	PF20684.4	Partial	None
gene-F5B20DRAFT_558236	rna-gnl|WGS:JAJKKE|F5B20DRAFT_mRNA558236	PF05132.20	Complete	None
gene-F5B20DRAFT_558237	rna-gnl|WGS:JAJKKE|F5B20DRAFT_mRNA558237	PF01774.24	Partial	None
gene-F5B20DRAFT_558239	rna-gnl|WGS:JAJKKE|F5B20DRAFT_mRNA558239	PF08514.18,PF21581.4,PF24571.3	Complete	None
gene-F5B20DRAFT_594673	rna-gnl|WGS:JAJKKE|F5B20DRAFT_mRNA594673	PF01636.30,PF02958.27,PF07914.18	Partial	None
gene-F5B20DRAFT_558244	rna-gnl|WGS:JAJKKE|F5B20DRAFT_mRNA558244	PF02765.25,PF16686.12	Partial	None
gene-F5B20DRAFT_558246	rna-gnl|WGS:JAJKKE|F5B20DRAFT_mRNA558246	PF00514.30,PF00514.30,PF00514.30,PF00514.30,PF00514.30,PF00514.30,PF00514.30,PF00514.30,PF01749.27,PF02985.29,PF13513.13,PF13646.13,PF16186.12	Complete	None
gene-F5B20DRAFT_594679	rna-gnl|WGS:JAJKKE|F5B20DRAFT_mRNA594679	PF00025.28,PF00503.27	Complete	None
gene-F5B20DRAFT_368984	rna-gnl|WGS:JAJKKE|F5B20DRAFT_mRNA368984	PF17389.9	Partial	None
gene-F5B20DRAFT_584844	rna-gnl|WGS:JAJKKE|F5B20DRAFT_mRNA584844		None	None
gene-F5B20DRAFT_584845	rna-gnl|WGS:JAJKKE|F5B20DRAFT_mRNA584845	PF00069.32	Complete	None
gene-F5B20DRAFT_558299	rna-gnl|WGS:JAJKKE|F5B20DRAFT_mRNA558299		None	None
gene-F5B20DRAFT_558301	rna-gnl|WGS:JAJKKE|F5B20DRAFT_mRNA558301	PF00270.36,PF00271.38,PF04408.30,PF05773.28,PF07717.23,PF21010.3,PF24385.2,PF26026.1,PF27606.1	Complete	None
gene-F5B20DRAFT_584847	rna-gnl|WGS:JAJKKE|F5B20DRAFT_mRNA584847	PF01230.30,PF11969.14,PF16278.12	Complete	None
gene-F5B20DRAFT_558303	rna-gnl|WGS:JAJKKE|F5B20DRAFT_mRNA558303	PF02178.25,PF02178.25,PF02178.25	Complete	None
gene-F5B20DRAFT_369144	rna-gnl|WGS:JAJKKE|F5B20DRAFT_mRNA369144	PF00860.27	Partial	None
gene-F5B20DRAFT_558308	rna-gnl|WGS:JAJKKE|F5B20DRAFT_mRNA558308	PF01979.27,PF07969.18	Partial	None
gene-F5B20DRAFT_558309	rna-gnl|WGS:JAJKKE|F5B20DRAFT_mRNA558309	PF03171.27,PF14226.13	Complete	None
gene-F5B20DRAFT_369270	rna-gnl|WGS:JAJKKE|F5B20DRAFT_mRNA369270	PF20150.5	Partial	None
gene-F5B20DRAFT_369264	rna-gnl|WGS:JAJKKE|F5B20DRAFT_mRNA369264	PF00172.24	Partial	None
gene-F5B20DRAFT_369343	rna-gnl|WGS:JAJKKE|F5B20DRAFT_mRNA369343	PF00389.37,PF02826.26,PF03446.22	Complete	None
gene-F5B20DRAFT_369301	rna-gnl|WGS:JAJKKE|F5B20DRAFT_mRNA369301	PF00141.29,PF00141.29	Partial	None
gene-F5B20DRAFT_369354	rna-gnl|WGS:JAJKKE|F5B20DRAFT_mRNA369354		None	None
gene-F5B20DRAFT_369298	rna-gnl|WGS:JAJKKE|F5B20DRAFT_mRNA369298	PF08214.19,PF08214.19	Partial	None
gene-F5B20DRAFT_558325	rna-gnl|WGS:JAJKKE|F5B20DRAFT_mRNA558325	PF14622.12	Partial	None
gene-F5B20DRAFT_584858	rna-gnl|WGS:JAJKKE|F5B20DRAFT_mRNA584858		None	None
gene-F5B20DRAFT_584859	rna-gnl|WGS:JAJKKE|F5B20DRAFT_mRNA584859	PF07690.22	Partial	None
gene-F5B20DRAFT_558332	rna-gnl|WGS:JAJKKE|F5B20DRAFT_mRNA558332	PF07519.18	Partial	None
gene-F5B20DRAFT_594685	rna-gnl|WGS:JAJKKE|F5B20DRAFT_mRNA594685		None	None
gene-F5B20DRAFT_558334	rna-gnl|WGS:JAJKKE|F5B20DRAFT_mRNA558334	PF07690.22	Partial	None
gene-F5B20DRAFT_594687	rna-gnl|WGS:JAJKKE|F5B20DRAFT_mRNA594687		None	None
gene-F5B20DRAFT_558337	rna-gnl|WGS:JAJKKE|F5B20DRAFT_mRNA558337	PF00557.30,PF15801.12	Partial	None
gene-F5B20DRAFT_558342	rna-gnl|WGS:JAJKKE|F5B20DRAFT_mRNA558342		None	None
gene-F5B20DRAFT_369672	rna-gnl|WGS:JAJKKE|F5B20DRAFT_mRNA369672		None	None
gene-F5B20DRAFT_558347	rna-gnl|WGS:JAJKKE|F5B20DRAFT_mRNA558347	PF19535.5	Partial	None
gene-F5B20DRAFT_369689	rna-gnl|WGS:JAJKKE|F5B20DRAFT_mRNA369689		None	None
gene-F5B20DRAFT_369728	rna-gnl|WGS:JAJKKE|F5B20DRAFT_mRNA369728	PF01738.25	Partial	None
gene-F5B20DRAFT_369743	rna-gnl|WGS:JAJKKE|F5B20DRAFT_mRNA369743	PF01536.22	Partial	None
gene-F5B20DRAFT_558359	rna-gnl|WGS:JAJKKE|F5B20DRAFT_mRNA558359	PF01656.30,PF09140.18,PF10609.16	Partial	None
gene-F5B20DRAFT_558360	rna-gnl|WGS:JAJKKE|F5B20DRAFT_mRNA558360		None	None
gene-F5B20DRAFT_369785	rna-gnl|WGS:JAJKKE|F5B20DRAFT_mRNA369785		None	None
gene-F5B20DRAFT_369850	rna-gnl|WGS:JAJKKE|F5B20DRAFT_mRNA369850		None	None
gene-F5B20DRAFT_369828	rna-gnl|WGS:JAJKKE|F5B20DRAFT_mRNA369828		None	None
gene-F5B20DRAFT_369958	rna-gnl|WGS:JAJKKE|F5B20DRAFT_mRNA369958		None	None
gene-F5B20DRAFT_558373	rna-gnl|WGS:JAJKKE|F5B20DRAFT_mRNA558373	PF02223.24	Partial	None
gene-F5B20DRAFT_558375	rna-gnl|WGS:JAJKKE|F5B20DRAFT_mRNA558375	PF20684.4	Partial	None
gene-F5B20DRAFT_558379	rna-gnl|WGS:JAJKKE|F5B20DRAFT_mRNA558379	PF04616.21,PF17851.9	Partial	None
gene-F5B20DRAFT_558382	rna-gnl|WGS:JAJKKE|F5B20DRAFT_mRNA558382	PF20684.4	Partial	None
gene-F5B20DRAFT_558384	rna-gnl|WGS:JAJKKE|F5B20DRAFT_mRNA558384	PF00732.26,PF05199.20	Complete	None
gene-F5B20DRAFT_558386	rna-gnl|WGS:JAJKKE|F5B20DRAFT_mRNA558386	PF02386.23	Partial	None
gene-F5B20DRAFT_370025	rna-gnl|WGS:JAJKKE|F5B20DRAFT_mRNA370025	PF00149.34	Partial	None
gene-F5B20DRAFT_370045	rna-gnl|WGS:JAJKKE|F5B20DRAFT_mRNA370045	PF00149.34	Partial	None
gene-F5B20DRAFT_370056	rna-gnl|WGS:JAJKKE|F5B20DRAFT_mRNA370056	PF10022.16,PF20938.4	Partial	None
gene-F5B20DRAFT_558393	rna-gnl|WGS:JAJKKE|F5B20DRAFT_mRNA558393	PF00501.35	Partial	None
gene-F5B20DRAFT_584887	rna-gnl|WGS:JAJKKE|F5B20DRAFT_mRNA584887		None	None
gene-F5B20DRAFT_370190	rna-gnl|WGS:JAJKKE|F5B20DRAFT_mRNA370190	PF00266.26,PF00266.26	Partial	None
gene-F5B20DRAFT_370147	rna-gnl|WGS:JAJKKE|F5B20DRAFT_mRNA370147	PF00106.32,PF13561.13	Partial	None
gene-F5B20DRAFT_370332	rna-gnl|WGS:JAJKKE|F5B20DRAFT_mRNA370332	PF08626.17,PF26251.1,PF26254.1,PF26280.1,PF26282.1,PF26283.1	Complete	None
gene-F5B20DRAFT_558416	rna-gnl|WGS:JAJKKE|F5B20DRAFT_mRNA558416	PF13919.12	Partial	None
gene-F5B20DRAFT_558420	rna-gnl|WGS:JAJKKE|F5B20DRAFT_mRNA558420	PF00957.28,PF13774.14	Partial	None
gene-F5B20DRAFT_558421	rna-gnl|WGS:JAJKKE|F5B20DRAFT_mRNA558421		None	None
gene-F5B20DRAFT_558424	rna-gnl|WGS:JAJKKE|F5B20DRAFT_mRNA558424	PF05602.18	Partial	None
gene-F5B20DRAFT_558425	rna-gnl|WGS:JAJKKE|F5B20DRAFT_mRNA558425	PF03641.20,PF18306.7	Partial	None
gene-F5B20DRAFT_558427	rna-gnl|WGS:JAJKKE|F5B20DRAFT_mRNA558427	PF06985.18	Partial	None
gene-F5B20DRAFT_370466	rna-gnl|WGS:JAJKKE|F5B20DRAFT_mRNA370466	PF00117.35,PF00425.26,PF30495.1	Partial	None
gene-F5B20DRAFT_370469	rna-gnl|WGS:JAJKKE|F5B20DRAFT_mRNA370469	PF01204.25,PF03200.23,PF16923.12,PF22422.3	Partial	None
gene-F5B20DRAFT_584900	rna-gnl|WGS:JAJKKE|F5B20DRAFT_mRNA584900	PF08648.18	Complete	None
gene-F5B20DRAFT_558432	rna-gnl|WGS:JAJKKE|F5B20DRAFT_mRNA558432		None	None
gene-F5B20DRAFT_370498	rna-gnl|WGS:JAJKKE|F5B20DRAFT_mRNA370498	PF12739.13	Partial	None
gene-F5B20DRAFT_370533	rna-gnl|WGS:JAJKKE|F5B20DRAFT_mRNA370533		None	None
gene-F5B20DRAFT_370534	rna-gnl|WGS:JAJKKE|F5B20DRAFT_mRNA370534	PF01522.27	Complete	None
gene-F5B20DRAFT_584904	rna-gnl|WGS:JAJKKE|F5B20DRAFT_mRNA584904	PF00199.25,PF00199.25	Partial	None
gene-F5B20DRAFT_558441	rna-gnl|WGS:JAJKKE|F5B20DRAFT_mRNA558441	PF00155.28	Partial	None
gene-F5B20DRAFT_370588	rna-gnl|WGS:JAJKKE|F5B20DRAFT_mRNA370588	PF10496.15	Partial	None
gene-F5B20DRAFT_573204	rna-gnl|WGS:JAJKKE|F5B20DRAFT_mRNA573204	PF00083.31,PF07690.22	Partial	None
gene-F5B20DRAFT_558449	rna-gnl|WGS:JAJKKE|F5B20DRAFT_mRNA558449		None	None
gene-F5B20DRAFT_558457	rna-gnl|WGS:JAJKKE|F5B20DRAFT_mRNA558457	PF01328.23	Partial	None
gene-F5B20DRAFT_573205	rna-gnl|WGS:JAJKKE|F5B20DRAFT_mRNA573205	PF09362.16	Partial	None
gene-F5B20DRAFT_558463	rna-gnl|WGS:JAJKKE|F5B20DRAFT_mRNA558463	PF00270.36,PF00271.38,PF04851.22,PF13959.12	Complete	None
gene-F5B20DRAFT_594703	rna-gnl|WGS:JAJKKE|F5B20DRAFT_mRNA594703		None	None
gene-F5B20DRAFT_594706	rna-gnl|WGS:JAJKKE|F5B20DRAFT_mRNA594706		None	None
gene-F5B20DRAFT_558466	rna-gnl|WGS:JAJKKE|F5B20DRAFT_mRNA558466	PF01535.27,PF01535.27,PF01535.27,PF12854.14,PF13041.13,PF13041.13,PF13812.13,PF13812.13,PF17177.11,PF23276.3,PF24603.2	Complete	None
gene-F5B20DRAFT_370812	rna-gnl|WGS:JAJKKE|F5B20DRAFT_mRNA370812	PF09507.17	Partial	None
gene-F5B20DRAFT_558471	rna-gnl|WGS:JAJKKE|F5B20DRAFT_mRNA558471	PF00097.32,PF02037.34,PF13445.13,PF13920.13,PF13923.13,PF14634.13	Complete	None
gene-F5B20DRAFT_584916	rna-gnl|WGS:JAJKKE|F5B20DRAFT_mRNA584916	PF03357.27	Partial	None
gene-F5B20DRAFT_558477	rna-gnl|WGS:JAJKKE|F5B20DRAFT_mRNA558477	PF01425.27	Partial	None
gene-F5B20DRAFT_370917	rna-gnl|WGS:JAJKKE|F5B20DRAFT_mRNA370917		None	None
gene-F5B20DRAFT_370922	rna-gnl|WGS:JAJKKE|F5B20DRAFT_mRNA370922	PF00702.33	Partial	None
gene-F5B20DRAFT_370942	rna-gnl|WGS:JAJKKE|F5B20DRAFT_mRNA370942	PF00400.39,PF00400.39,PF00400.39,PF00400.39,PF29630.1	Complete	None
gene-F5B20DRAFT_371009	rna-gnl|WGS:JAJKKE|F5B20DRAFT_mRNA371009	PF00172.24,PF11951.14	Partial	None
gene-F5B20DRAFT_584922	rna-gnl|WGS:JAJKKE|F5B20DRAFT_mRNA584922	PF01868.22	Partial	None
gene-F5B20DRAFT_558513	rna-gnl|WGS:JAJKKE|F5B20DRAFT_mRNA558513	PF01553.27,PF19277.5	Partial	None
gene-F5B20DRAFT_371066	rna-gnl|WGS:JAJKKE|F5B20DRAFT_mRNA371066	PF00083.31,PF07690.22	Partial	None
gene-F5B20DRAFT_371057	rna-gnl|WGS:JAJKKE|F5B20DRAFT_mRNA371057	PF00144.30,PF26335.1	Complete	None
gene-F5B20DRAFT_558523	rna-gnl|WGS:JAJKKE|F5B20DRAFT_mRNA558523		None	None
gene-F5B20DRAFT_558524	rna-gnl|WGS:JAJKKE|F5B20DRAFT_mRNA558524	PF25484.2	Partial	None
gene-F5B20DRAFT_558531	rna-gnl|WGS:JAJKKE|F5B20DRAFT_mRNA558531	PF08718.17	Partial	None
gene-F5B20DRAFT_558534	rna-gnl|WGS:JAJKKE|F5B20DRAFT_mRNA558534	PF00614.30,PF00614.30,PF13091.13	Complete	None
gene-F5B20DRAFT_371324	rna-gnl|WGS:JAJKKE|F5B20DRAFT_mRNA371324		None	None
gene-F5B20DRAFT_371325	rna-gnl|WGS:JAJKKE|F5B20DRAFT_mRNA371325	PF00657.29,PF13472.13	Partial	None
gene-F5B20DRAFT_372459	rna-gnl|WGS:JAJKKE|F5B20DRAFT_mRNA372459	PF01680.24,PF05690.21	Partial	None
gene-F5B20DRAFT_573220	rna-gnl|WGS:JAJKKE|F5B20DRAFT_mRNA573220	PF01174.26,PF01174.26,PF07685.21	Partial	None
gene-F5B20DRAFT_558551	rna-gnl|WGS:JAJKKE|F5B20DRAFT_mRNA558551	PF01522.27,PF10096.15	Partial	None
gene-F5B20DRAFT_594720	rna-gnl|WGS:JAJKKE|F5B20DRAFT_mRNA594720	PF01425.27	Partial	None
gene-F5B20DRAFT_573223	rna-gnl|WGS:JAJKKE|F5B20DRAFT_mRNA573223	PF01494.26,PF07976.20,PF13450.13	Complete	None
gene-F5B20DRAFT_558580	rna-gnl|WGS:JAJKKE|F5B20DRAFT_mRNA558580	PF01494.26	Partial	None
gene-F5B20DRAFT_558588	rna-gnl|WGS:JAJKKE|F5B20DRAFT_mRNA558588	PF00096.33,PF04082.24	Partial	None
gene-F5B20DRAFT_558591	rna-gnl|WGS:JAJKKE|F5B20DRAFT_mRNA558591	PF00724.27	Partial	None
gene-F5B20DRAFT_573227	rna-gnl|WGS:JAJKKE|F5B20DRAFT_mRNA573227	PF00111.33,PF00941.28,PF01315.28,PF01799.26,PF02738.24,PF03450.23,PF20256.4	Complete	None
gene-F5B20DRAFT_573228	rna-gnl|WGS:JAJKKE|F5B20DRAFT_mRNA573228	PF05971.19	Partial	None
gene-F5B20DRAFT_558605	rna-gnl|WGS:JAJKKE|F5B20DRAFT_mRNA558605	PF00172.24,PF04082.24	Partial	None
gene-F5B20DRAFT_372921	rna-gnl|WGS:JAJKKE|F5B20DRAFT_mRNA372921		None	None
gene-F5B20DRAFT_573230	rna-gnl|WGS:JAJKKE|F5B20DRAFT_mRNA573230	PF13598.13,PF13600.12	Partial	None
gene-F5B20DRAFT_372953	rna-gnl|WGS:JAJKKE|F5B20DRAFT_mRNA372953		None	None
gene-F5B20DRAFT_558621	rna-gnl|WGS:JAJKKE|F5B20DRAFT_mRNA558621		None	None
gene-F5B20DRAFT_584944	rna-gnl|WGS:JAJKKE|F5B20DRAFT_mRNA584944	PF04921.21	Partial	None
gene-F5B20DRAFT_373012	rna-gnl|WGS:JAJKKE|F5B20DRAFT_mRNA373012		None	None
gene-F5B20DRAFT_558627	rna-gnl|WGS:JAJKKE|F5B20DRAFT_mRNA558627	PF05182.19	Complete	None
gene-F5B20DRAFT_558630	rna-gnl|WGS:JAJKKE|F5B20DRAFT_mRNA558630	PF13634.12,PF13634.12,PF13634.12,PF13634.12,PF21121.3	Complete	None
gene-F5B20DRAFT_558635	rna-gnl|WGS:JAJKKE|F5B20DRAFT_mRNA558635	PF00083.31,PF07690.22	Partial	None
gene-F5B20DRAFT_573235	rna-gnl|WGS:JAJKKE|F5B20DRAFT_mRNA573235	PF01828.25	Partial	None
gene-F5B20DRAFT_558654	rna-gnl|WGS:JAJKKE|F5B20DRAFT_mRNA558654		None	None
gene-F5B20DRAFT_558662	rna-gnl|WGS:JAJKKE|F5B20DRAFT_mRNA558662	PF00795.28,PF02540.24	Partial	None
gene-F5B20DRAFT_373568	rna-gnl|WGS:JAJKKE|F5B20DRAFT_mRNA373568	PF01822.25	Partial	None
gene-F5B20DRAFT_373565	rna-gnl|WGS:JAJKKE|F5B20DRAFT_mRNA373565	PF00023.37,PF12796.14,PF13637.13,PF13637.13,PF13857.13	Complete	None
gene-F5B20DRAFT_558666	rna-gnl|WGS:JAJKKE|F5B20DRAFT_mRNA558666		None	None
gene-F5B20DRAFT_373581	rna-gnl|WGS:JAJKKE|F5B20DRAFT_mRNA373581		None	None
gene-F5B20DRAFT_558669	rna-gnl|WGS:JAJKKE|F5B20DRAFT_mRNA558669	PF25545.2	Partial	None
gene-F5B20DRAFT_558671	rna-gnl|WGS:JAJKKE|F5B20DRAFT_mRNA558671	PF01979.27,PF07969.18	Partial	None
gene-F5B20DRAFT_558676	rna-gnl|WGS:JAJKKE|F5B20DRAFT_mRNA558676	PF00850.25	Partial	None
gene-F5B20DRAFT_573241	rna-gnl|WGS:JAJKKE|F5B20DRAFT_mRNA573241	PF12998.13	Partial	None
gene-F5B20DRAFT_373718	rna-gnl|WGS:JAJKKE|F5B20DRAFT_mRNA373718	PF01704.25	Partial	None
gene-F5B20DRAFT_558684	rna-gnl|WGS:JAJKKE|F5B20DRAFT_mRNA558684	PF12239.14	Partial	None
gene-F5B20DRAFT_584964	rna-gnl|WGS:JAJKKE|F5B20DRAFT_mRNA584964	PF02152.24	Complete	None
gene-F5B20DRAFT_373861	rna-gnl|WGS:JAJKKE|F5B20DRAFT_mRNA373861	PF00583.32,PF08445.17,PF13508.14,PF13673.14	Partial	None
gene-F5B20DRAFT_373904	rna-gnl|WGS:JAJKKE|F5B20DRAFT_mRNA373904	PF00856.34,PF01753.25	Partial	None
gene-F5B20DRAFT_373895	rna-gnl|WGS:JAJKKE|F5B20DRAFT_mRNA373895		None	None
gene-F5B20DRAFT_373917	rna-gnl|WGS:JAJKKE|F5B20DRAFT_mRNA373917	PF00929.32	Complete	None
gene-F5B20DRAFT_373925	rna-gnl|WGS:JAJKKE|F5B20DRAFT_mRNA373925	PF00515.35,PF07719.24,PF13181.13,PF13181.13,PF13414.13,PF13432.13,PF13432.13	Complete	None
gene-F5B20DRAFT_558702	rna-gnl|WGS:JAJKKE|F5B20DRAFT_mRNA558702	PF00076.29,PF00076.29	Complete	None
gene-F5B20DRAFT_373983	rna-gnl|WGS:JAJKKE|F5B20DRAFT_mRNA373983	PF00010.32	Complete	None
gene-F5B20DRAFT_558708	rna-gnl|WGS:JAJKKE|F5B20DRAFT_mRNA558708		None	None
gene-F5B20DRAFT_584973	rna-gnl|WGS:JAJKKE|F5B20DRAFT_mRNA584973		None	None
gene-F5B20DRAFT_558723	rna-gnl|WGS:JAJKKE|F5B20DRAFT_mRNA558723	PF12505.15	Partial	None
gene-F5B20DRAFT_573253	rna-gnl|WGS:JAJKKE|F5B20DRAFT_mRNA573253	PF00173.34,PF01070.25,PF01645.24	Partial	None
gene-F5B20DRAFT_584976	rna-gnl|WGS:JAJKKE|F5B20DRAFT_mRNA584976		None	None
gene-F5B20DRAFT_374120	rna-gnl|WGS:JAJKKE|F5B20DRAFT_mRNA374120		None	None
gene-F5B20DRAFT_374205	rna-gnl|WGS:JAJKKE|F5B20DRAFT_mRNA374205		None	None
gene-F5B20DRAFT_573254	rna-gnl|WGS:JAJKKE|F5B20DRAFT_mRNA573254	PF01302.32,PF01575.26,PF22622.3	Complete	None
gene-F5B20DRAFT_374124	rna-gnl|WGS:JAJKKE|F5B20DRAFT_mRNA374124		None	None
gene-F5B20DRAFT_558739	rna-gnl|WGS:JAJKKE|F5B20DRAFT_mRNA558739	PF13085.12,PF13183.12,PF13237.12,PF13534.12	Complete	None
gene-F5B20DRAFT_558742	rna-gnl|WGS:JAJKKE|F5B20DRAFT_mRNA558742		None	None
gene-F5B20DRAFT_374326	rna-gnl|WGS:JAJKKE|F5B20DRAFT_mRNA374326	PF13672.12	Partial	None
gene-F5B20DRAFT_584985	rna-gnl|WGS:JAJKKE|F5B20DRAFT_mRNA584985	PF10342.16	Partial	None
gene-F5B20DRAFT_573260	rna-gnl|WGS:JAJKKE|F5B20DRAFT_mRNA573260	PF00743.26,PF13450.13	Partial	None
gene-F5B20DRAFT_558810	rna-gnl|WGS:JAJKKE|F5B20DRAFT_mRNA558810	PF00931.29,PF01734.28,PF13374.13,PF13424.13,PF13424.13	Complete	None
gene-F5B20DRAFT_573262	rna-gnl|WGS:JAJKKE|F5B20DRAFT_mRNA573262	PF00270.36,PF00271.38,PF04408.30,PF07717.23,PF21010.3	Complete	None
gene-F5B20DRAFT_584992	rna-gnl|WGS:JAJKKE|F5B20DRAFT_mRNA584992	PF00795.28	Partial	None
gene-F5B20DRAFT_374728	rna-gnl|WGS:JAJKKE|F5B20DRAFT_mRNA374728		None	None
gene-F5B20DRAFT_374813	rna-gnl|WGS:JAJKKE|F5B20DRAFT_mRNA374813	PF01472.27,PF01509.24,PF08068.18,PF16198.11	Complete	None
gene-F5B20DRAFT_573266	rna-gnl|WGS:JAJKKE|F5B20DRAFT_mRNA573266	PF04616.21	Partial	None
gene-F5B20DRAFT_374879	rna-gnl|WGS:JAJKKE|F5B20DRAFT_mRNA374879		None	None
gene-F5B20DRAFT_374893	rna-gnl|WGS:JAJKKE|F5B20DRAFT_mRNA374893	PF01184.25	Partial	None
gene-F5B20DRAFT_374991	rna-gnl|WGS:JAJKKE|F5B20DRAFT_mRNA374991	PF22893.3	Complete	None
gene-F5B20DRAFT_585000	rna-gnl|WGS:JAJKKE|F5B20DRAFT_mRNA585000		None	None
gene-F5B20DRAFT_558839	rna-gnl|WGS:JAJKKE|F5B20DRAFT_mRNA558839		None	None
gene-F5B20DRAFT_375073	rna-gnl|WGS:JAJKKE|F5B20DRAFT_mRNA375073		None	None
gene-F5B20DRAFT_558843	rna-gnl|WGS:JAJKKE|F5B20DRAFT_mRNA558843	PF00743.26,PF00743.26,PF00743.26,PF01266.31,PF01593.31,PF07992.21,PF13450.13,PF13738.13	Partial	None
gene-F5B20DRAFT_375103	rna-gnl|WGS:JAJKKE|F5B20DRAFT_mRNA375103	PF07690.22	Partial	None
gene-F5B20DRAFT_375096	rna-gnl|WGS:JAJKKE|F5B20DRAFT_mRNA375096	PF02668.23	Partial	None
gene-F5B20DRAFT_558846	rna-gnl|WGS:JAJKKE|F5B20DRAFT_mRNA558846		None	None
gene-F5B20DRAFT_558852	rna-gnl|WGS:JAJKKE|F5B20DRAFT_mRNA558852		None	None
gene-F5B20DRAFT_558853	rna-gnl|WGS:JAJKKE|F5B20DRAFT_mRNA558853	PF22384.2	Partial	None
gene-F5B20DRAFT_558854	rna-gnl|WGS:JAJKKE|F5B20DRAFT_mRNA558854	PF10306.15	Partial	None
gene-F5B20DRAFT_558856	rna-gnl|WGS:JAJKKE|F5B20DRAFT_mRNA558856	PF00334.25	Partial	None
gene-F5B20DRAFT_375211	rna-gnl|WGS:JAJKKE|F5B20DRAFT_mRNA375211	PF01055.33,PF13802.13,PF17137.10,PF21365.4	Complete	None
gene-F5B20DRAFT_585011	rna-gnl|WGS:JAJKKE|F5B20DRAFT_mRNA585011		None	None
gene-F5B20DRAFT_585012	rna-gnl|WGS:JAJKKE|F5B20DRAFT_mRNA585012		None	None
gene-F5B20DRAFT_375258	rna-gnl|WGS:JAJKKE|F5B20DRAFT_mRNA375258		None	None
gene-F5B20DRAFT_558867	rna-gnl|WGS:JAJKKE|F5B20DRAFT_mRNA558867	PF01073.26,PF01370.28,PF07993.19	Partial	None
gene-F5B20DRAFT_594796	rna-gnl|WGS:JAJKKE|F5B20DRAFT_mRNA594796	PF00023.37,PF00023.37,PF12796.14,PF12796.14,PF13606.13,PF13637.13,PF14420.12	Complete	None
gene-F5B20DRAFT_558871	rna-gnl|WGS:JAJKKE|F5B20DRAFT_mRNA558871		None	None
gene-F5B20DRAFT_558872	rna-gnl|WGS:JAJKKE|F5B20DRAFT_mRNA558872		None	None
gene-F5B20DRAFT_375287	rna-gnl|WGS:JAJKKE|F5B20DRAFT_mRNA375287	PF13242.13,PF13344.13	Complete	None
gene-F5B20DRAFT_375320	rna-gnl|WGS:JAJKKE|F5B20DRAFT_mRNA375320	PF00248.28	Partial	None
gene-F5B20DRAFT_558890	rna-gnl|WGS:JAJKKE|F5B20DRAFT_mRNA558890	PF00023.37,PF01544.24,PF12796.14,PF22939.3,PF24883.3	Complete	None
gene-F5B20DRAFT_558897	rna-gnl|WGS:JAJKKE|F5B20DRAFT_mRNA558897	PF01926.30	Complete	None
gene-F5B20DRAFT_558899	rna-gnl|WGS:JAJKKE|F5B20DRAFT_mRNA558899	PF04180.20	Partial	None
gene-F5B20DRAFT_558904	rna-gnl|WGS:JAJKKE|F5B20DRAFT_mRNA558904	PF09728.15	Partial	None
gene-F5B20DRAFT_375492	rna-gnl|WGS:JAJKKE|F5B20DRAFT_mRNA375492	PF00675.26,PF05193.27,PF05193.27,PF08367.17,PF22516.2	Complete	None
gene-F5B20DRAFT_375489	rna-gnl|WGS:JAJKKE|F5B20DRAFT_mRNA375489	PF00881.30,PF28600.1	Complete	None
gene-F5B20DRAFT_558911	rna-gnl|WGS:JAJKKE|F5B20DRAFT_mRNA558911		None	None
gene-F5B20DRAFT_585026	rna-gnl|WGS:JAJKKE|F5B20DRAFT_mRNA585026		None	None
gene-F5B20DRAFT_375524	rna-gnl|WGS:JAJKKE|F5B20DRAFT_mRNA375524	PF00278.29,PF02784.23	Complete	None
gene-F5B20DRAFT_585028	rna-gnl|WGS:JAJKKE|F5B20DRAFT_mRNA585028		None	None
gene-F5B20DRAFT_585029	rna-gnl|WGS:JAJKKE|F5B20DRAFT_mRNA585029		None	None
gene-F5B20DRAFT_375603	rna-gnl|WGS:JAJKKE|F5B20DRAFT_mRNA375603	PF02129.25,PF06500.18,PF12697.14	Partial	None
gene-F5B20DRAFT_375598	rna-gnl|WGS:JAJKKE|F5B20DRAFT_mRNA375598	PF20684.4	Partial	None
gene-F5B20DRAFT_375670	rna-gnl|WGS:JAJKKE|F5B20DRAFT_mRNA375670	PF00533.34	Complete	None
gene-F5B20DRAFT_585033	rna-gnl|WGS:JAJKKE|F5B20DRAFT_mRNA585033		None	None
gene-F5B20DRAFT_375773	rna-gnl|WGS:JAJKKE|F5B20DRAFT_mRNA375773		None	None
gene-F5B20DRAFT_558940	rna-gnl|WGS:JAJKKE|F5B20DRAFT_mRNA558940	PF02666.21	Partial	None
gene-F5B20DRAFT_558943	rna-gnl|WGS:JAJKKE|F5B20DRAFT_mRNA558943	PF00724.27	Partial	None
gene-F5B20DRAFT_594806	rna-gnl|WGS:JAJKKE|F5B20DRAFT_mRNA594806		None	None
gene-F5B20DRAFT_573296	rna-gnl|WGS:JAJKKE|F5B20DRAFT_mRNA573296		None	None
gene-F5B20DRAFT_558949	rna-gnl|WGS:JAJKKE|F5B20DRAFT_mRNA558949	PF07690.22	Partial	None
gene-F5B20DRAFT_t87	gene-F5B20DRAFT_t87		None	None
gene-F5B20DRAFT_558951	rna-gnl|WGS:JAJKKE|F5B20DRAFT_mRNA558951	PF00083.31,PF06609.19,PF07690.22	Partial	None
gene-F5B20DRAFT_558954	rna-gnl|WGS:JAJKKE|F5B20DRAFT_mRNA558954	PF00732.26,PF05199.20	Complete	None
gene-F5B20DRAFT_558956	rna-gnl|WGS:JAJKKE|F5B20DRAFT_mRNA558956		None	None
gene-F5B20DRAFT_558964	rna-gnl|WGS:JAJKKE|F5B20DRAFT_mRNA558964	PF27522.2	Partial	None
gene-F5B20DRAFT_594814	rna-gnl|WGS:JAJKKE|F5B20DRAFT_mRNA594814	PF20684.4	Partial	None
gene-F5B20DRAFT_558973	rna-gnl|WGS:JAJKKE|F5B20DRAFT_mRNA558973		None	None
gene-F5B20DRAFT_594816	rna-gnl|WGS:JAJKKE|F5B20DRAFT_mRNA594816	PF22766.3	Complete	None
gene-F5B20DRAFT_376163	rna-gnl|WGS:JAJKKE|F5B20DRAFT_mRNA376163	PF00675.26,PF05193.27	Partial	None
gene-F5B20DRAFT_573303	rna-gnl|WGS:JAJKKE|F5B20DRAFT_mRNA573303	PF00561.27,PF01674.25,PF12146.16,PF12697.14	Partial	None
gene-F5B20DRAFT_376174	rna-gnl|WGS:JAJKKE|F5B20DRAFT_mRNA376174	PF04719.21	Complete	None
gene-F5B20DRAFT_558986	rna-gnl|WGS:JAJKKE|F5B20DRAFT_mRNA558986	PF01227.28	Partial	None
gene-F5B20DRAFT_558990	rna-gnl|WGS:JAJKKE|F5B20DRAFT_mRNA558990		None	None
gene-F5B20DRAFT_558996	rna-gnl|WGS:JAJKKE|F5B20DRAFT_mRNA558996		None	None
gene-F5B20DRAFT_t86	gene-F5B20DRAFT_t86		None	None
gene-F5B20DRAFT_558999	rna-gnl|WGS:JAJKKE|F5B20DRAFT_mRNA558999	PF01370.28,PF05368.20,PF13460.13	Partial	None
gene-F5B20DRAFT_559001	rna-gnl|WGS:JAJKKE|F5B20DRAFT_mRNA559001	PF00067.28	Partial	None
gene-F5B20DRAFT_559007	rna-gnl|WGS:JAJKKE|F5B20DRAFT_mRNA559007	PF06985.18	Partial	None
gene-F5B20DRAFT_573310	rna-gnl|WGS:JAJKKE|F5B20DRAFT_mRNA573310	PF00400.39,PF00400.39,PF00400.39,PF23381.2,PF23627.3	Complete	None
gene-F5B20DRAFT_559015	rna-gnl|WGS:JAJKKE|F5B20DRAFT_mRNA559015	PF06985.18,PF26639.1	Complete	None
gene-F5B20DRAFT_585056	rna-gnl|WGS:JAJKKE|F5B20DRAFT_mRNA585056		None	None
gene-F5B20DRAFT_594818	rna-gnl|WGS:JAJKKE|F5B20DRAFT_mRNA594818	PF28788.1	Partial	None
gene-F5B20DRAFT_376339	rna-gnl|WGS:JAJKKE|F5B20DRAFT_mRNA376339	PF00703.28,PF02836.24	Complete	None
gene-F5B20DRAFT_376358	rna-gnl|WGS:JAJKKE|F5B20DRAFT_mRNA376358	PF00493.30,PF07728.21,PF14551.12,PF17207.10,PF17855.8,PF21128.6	Complete	None
gene-F5B20DRAFT_559023	rna-gnl|WGS:JAJKKE|F5B20DRAFT_mRNA559023	PF01217.27	Partial	None
gene-F5B20DRAFT_594826	rna-gnl|WGS:JAJKKE|F5B20DRAFT_mRNA594826	PF01300.25,PF03481.20	Complete	None
gene-F5B20DRAFT_559027	rna-gnl|WGS:JAJKKE|F5B20DRAFT_mRNA559027		None	None
gene-F5B20DRAFT_559028	rna-gnl|WGS:JAJKKE|F5B20DRAFT_mRNA559028	PF08318.19,PF20662.4	Partial	None
gene-F5B20DRAFT_585062	rna-gnl|WGS:JAJKKE|F5B20DRAFT_mRNA585062	PF05615.19	Partial	None
gene-F5B20DRAFT_559033	rna-gnl|WGS:JAJKKE|F5B20DRAFT_mRNA559033	PF02970.23	Partial	None
gene-F5B20DRAFT_585064	rna-gnl|WGS:JAJKKE|F5B20DRAFT_mRNA585064	PF01565.29	Partial	None
gene-F5B20DRAFT_585065	rna-gnl|WGS:JAJKKE|F5B20DRAFT_mRNA585065		None	None
gene-F5B20DRAFT_594836	rna-gnl|WGS:JAJKKE|F5B20DRAFT_mRNA594836	PF20684.4	Partial	None
gene-F5B20DRAFT_376674	rna-gnl|WGS:JAJKKE|F5B20DRAFT_mRNA376674	PF00106.32,PF08659.17,PF13561.13	Partial	None
gene-F5B20DRAFT_376528	rna-gnl|WGS:JAJKKE|F5B20DRAFT_mRNA376528	PF00083.31,PF06609.19,PF07690.22	Partial	None
gene-F5B20DRAFT_585069	rna-gnl|WGS:JAJKKE|F5B20DRAFT_mRNA585069		None	None
gene-F5B20DRAFT_376629	rna-gnl|WGS:JAJKKE|F5B20DRAFT_mRNA376629	PF00172.24	Partial	None
gene-F5B20DRAFT_594838	rna-gnl|WGS:JAJKKE|F5B20DRAFT_mRNA594838		None	None
gene-F5B20DRAFT_559072	rna-gnl|WGS:JAJKKE|F5B20DRAFT_mRNA559072		None	None
gene-F5B20DRAFT_559074	rna-gnl|WGS:JAJKKE|F5B20DRAFT_mRNA559074		None	None
gene-F5B20DRAFT_559079	rna-gnl|WGS:JAJKKE|F5B20DRAFT_mRNA559079	PF02077.21	Partial	None
gene-F5B20DRAFT_585074	rna-gnl|WGS:JAJKKE|F5B20DRAFT_mRNA585074		None	None
gene-F5B20DRAFT_585075	rna-gnl|WGS:JAJKKE|F5B20DRAFT_mRNA585075	PF01565.29,PF08031.18	Complete	None
gene-F5B20DRAFT_573325	rna-gnl|WGS:JAJKKE|F5B20DRAFT_mRNA573325	PF14518.12	Partial	None
gene-F5B20DRAFT_594847	rna-gnl|WGS:JAJKKE|F5B20DRAFT_mRNA594847	PF12900.14	Partial	None
gene-F5B20DRAFT_594852	rna-gnl|WGS:JAJKKE|F5B20DRAFT_mRNA594852	PF00152.26	Partial	None
gene-F5B20DRAFT_559125	rna-gnl|WGS:JAJKKE|F5B20DRAFT_mRNA559125		None	None
gene-F5B20DRAFT_559127	rna-gnl|WGS:JAJKKE|F5B20DRAFT_mRNA559127	PF00346.25	Partial	None
gene-F5B20DRAFT_377392	rna-gnl|WGS:JAJKKE|F5B20DRAFT_mRNA377392		None	None
gene-F5B20DRAFT_377398	rna-gnl|WGS:JAJKKE|F5B20DRAFT_mRNA377398	PF02656.21,PF09359.16	Complete	None
gene-F5B20DRAFT_377433	rna-gnl|WGS:JAJKKE|F5B20DRAFT_mRNA377433	PF27704.2	Partial	None
gene-F5B20DRAFT_377441	rna-gnl|WGS:JAJKKE|F5B20DRAFT_mRNA377441	PF00349.28,PF03727.23	Partial	None
gene-F5B20DRAFT_559151	rna-gnl|WGS:JAJKKE|F5B20DRAFT_mRNA559151	PF04597.20	Partial	None
gene-F5B20DRAFT_573334	rna-gnl|WGS:JAJKKE|F5B20DRAFT_mRNA573334	PF01494.26,PF13805.12	Partial	None
gene-F5B20DRAFT_559159	rna-gnl|WGS:JAJKKE|F5B20DRAFT_mRNA559159	PF01000.32,PF01193.30	Partial	None
gene-F5B20DRAFT_559161	rna-gnl|WGS:JAJKKE|F5B20DRAFT_mRNA559161		None	None
gene-F5B20DRAFT_594864	rna-gnl|WGS:JAJKKE|F5B20DRAFT_mRNA594864		None	None
gene-F5B20DRAFT_559167	rna-gnl|WGS:JAJKKE|F5B20DRAFT_mRNA559167	PF00899.28,PF08825.16	Complete	None
gene-F5B20DRAFT_559169	rna-gnl|WGS:JAJKKE|F5B20DRAFT_mRNA559169	PF10193.15	Complete	None
gene-F5B20DRAFT_559174	rna-gnl|WGS:JAJKKE|F5B20DRAFT_mRNA559174		None	None
gene-F5B20DRAFT_377708	rna-gnl|WGS:JAJKKE|F5B20DRAFT_mRNA377708	PF00069.32,PF07714.24	Partial	None
gene-F5B20DRAFT_377714	rna-gnl|WGS:JAJKKE|F5B20DRAFT_mRNA377714	PF00004.36,PF00004.36,PF09262.18,PF17862.8	Complete	None
gene-F5B20DRAFT_559182	rna-gnl|WGS:JAJKKE|F5B20DRAFT_mRNA559182	PF00493.30,PF01078.28,PF07728.21,PF14551.12,PF17207.10,PF17855.8,PF24901.3	Complete	None
gene-F5B20DRAFT_377739	rna-gnl|WGS:JAJKKE|F5B20DRAFT_mRNA377739	PF10236.16	Partial	None
gene-F5B20DRAFT_559188	rna-gnl|WGS:JAJKKE|F5B20DRAFT_mRNA559188	PF04939.18	Partial	None
gene-F5B20DRAFT_377753	rna-gnl|WGS:JAJKKE|F5B20DRAFT_mRNA377753	PF00620.33	Complete	None
gene-F5B20DRAFT_559190	rna-gnl|WGS:JAJKKE|F5B20DRAFT_mRNA559190		None	None
gene-F5B20DRAFT_559193	rna-gnl|WGS:JAJKKE|F5B20DRAFT_mRNA559193		None	None
gene-F5B20DRAFT_559194	rna-gnl|WGS:JAJKKE|F5B20DRAFT_mRNA559194	PF04900.19,PF24779.2	Complete	None
gene-F5B20DRAFT_559196	rna-gnl|WGS:JAJKKE|F5B20DRAFT_mRNA559196	PF05277.19	Partial	None
gene-F5B20DRAFT_377838	rna-gnl|WGS:JAJKKE|F5B20DRAFT_mRNA377838		None	None
gene-F5B20DRAFT_559206	rna-gnl|WGS:JAJKKE|F5B20DRAFT_mRNA559206	PF05832.18	Partial	None
gene-F5B20DRAFT_585109	rna-gnl|WGS:JAJKKE|F5B20DRAFT_mRNA585109	PF11927.15	Partial	None
gene-F5B20DRAFT_594874	rna-gnl|WGS:JAJKKE|F5B20DRAFT_mRNA594874	PF14521.13	Partial	None
gene-F5B20DRAFT_377973	rna-gnl|WGS:JAJKKE|F5B20DRAFT_mRNA377973		None	None
gene-F5B20DRAFT_559216	rna-gnl|WGS:JAJKKE|F5B20DRAFT_mRNA559216		None	None
gene-F5B20DRAFT_377976	rna-gnl|WGS:JAJKKE|F5B20DRAFT_mRNA377976	PF00023.37,PF00023.37,PF12796.14,PF12796.14,PF13606.13,PF13637.13,PF13637.13,PF14420.12	Complete	None
gene-F5B20DRAFT_378007	rna-gnl|WGS:JAJKKE|F5B20DRAFT_mRNA378007	PF00067.28	Partial	None
gene-F5B20DRAFT_378011	rna-gnl|WGS:JAJKKE|F5B20DRAFT_mRNA378011	PF00067.28	Partial	None
gene-F5B20DRAFT_559223	rna-gnl|WGS:JAJKKE|F5B20DRAFT_mRNA559223	PF00795.28	Partial	None
gene-F5B20DRAFT_585116	rna-gnl|WGS:JAJKKE|F5B20DRAFT_mRNA585116		None	None
gene-F5B20DRAFT_559224	rna-gnl|WGS:JAJKKE|F5B20DRAFT_mRNA559224	PF02826.26	Partial	None
gene-F5B20DRAFT_559225	rna-gnl|WGS:JAJKKE|F5B20DRAFT_mRNA559225	PF00171.28	Partial	None
gene-F5B20DRAFT_585119	rna-gnl|WGS:JAJKKE|F5B20DRAFT_mRNA585119		None	None
gene-F5B20DRAFT_378038	rna-gnl|WGS:JAJKKE|F5B20DRAFT_mRNA378038	PF08624.16	Partial	None
gene-F5B20DRAFT_585121	rna-gnl|WGS:JAJKKE|F5B20DRAFT_mRNA585121	PF01753.25	Partial	None
gene-F5B20DRAFT_559242	rna-gnl|WGS:JAJKKE|F5B20DRAFT_mRNA559242		None	None
gene-F5B20DRAFT_573356	rna-gnl|WGS:JAJKKE|F5B20DRAFT_mRNA573356	PF08100.19	Partial	None
gene-F5B20DRAFT_378628	rna-gnl|WGS:JAJKKE|F5B20DRAFT_mRNA378628		None	None
gene-F5B20DRAFT_378511	rna-gnl|WGS:JAJKKE|F5B20DRAFT_mRNA378511	PF08613.17	Partial	None
gene-F5B20DRAFT_378590	rna-gnl|WGS:JAJKKE|F5B20DRAFT_mRNA378590		None	None
gene-F5B20DRAFT_585125	rna-gnl|WGS:JAJKKE|F5B20DRAFT_mRNA585125		None	None
gene-F5B20DRAFT_559312	rna-gnl|WGS:JAJKKE|F5B20DRAFT_mRNA559312	PF06985.18	Partial	None
gene-F5B20DRAFT_585126	rna-gnl|WGS:JAJKKE|F5B20DRAFT_mRNA585126	PF10187.16	Partial	None
gene-F5B20DRAFT_378661	rna-gnl|WGS:JAJKKE|F5B20DRAFT_mRNA378661	PF11711.14	Partial	None
gene-F5B20DRAFT_378696	rna-gnl|WGS:JAJKKE|F5B20DRAFT_mRNA378696	PF00069.32,PF00069.32,PF03109.23,PF07714.24	Partial	None
gene-F5B20DRAFT_573360	rna-gnl|WGS:JAJKKE|F5B20DRAFT_mRNA573360	PF12874.14,PF16835.11	Complete	None
gene-F5B20DRAFT_378741	rna-gnl|WGS:JAJKKE|F5B20DRAFT_mRNA378741	PF00324.28,PF13520.13	Partial	None
gene-F5B20DRAFT_559324	rna-gnl|WGS:JAJKKE|F5B20DRAFT_mRNA559324	PF03959.20	Partial	None
gene-F5B20DRAFT_594892	rna-gnl|WGS:JAJKKE|F5B20DRAFT_mRNA594892	PF00067.28	Partial	None
gene-F5B20DRAFT_559328	rna-gnl|WGS:JAJKKE|F5B20DRAFT_mRNA559328		None	None
gene-F5B20DRAFT_378794	rna-gnl|WGS:JAJKKE|F5B20DRAFT_mRNA378794		None	None
gene-F5B20DRAFT_378838	rna-gnl|WGS:JAJKKE|F5B20DRAFT_mRNA378838	PF02026.22	Complete	None
gene-F5B20DRAFT_559340	rna-gnl|WGS:JAJKKE|F5B20DRAFT_mRNA559340	PF06985.18,PF07367.18	Complete	None
gene-F5B20DRAFT_559342	rna-gnl|WGS:JAJKKE|F5B20DRAFT_mRNA559342		None	None
gene-F5B20DRAFT_559348	rna-gnl|WGS:JAJKKE|F5B20DRAFT_mRNA559348	PF04117.18	Complete	None
gene-F5B20DRAFT_559349	rna-gnl|WGS:JAJKKE|F5B20DRAFT_mRNA559349	PF00162.25	Partial	None
gene-F5B20DRAFT_559353	rna-gnl|WGS:JAJKKE|F5B20DRAFT_mRNA559353	PF05160.19	Partial	None
gene-F5B20DRAFT_378983	rna-gnl|WGS:JAJKKE|F5B20DRAFT_mRNA378983	PF10300.16	Partial	None
gene-F5B20DRAFT_585139	rna-gnl|WGS:JAJKKE|F5B20DRAFT_mRNA585139		None	None
gene-F5B20DRAFT_573369	rna-gnl|WGS:JAJKKE|F5B20DRAFT_mRNA573369	PF01055.33,PF13802.13,PF21365.4	Complete	None
gene-F5B20DRAFT_573370	rna-gnl|WGS:JAJKKE|F5B20DRAFT_mRNA573370	PF10281.15,PF10281.15,PF10281.15,PF10281.15,PF10281.15,PF10281.15,PF10281.15	Complete	None
gene-F5B20DRAFT_559361	rna-gnl|WGS:JAJKKE|F5B20DRAFT_mRNA559361	PF14604.13	Complete	None
gene-F5B20DRAFT_573372	rna-gnl|WGS:JAJKKE|F5B20DRAFT_mRNA573372		None	None
gene-F5B20DRAFT_379129	rna-gnl|WGS:JAJKKE|F5B20DRAFT_mRNA379129	PF00026.29	Partial	None
gene-F5B20DRAFT_559369	rna-gnl|WGS:JAJKKE|F5B20DRAFT_mRNA559369	PF01370.28,PF05368.20,PF13460.13	Partial	None
gene-F5B20DRAFT_559371	rna-gnl|WGS:JAJKKE|F5B20DRAFT_mRNA559371		None	None
gene-F5B20DRAFT_559374	rna-gnl|WGS:JAJKKE|F5B20DRAFT_mRNA559374		None	None
gene-F5B20DRAFT_559375	rna-gnl|WGS:JAJKKE|F5B20DRAFT_mRNA559375		None	None
gene-F5B20DRAFT_573376	rna-gnl|WGS:JAJKKE|F5B20DRAFT_mRNA573376	PF00106.32,PF13561.13	Partial	None
gene-F5B20DRAFT_559382	rna-gnl|WGS:JAJKKE|F5B20DRAFT_mRNA559382	PF00795.28	Partial	None
gene-F5B20DRAFT_559386	rna-gnl|WGS:JAJKKE|F5B20DRAFT_mRNA559386	PF01156.25	Partial	None
gene-F5B20DRAFT_379277	rna-gnl|WGS:JAJKKE|F5B20DRAFT_mRNA379277	PF00004.36,PF16450.12,PF17862.8	Complete	None
gene-F5B20DRAFT_559392	rna-gnl|WGS:JAJKKE|F5B20DRAFT_mRNA559392	PF09774.15	Partial	None
gene-F5B20DRAFT_559393	rna-gnl|WGS:JAJKKE|F5B20DRAFT_mRNA559393	PF12569.15,PF13181.13,PF13432.13,PF13432.13,PF31234.1	Complete	None
gene-F5B20DRAFT_379308	rna-gnl|WGS:JAJKKE|F5B20DRAFT_mRNA379308	PF00106.32,PF08659.17	Partial	None
gene-F5B20DRAFT_585154	rna-gnl|WGS:JAJKKE|F5B20DRAFT_mRNA585154	PF00891.25	Partial	None
gene-F5B20DRAFT_t88	gene-F5B20DRAFT_t88		None	None
gene-F5B20DRAFT_559407	rna-gnl|WGS:JAJKKE|F5B20DRAFT_mRNA559407	PF02551.22,PF13622.13,PF20789.4	Partial	None
gene-F5B20DRAFT_573385	rna-gnl|WGS:JAJKKE|F5B20DRAFT_mRNA573385	PF00628.36,PF02515.23	Complete	None
gene-F5B20DRAFT_559449	rna-gnl|WGS:JAJKKE|F5B20DRAFT_mRNA559449		None	None
gene-F5B20DRAFT_379754	rna-gnl|WGS:JAJKKE|F5B20DRAFT_mRNA379754	PF00382.25,PF00382.25,PF08271.18	Complete	None
gene-F5B20DRAFT_594909	rna-gnl|WGS:JAJKKE|F5B20DRAFT_mRNA594909		None	None
gene-F5B20DRAFT_559454	rna-gnl|WGS:JAJKKE|F5B20DRAFT_mRNA559454	PF00153.33,PF00153.33,PF00153.33	Complete	None
gene-F5B20DRAFT_379825	rna-gnl|WGS:JAJKKE|F5B20DRAFT_mRNA379825	PF09295.17	Partial	None
gene-F5B20DRAFT_379841	rna-gnl|WGS:JAJKKE|F5B20DRAFT_mRNA379841	PF27584.1,PF27595.1,PF27596.1,PF30849.1	Complete	None
gene-F5B20DRAFT_379846	rna-gnl|WGS:JAJKKE|F5B20DRAFT_mRNA379846	PF02102.22,PF13933.13,PF14521.13	Partial	None
gene-F5B20DRAFT_585167	rna-gnl|WGS:JAJKKE|F5B20DRAFT_mRNA585167	PF16455.11	Partial	None
gene-F5B20DRAFT_559468	rna-gnl|WGS:JAJKKE|F5B20DRAFT_mRNA559468	PF00856.34,PF05033.23	Complete	None
gene-F5B20DRAFT_379883	rna-gnl|WGS:JAJKKE|F5B20DRAFT_mRNA379883		None	None
gene-F5B20DRAFT_379877	rna-gnl|WGS:JAJKKE|F5B20DRAFT_mRNA379877		None	None
gene-F5B20DRAFT_573394	rna-gnl|WGS:JAJKKE|F5B20DRAFT_mRNA573394	PF00657.29	Partial	None
gene-F5B20DRAFT_585171	rna-gnl|WGS:JAJKKE|F5B20DRAFT_mRNA585171	PF01636.30	Partial	None
gene-F5B20DRAFT_573395	rna-gnl|WGS:JAJKKE|F5B20DRAFT_mRNA573395	PF05997.18	Partial	None
gene-F5B20DRAFT_379960	rna-gnl|WGS:JAJKKE|F5B20DRAFT_mRNA379960	PF00781.30,PF24321.2	Partial	None
gene-F5B20DRAFT_559479	rna-gnl|WGS:JAJKKE|F5B20DRAFT_mRNA559479	PF13622.13,PF20789.4	Partial	None
gene-F5B20DRAFT_573398	rna-gnl|WGS:JAJKKE|F5B20DRAFT_mRNA573398		None	None
gene-F5B20DRAFT_559509	rna-gnl|WGS:JAJKKE|F5B20DRAFT_mRNA559509	PF22893.3	Complete	None
gene-F5B20DRAFT_559510	rna-gnl|WGS:JAJKKE|F5B20DRAFT_mRNA559510	PF01408.29,PF22725.2	Partial	None
gene-F5B20DRAFT_594933	rna-gnl|WGS:JAJKKE|F5B20DRAFT_mRNA594933		None	None
gene-F5B20DRAFT_559515	rna-gnl|WGS:JAJKKE|F5B20DRAFT_mRNA559515	PF00840.28	Partial	None
gene-F5B20DRAFT_585179	rna-gnl|WGS:JAJKKE|F5B20DRAFT_mRNA585179	PF00324.28,PF13520.13	Partial	None
gene-F5B20DRAFT_594948	rna-gnl|WGS:JAJKKE|F5B20DRAFT_mRNA594948	PF01544.24,PF26616.1	Partial	None
gene-F5B20DRAFT_573403	rna-gnl|WGS:JAJKKE|F5B20DRAFT_mRNA573403	PF00069.32,PF07714.24	Partial	None
gene-F5B20DRAFT_594960	rna-gnl|WGS:JAJKKE|F5B20DRAFT_mRNA594960	PF00225.30,PF00225.30,PF16796.12	Partial	None
gene-F5B20DRAFT_380860	rna-gnl|WGS:JAJKKE|F5B20DRAFT_mRNA380860		None	None
gene-F5B20DRAFT_380790	rna-gnl|WGS:JAJKKE|F5B20DRAFT_mRNA380790		None	None
gene-F5B20DRAFT_559551	rna-gnl|WGS:JAJKKE|F5B20DRAFT_mRNA559551		None	None
gene-F5B20DRAFT_573407	rna-gnl|WGS:JAJKKE|F5B20DRAFT_mRNA573407	PF01398.27,PF19445.5,PF27604.1	Complete	None
gene-F5B20DRAFT_559559	rna-gnl|WGS:JAJKKE|F5B20DRAFT_mRNA559559	PF00670.28,PF05221.24,PF05221.24	Partial	None
gene-F5B20DRAFT_573409	rna-gnl|WGS:JAJKKE|F5B20DRAFT_mRNA573409	PF00389.37,PF02826.26	Partial	None
gene-F5B20DRAFT_594966	rna-gnl|WGS:JAJKKE|F5B20DRAFT_mRNA594966	PF00172.24,PF28706.1	Complete	None
gene-F5B20DRAFT_585189	rna-gnl|WGS:JAJKKE|F5B20DRAFT_mRNA585189	PF07859.20,PF20434.6	Partial	None
gene-F5B20DRAFT_594970	rna-gnl|WGS:JAJKKE|F5B20DRAFT_mRNA594970		None	None
gene-F5B20DRAFT_559594	rna-gnl|WGS:JAJKKE|F5B20DRAFT_mRNA559594		None	None
gene-F5B20DRAFT_585191	rna-gnl|WGS:JAJKKE|F5B20DRAFT_mRNA585191		None	None
gene-F5B20DRAFT_585192	rna-gnl|WGS:JAJKKE|F5B20DRAFT_mRNA585192		None	None
gene-F5B20DRAFT_594972	rna-gnl|WGS:JAJKKE|F5B20DRAFT_mRNA594972	PF01119.26,PF02518.32,PF08676.17,PF13589.13	Complete	None
gene-F5B20DRAFT_594974	rna-gnl|WGS:JAJKKE|F5B20DRAFT_mRNA594974		None	None
gene-F5B20DRAFT_594986	rna-gnl|WGS:JAJKKE|F5B20DRAFT_mRNA594986		None	None
gene-F5B20DRAFT_381366	rna-gnl|WGS:JAJKKE|F5B20DRAFT_mRNA381366	PF07992.21	Partial	None
gene-F5B20DRAFT_573415	rna-gnl|WGS:JAJKKE|F5B20DRAFT_mRNA573415	PF00766.26,PF01012.28	Complete	None
gene-F5B20DRAFT_573416	rna-gnl|WGS:JAJKKE|F5B20DRAFT_mRNA573416	PF00249.38,PF04433.24,PF13921.13,PF16495.11	Complete	None
gene-F5B20DRAFT_594998	rna-gnl|WGS:JAJKKE|F5B20DRAFT_mRNA594998		None	None
gene-F5B20DRAFT_381421	rna-gnl|WGS:JAJKKE|F5B20DRAFT_mRNA381421	PF00270.36,PF00271.38,PF04851.22,PF30411.1	Complete	None
gene-F5B20DRAFT_381422	rna-gnl|WGS:JAJKKE|F5B20DRAFT_mRNA381422		None	None
gene-F5B20DRAFT_559613	rna-gnl|WGS:JAJKKE|F5B20DRAFT_mRNA559613		None	None
gene-F5B20DRAFT_381436	rna-gnl|WGS:JAJKKE|F5B20DRAFT_mRNA381436	PF00004.36,PF02190.23,PF05362.20,PF07724.21,PF07728.21,PF13541.13,PF22667.3	Complete	None
gene-F5B20DRAFT_381643	rna-gnl|WGS:JAJKKE|F5B20DRAFT_mRNA381643	PF00069.32,PF07714.24	Partial	None
gene-F5B20DRAFT_559635	rna-gnl|WGS:JAJKKE|F5B20DRAFT_mRNA559635	PF00173.34,PF00487.31	Complete	None
gene-F5B20DRAFT_573422	rna-gnl|WGS:JAJKKE|F5B20DRAFT_mRNA573422	PF00176.30,PF00270.36,PF00271.38	Complete	None
gene-F5B20DRAFT_381718	rna-gnl|WGS:JAJKKE|F5B20DRAFT_mRNA381718		None	None
gene-F5B20DRAFT_559646	rna-gnl|WGS:JAJKKE|F5B20DRAFT_mRNA559646	PF00069.32,PF07714.24,PF14531.13	Partial	None
gene-F5B20DRAFT_585208	rna-gnl|WGS:JAJKKE|F5B20DRAFT_mRNA585208	PF04099.19	Partial	None
gene-F5B20DRAFT_573425	rna-gnl|WGS:JAJKKE|F5B20DRAFT_mRNA573425	PF06985.18,PF26639.1	Complete	None
gene-F5B20DRAFT_573426	rna-gnl|WGS:JAJKKE|F5B20DRAFT_mRNA573426	PF04882.18	Partial	None
gene-F5B20DRAFT_559657	rna-gnl|WGS:JAJKKE|F5B20DRAFT_mRNA559657	PF07855.18	Partial	None
gene-F5B20DRAFT_559662	rna-gnl|WGS:JAJKKE|F5B20DRAFT_mRNA559662	PF00250.25	Complete	None
gene-F5B20DRAFT_585214	rna-gnl|WGS:JAJKKE|F5B20DRAFT_mRNA585214	PF08614.17	Partial	None
gene-F5B20DRAFT_382090	rna-gnl|WGS:JAJKKE|F5B20DRAFT_mRNA382090	PF08123.20	Partial	None
gene-F5B20DRAFT_585216	rna-gnl|WGS:JAJKKE|F5B20DRAFT_mRNA585216		None	None
gene-F5B20DRAFT_573430	rna-gnl|WGS:JAJKKE|F5B20DRAFT_mRNA573430	PF00722.29	Partial	None
gene-F5B20DRAFT_382108	rna-gnl|WGS:JAJKKE|F5B20DRAFT_mRNA382108		None	None
gene-F5B20DRAFT_382215	rna-gnl|WGS:JAJKKE|F5B20DRAFT_mRNA382215	PF00646.39,PF12937.13	Complete	None
gene-F5B20DRAFT_559698	rna-gnl|WGS:JAJKKE|F5B20DRAFT_mRNA559698	PF00004.36,PF22942.2	Complete	None
gene-F5B20DRAFT_559700	rna-gnl|WGS:JAJKKE|F5B20DRAFT_mRNA559700	PF02982.21,PF13577.13	Partial	None
gene-F5B20DRAFT_382315	rna-gnl|WGS:JAJKKE|F5B20DRAFT_mRNA382315	PF00106.32,PF08659.17,PF13561.13	Partial	None
gene-F5B20DRAFT_573434	rna-gnl|WGS:JAJKKE|F5B20DRAFT_mRNA573434	PF07690.22	Partial	None
gene-F5B20DRAFT_559718	rna-gnl|WGS:JAJKKE|F5B20DRAFT_mRNA559718	PF00999.27,PF08619.16	Partial	None
gene-F5B20DRAFT_573436	rna-gnl|WGS:JAJKKE|F5B20DRAFT_mRNA573436	PF04281.19	Partial	None
gene-F5B20DRAFT_559725	rna-gnl|WGS:JAJKKE|F5B20DRAFT_mRNA559725		None	None
gene-F5B20DRAFT_559729	rna-gnl|WGS:JAJKKE|F5B20DRAFT_mRNA559729	PF00135.35	Partial	None
gene-F5B20DRAFT_559731	rna-gnl|WGS:JAJKKE|F5B20DRAFT_mRNA559731	PF24852.2	Complete	None
gene-F5B20DRAFT_559734	rna-gnl|WGS:JAJKKE|F5B20DRAFT_mRNA559734	PF12937.13	Complete	None
gene-F5B20DRAFT_559738	rna-gnl|WGS:JAJKKE|F5B20DRAFT_mRNA559738	PF06179.18	Partial	None
gene-F5B20DRAFT_559739	rna-gnl|WGS:JAJKKE|F5B20DRAFT_mRNA559739	PF01416.26	Complete	None
gene-F5B20DRAFT_585235	rna-gnl|WGS:JAJKKE|F5B20DRAFT_mRNA585235	PF20150.5	Partial	None
gene-F5B20DRAFT_382582	rna-gnl|WGS:JAJKKE|F5B20DRAFT_mRNA382582		None	None
gene-F5B20DRAFT_559748	rna-gnl|WGS:JAJKKE|F5B20DRAFT_mRNA559748	PF07690.22,PF07690.22	Partial	None
gene-F5B20DRAFT_382649	rna-gnl|WGS:JAJKKE|F5B20DRAFT_mRNA382649	PF30690.1	Partial	None
gene-F5B20DRAFT_382666	rna-gnl|WGS:JAJKKE|F5B20DRAFT_mRNA382666	PF00856.34,PF01753.25	Complete	None
gene-F5B20DRAFT_382676	rna-gnl|WGS:JAJKKE|F5B20DRAFT_mRNA382676	PF04117.18	Complete	None
gene-F5B20DRAFT_382670	rna-gnl|WGS:JAJKKE|F5B20DRAFT_mRNA382670		None	None
gene-F5B20DRAFT_585242	rna-gnl|WGS:JAJKKE|F5B20DRAFT_mRNA585242	PF04828.23	Partial	None
gene-F5B20DRAFT_382725	rna-gnl|WGS:JAJKKE|F5B20DRAFT_mRNA382725	PF00043.31,PF02798.27,PF13409.13,PF13417.13	Partial	None
gene-F5B20DRAFT_382769	rna-gnl|WGS:JAJKKE|F5B20DRAFT_mRNA382769	PF04108.18	Partial	None
gene-F5B20DRAFT_382840	rna-gnl|WGS:JAJKKE|F5B20DRAFT_mRNA382840	PF01687.24,PF26728.1	Complete	None
gene-F5B20DRAFT_382730	rna-gnl|WGS:JAJKKE|F5B20DRAFT_mRNA382730	PF07690.22	Partial	None
gene-F5B20DRAFT_559772	rna-gnl|WGS:JAJKKE|F5B20DRAFT_mRNA559772	PF01794.26,PF08022.19,PF08030.18	Complete	None
gene-F5B20DRAFT_382875	rna-gnl|WGS:JAJKKE|F5B20DRAFT_mRNA382875	PF02698.24	Partial	None
gene-F5B20DRAFT_559781	rna-gnl|WGS:JAJKKE|F5B20DRAFT_mRNA559781	PF07985.19	Partial	None
gene-F5B20DRAFT_559788	rna-gnl|WGS:JAJKKE|F5B20DRAFT_mRNA559788	PF20684.4	Partial	None
gene-F5B20DRAFT_559791	rna-gnl|WGS:JAJKKE|F5B20DRAFT_mRNA559791	PF00293.35	Partial	None
gene-F5B20DRAFT_t89	gene-F5B20DRAFT_t89		None	None
gene-F5B20DRAFT_573450	rna-gnl|WGS:JAJKKE|F5B20DRAFT_mRNA573450	PF07690.22	Partial	None
gene-F5B20DRAFT_559808	rna-gnl|WGS:JAJKKE|F5B20DRAFT_mRNA559808		None	None
gene-F5B20DRAFT_559809	rna-gnl|WGS:JAJKKE|F5B20DRAFT_mRNA559809	PF12921.13	Complete	None
gene-F5B20DRAFT_383095	rna-gnl|WGS:JAJKKE|F5B20DRAFT_mRNA383095	PF02585.23	Partial	None
gene-F5B20DRAFT_585259	rna-gnl|WGS:JAJKKE|F5B20DRAFT_mRNA585259		None	None
gene-F5B20DRAFT_383125	rna-gnl|WGS:JAJKKE|F5B20DRAFT_mRNA383125	PF00704.35	Partial	None
gene-F5B20DRAFT_585262	rna-gnl|WGS:JAJKKE|F5B20DRAFT_mRNA585262	PF03142.22,PF03142.22	Partial	None
gene-F5B20DRAFT_559820	rna-gnl|WGS:JAJKKE|F5B20DRAFT_mRNA559820	PF00083.31,PF07690.22	Partial	None
gene-F5B20DRAFT_585264	rna-gnl|WGS:JAJKKE|F5B20DRAFT_mRNA585264		None	None
gene-F5B20DRAFT_573456	rna-gnl|WGS:JAJKKE|F5B20DRAFT_mRNA573456	PF00704.35	Partial	None
gene-F5B20DRAFT_559825	rna-gnl|WGS:JAJKKE|F5B20DRAFT_mRNA559825	PF00106.32,PF01370.28,PF08659.17,PF13561.13	Partial	None
gene-F5B20DRAFT_559829	rna-gnl|WGS:JAJKKE|F5B20DRAFT_mRNA559829	PF12519.15	Partial	None
gene-F5B20DRAFT_383404	rna-gnl|WGS:JAJKKE|F5B20DRAFT_mRNA383404	PF02535.29	Partial	None
gene-F5B20DRAFT_585269	rna-gnl|WGS:JAJKKE|F5B20DRAFT_mRNA585269	PF00023.37	Complete	None
gene-F5B20DRAFT_585270	rna-gnl|WGS:JAJKKE|F5B20DRAFT_mRNA585270	PF01090.26	Partial	None
gene-F5B20DRAFT_559847	rna-gnl|WGS:JAJKKE|F5B20DRAFT_mRNA559847		None	None
gene-F5B20DRAFT_559850	rna-gnl|WGS:JAJKKE|F5B20DRAFT_mRNA559850	PF11807.14	Partial	None
gene-F5B20DRAFT_383631	rna-gnl|WGS:JAJKKE|F5B20DRAFT_mRNA383631	PF03133.21	Partial	None
gene-F5B20DRAFT_573462	rna-gnl|WGS:JAJKKE|F5B20DRAFT_mRNA573462		None	None
gene-F5B20DRAFT_559871	rna-gnl|WGS:JAJKKE|F5B20DRAFT_mRNA559871	PF05368.20,PF13460.13	Partial	None
gene-F5B20DRAFT_559873	rna-gnl|WGS:JAJKKE|F5B20DRAFT_mRNA559873		None	None
gene-F5B20DRAFT_559877	rna-gnl|WGS:JAJKKE|F5B20DRAFT_mRNA559877		None	None
gene-F5B20DRAFT_559878	rna-gnl|WGS:JAJKKE|F5B20DRAFT_mRNA559878	PF01399.34,PF05470.19,PF26569.1	Complete	None
gene-F5B20DRAFT_585278	rna-gnl|WGS:JAJKKE|F5B20DRAFT_mRNA585278	PF01814.29	Partial	None
gene-F5B20DRAFT_595086	rna-gnl|WGS:JAJKKE|F5B20DRAFT_mRNA595086	PF00478.32,PF01070.25,PF01645.24,PF03060.22	Partial	None
gene-F5B20DRAFT_559884	rna-gnl|WGS:JAJKKE|F5B20DRAFT_mRNA559884		None	None
gene-F5B20DRAFT_559891	rna-gnl|WGS:JAJKKE|F5B20DRAFT_mRNA559891	PF01734.28,PF24883.3	Complete	None
gene-F5B20DRAFT_595088	rna-gnl|WGS:JAJKKE|F5B20DRAFT_mRNA595088	PF00107.33,PF13602.13,PF16884.11	Partial	None
gene-F5B20DRAFT_559895	rna-gnl|WGS:JAJKKE|F5B20DRAFT_mRNA559895	PF00118.30	Partial	None
gene-F5B20DRAFT_585285	rna-gnl|WGS:JAJKKE|F5B20DRAFT_mRNA585285	PF00023.37,PF00023.37,PF00023.37,PF00646.39,PF12796.14,PF13606.13,PF13606.13,PF13637.13	Complete	None
gene-F5B20DRAFT_595090	rna-gnl|WGS:JAJKKE|F5B20DRAFT_mRNA595090	PF01431.28,PF05649.19	Complete	None
gene-F5B20DRAFT_559900	rna-gnl|WGS:JAJKKE|F5B20DRAFT_mRNA559900	PF00107.33,PF08240.18	Partial	None
gene-F5B20DRAFT_384095	rna-gnl|WGS:JAJKKE|F5B20DRAFT_mRNA384095	PF00005.34,PF00005.34,PF00664.29,PF00664.29	Complete	None
gene-F5B20DRAFT_573471	rna-gnl|WGS:JAJKKE|F5B20DRAFT_mRNA573471	PF07690.22	Partial	None
gene-F5B20DRAFT_384120	rna-gnl|WGS:JAJKKE|F5B20DRAFT_mRNA384120	PF00501.35,PF13193.13	Complete	None
gene-F5B20DRAFT_595094	rna-gnl|WGS:JAJKKE|F5B20DRAFT_mRNA595094		None	None
gene-F5B20DRAFT_559915	rna-gnl|WGS:JAJKKE|F5B20DRAFT_mRNA559915	PF13523.13	Partial	None
gene-F5B20DRAFT_559916	rna-gnl|WGS:JAJKKE|F5B20DRAFT_mRNA559916	PF00070.34,PF07992.21	Complete	None
gene-F5B20DRAFT_585296	rna-gnl|WGS:JAJKKE|F5B20DRAFT_mRNA585296		None	None
gene-F5B20DRAFT_585297	rna-gnl|WGS:JAJKKE|F5B20DRAFT_mRNA585297	PF00009.34,PF03144.32	Complete	None
gene-F5B20DRAFT_384224	rna-gnl|WGS:JAJKKE|F5B20DRAFT_mRNA384224	PF00067.28	Partial	None
gene-F5B20DRAFT_559931	rna-gnl|WGS:JAJKKE|F5B20DRAFT_mRNA559931	PF00083.31,PF07690.22	Partial	None
gene-F5B20DRAFT_559932	rna-gnl|WGS:JAJKKE|F5B20DRAFT_mRNA559932		None	None
gene-F5B20DRAFT_585301	rna-gnl|WGS:JAJKKE|F5B20DRAFT_mRNA585301	PF13002.13	Partial	None
gene-F5B20DRAFT_585302	rna-gnl|WGS:JAJKKE|F5B20DRAFT_mRNA585302		None	None
gene-F5B20DRAFT_559943	rna-gnl|WGS:JAJKKE|F5B20DRAFT_mRNA559943	PF00069.32	Partial	None
gene-F5B20DRAFT_384463	rna-gnl|WGS:JAJKKE|F5B20DRAFT_mRNA384463	PF00481.27,PF00481.27	Partial	None
gene-F5B20DRAFT_384565	rna-gnl|WGS:JAJKKE|F5B20DRAFT_mRNA384565	PF00465.26,PF25137.1	Complete	None
gene-F5B20DRAFT_559959	rna-gnl|WGS:JAJKKE|F5B20DRAFT_mRNA559959	PF03357.27	Partial	None
gene-F5B20DRAFT_384608	rna-gnl|WGS:JAJKKE|F5B20DRAFT_mRNA384608	PF00350.30	Partial	None
gene-F5B20DRAFT_559963	rna-gnl|WGS:JAJKKE|F5B20DRAFT_mRNA559963	PF00144.30	Partial	None
gene-F5B20DRAFT_384705	rna-gnl|WGS:JAJKKE|F5B20DRAFT_mRNA384705	PF19086.6	Partial	None
gene-F5B20DRAFT_585310	rna-gnl|WGS:JAJKKE|F5B20DRAFT_mRNA585310	PF24883.3,PF25053.1	Complete	None
gene-F5B20DRAFT_573487	rna-gnl|WGS:JAJKKE|F5B20DRAFT_mRNA573487		None	None
gene-F5B20DRAFT_384923	rna-gnl|WGS:JAJKKE|F5B20DRAFT_mRNA384923	PF00082.28,PF02225.28,PF06280.19	Complete	None
gene-F5B20DRAFT_384917	rna-gnl|WGS:JAJKKE|F5B20DRAFT_mRNA384917	PF03595.23	Partial	None
gene-F5B20DRAFT_573490	rna-gnl|WGS:JAJKKE|F5B20DRAFT_mRNA573490	PF07366.19	Partial	None
gene-F5B20DRAFT_385009	rna-gnl|WGS:JAJKKE|F5B20DRAFT_mRNA385009	PF00135.35,PF20434.6	Partial	None
gene-F5B20DRAFT_595103	rna-gnl|WGS:JAJKKE|F5B20DRAFT_mRNA595103	PF01565.29,PF08031.18	Complete	None
gene-F5B20DRAFT_573493	rna-gnl|WGS:JAJKKE|F5B20DRAFT_mRNA573493	PF00205.29,PF02775.27,PF02776.24	Complete	None
gene-F5B20DRAFT_385103	rna-gnl|WGS:JAJKKE|F5B20DRAFT_mRNA385103	PF08613.17	Partial	None
gene-F5B20DRAFT_560005	rna-gnl|WGS:JAJKKE|F5B20DRAFT_mRNA560005	PF00557.30,PF05195.23	Partial	None
gene-F5B20DRAFT_560007	rna-gnl|WGS:JAJKKE|F5B20DRAFT_mRNA560007		None	None
gene-F5B20DRAFT_385380	rna-gnl|WGS:JAJKKE|F5B20DRAFT_mRNA385380		None	None
gene-F5B20DRAFT_573496	rna-gnl|WGS:JAJKKE|F5B20DRAFT_mRNA573496	PF03370.19	Complete	None
gene-F5B20DRAFT_585323	rna-gnl|WGS:JAJKKE|F5B20DRAFT_mRNA585323		None	None
gene-F5B20DRAFT_595107	rna-gnl|WGS:JAJKKE|F5B20DRAFT_mRNA595107	PF00450.29	Partial	None
gene-F5B20DRAFT_573498	rna-gnl|WGS:JAJKKE|F5B20DRAFT_mRNA573498	PF04185.20	Partial	None
gene-F5B20DRAFT_385594	rna-gnl|WGS:JAJKKE|F5B20DRAFT_mRNA385594	PF01988.25	Partial	None
gene-F5B20DRAFT_595109	rna-gnl|WGS:JAJKKE|F5B20DRAFT_mRNA595109		None	None
gene-F5B20DRAFT_560050	rna-gnl|WGS:JAJKKE|F5B20DRAFT_mRNA560050		None	None
gene-F5B20DRAFT_560053	rna-gnl|WGS:JAJKKE|F5B20DRAFT_mRNA560053	PF20150.5	Partial	None
gene-F5B20DRAFT_585329	rna-gnl|WGS:JAJKKE|F5B20DRAFT_mRNA585329		None	None
gene-F5B20DRAFT_585330	rna-gnl|WGS:JAJKKE|F5B20DRAFT_mRNA585330	PF20238.5	Partial	None
gene-F5B20DRAFT_385709	rna-gnl|WGS:JAJKKE|F5B20DRAFT_mRNA385709	PF01794.26,PF08022.19,PF08030.18	Complete	None
gene-F5B20DRAFT_595121	rna-gnl|WGS:JAJKKE|F5B20DRAFT_mRNA595121	PF00201.25,PF03033.27,PF06722.19	Complete	None
gene-F5B20DRAFT_595123	rna-gnl|WGS:JAJKKE|F5B20DRAFT_mRNA595123	PF00083.31,PF07690.22	Partial	None
gene-F5B20DRAFT_385773	rna-gnl|WGS:JAJKKE|F5B20DRAFT_mRNA385773		None	None
gene-F5B20DRAFT_585335	rna-gnl|WGS:JAJKKE|F5B20DRAFT_mRNA585335	PF14295.13	Complete	None
gene-F5B20DRAFT_385803	rna-gnl|WGS:JAJKKE|F5B20DRAFT_mRNA385803	PF10282.16	Partial	None
gene-F5B20DRAFT_560077	rna-gnl|WGS:JAJKKE|F5B20DRAFT_mRNA560077	PF00307.37	Partial	None
gene-F5B20DRAFT_386330	rna-gnl|WGS:JAJKKE|F5B20DRAFT_mRNA386330	PF05071.22	Partial	None
gene-F5B20DRAFT_560082	rna-gnl|WGS:JAJKKE|F5B20DRAFT_mRNA560082		None	None
gene-F5B20DRAFT_585340	rna-gnl|WGS:JAJKKE|F5B20DRAFT_mRNA585340	PF00081.28,PF02777.24	Partial	None
gene-F5B20DRAFT_385904	rna-gnl|WGS:JAJKKE|F5B20DRAFT_mRNA385904		None	None
gene-F5B20DRAFT_385907	rna-gnl|WGS:JAJKKE|F5B20DRAFT_mRNA385907		None	None
gene-F5B20DRAFT_585343	rna-gnl|WGS:JAJKKE|F5B20DRAFT_mRNA585343	PF00005.34,PF01061.30,PF19055.7	Partial	None
gene-F5B20DRAFT_386459	rna-gnl|WGS:JAJKKE|F5B20DRAFT_mRNA386459	PF00172.24	Partial	None
gene-F5B20DRAFT_573507	rna-gnl|WGS:JAJKKE|F5B20DRAFT_mRNA573507	PF00067.28	Partial	None
gene-F5B20DRAFT_386706	rna-gnl|WGS:JAJKKE|F5B20DRAFT_mRNA386706	PF00648.28	Partial	None
gene-F5B20DRAFT_560143	rna-gnl|WGS:JAJKKE|F5B20DRAFT_mRNA560143	PF03824.23	Partial	None
gene-F5B20DRAFT_560147	rna-gnl|WGS:JAJKKE|F5B20DRAFT_mRNA560147		None	None
gene-F5B20DRAFT_387400	rna-gnl|WGS:JAJKKE|F5B20DRAFT_mRNA387400	PF00172.24	Partial	None
gene-F5B20DRAFT_595127	rna-gnl|WGS:JAJKKE|F5B20DRAFT_mRNA595127	PF00172.24,PF04082.24	Partial	None
gene-F5B20DRAFT_573511	rna-gnl|WGS:JAJKKE|F5B20DRAFT_mRNA573511	PF07690.22	Partial	None
gene-F5B20DRAFT_595135	rna-gnl|WGS:JAJKKE|F5B20DRAFT_mRNA595135	PF01425.27	Partial	None
gene-F5B20DRAFT_573513	rna-gnl|WGS:JAJKKE|F5B20DRAFT_mRNA573513	PF00172.24,PF04082.24	Partial	None
gene-F5B20DRAFT_387597	rna-gnl|WGS:JAJKKE|F5B20DRAFT_mRNA387597	PF05183.18	Partial	None
gene-F5B20DRAFT_585353	rna-gnl|WGS:JAJKKE|F5B20DRAFT_mRNA585353		None	None
gene-F5B20DRAFT_585354	rna-gnl|WGS:JAJKKE|F5B20DRAFT_mRNA585354	PF00248.28	Partial	None
gene-F5B20DRAFT_387701	rna-gnl|WGS:JAJKKE|F5B20DRAFT_mRNA387701	PF10601.15	Partial	None
gene-F5B20DRAFT_585356	rna-gnl|WGS:JAJKKE|F5B20DRAFT_mRNA585356	PF00728.29,PF02838.21	Partial	None
gene-F5B20DRAFT_387791	rna-gnl|WGS:JAJKKE|F5B20DRAFT_mRNA387791	PF01163.29	Partial	None
gene-F5B20DRAFT_585358	rna-gnl|WGS:JAJKKE|F5B20DRAFT_mRNA585358		None	None
gene-F5B20DRAFT_560218	rna-gnl|WGS:JAJKKE|F5B20DRAFT_mRNA560218	PF04880.19	Partial	None
gene-F5B20DRAFT_388116	rna-gnl|WGS:JAJKKE|F5B20DRAFT_mRNA388116		None	None
gene-F5B20DRAFT_585360	rna-gnl|WGS:JAJKKE|F5B20DRAFT_mRNA585360	PF00289.29,PF00364.29,PF01039.28,PF02785.26,PF02786.23,PF08326.18,PF21385.3	Complete	None
gene-F5B20DRAFT_560229	rna-gnl|WGS:JAJKKE|F5B20DRAFT_mRNA560229		None	None
gene-F5B20DRAFT_585362	rna-gnl|WGS:JAJKKE|F5B20DRAFT_mRNA585362	PF01722.24	Partial	None
gene-F5B20DRAFT_585363	rna-gnl|WGS:JAJKKE|F5B20DRAFT_mRNA585363		None	None
gene-F5B20DRAFT_388285	rna-gnl|WGS:JAJKKE|F5B20DRAFT_mRNA388285	PF00150.25	Partial	None
gene-F5B20DRAFT_388271	rna-gnl|WGS:JAJKKE|F5B20DRAFT_mRNA388271	PF02157.22,PF09451.17	Partial	None
gene-F5B20DRAFT_388312	rna-gnl|WGS:JAJKKE|F5B20DRAFT_mRNA388312	PF01222.23,PF06966.18	Partial	None
gene-F5B20DRAFT_560241	rna-gnl|WGS:JAJKKE|F5B20DRAFT_mRNA560241	PF00004.36	Complete	None
gene-F5B20DRAFT_560244	rna-gnl|WGS:JAJKKE|F5B20DRAFT_mRNA560244	PF08568.17	Partial	None
gene-F5B20DRAFT_585369	rna-gnl|WGS:JAJKKE|F5B20DRAFT_mRNA585369	PF01814.29	Partial	None
gene-F5B20DRAFT_560246	rna-gnl|WGS:JAJKKE|F5B20DRAFT_mRNA560246		None	None
gene-F5B20DRAFT_560247	rna-gnl|WGS:JAJKKE|F5B20DRAFT_mRNA560247	PF00933.28,PF01915.28,PF14310.13	Complete	None
gene-F5B20DRAFT_560249	rna-gnl|WGS:JAJKKE|F5B20DRAFT_mRNA560249		None	None
gene-F5B20DRAFT_573526	rna-gnl|WGS:JAJKKE|F5B20DRAFT_mRNA573526	PF00067.28	Partial	None
gene-F5B20DRAFT_388521	rna-gnl|WGS:JAJKKE|F5B20DRAFT_mRNA388521		None	None
gene-F5B20DRAFT_573527	rna-gnl|WGS:JAJKKE|F5B20DRAFT_mRNA573527	PF20684.4	Partial	None
gene-F5B20DRAFT_573528	rna-gnl|WGS:JAJKKE|F5B20DRAFT_mRNA573528	PF07690.22	Partial	None
gene-F5B20DRAFT_388541	rna-gnl|WGS:JAJKKE|F5B20DRAFT_mRNA388541		None	None
gene-F5B20DRAFT_560266	rna-gnl|WGS:JAJKKE|F5B20DRAFT_mRNA560266	PF12906.14,PF23113.2,PF25417.2	Complete	None
gene-F5B20DRAFT_560268	rna-gnl|WGS:JAJKKE|F5B20DRAFT_mRNA560268	PF07690.22	Partial	None
gene-F5B20DRAFT_388669	rna-gnl|WGS:JAJKKE|F5B20DRAFT_mRNA388669		None	None
gene-F5B20DRAFT_388674	rna-gnl|WGS:JAJKKE|F5B20DRAFT_mRNA388674	PF01557.24	Partial	None
gene-F5B20DRAFT_388816	rna-gnl|WGS:JAJKKE|F5B20DRAFT_mRNA388816	PF00083.31,PF07690.22	Partial	None
gene-F5B20DRAFT_388775	rna-gnl|WGS:JAJKKE|F5B20DRAFT_mRNA388775	PF00083.31,PF07690.22	Partial	None
gene-F5B20DRAFT_388840	rna-gnl|WGS:JAJKKE|F5B20DRAFT_mRNA388840	PF01494.26	Partial	None
gene-F5B20DRAFT_585386	rna-gnl|WGS:JAJKKE|F5B20DRAFT_mRNA585386		None	None
gene-F5B20DRAFT_560305	rna-gnl|WGS:JAJKKE|F5B20DRAFT_mRNA560305		None	None
gene-F5B20DRAFT_388954	rna-gnl|WGS:JAJKKE|F5B20DRAFT_mRNA388954	PF00082.28,PF05922.22	Partial	None
gene-F5B20DRAFT_389005	rna-gnl|WGS:JAJKKE|F5B20DRAFT_mRNA389005		None	None
gene-F5B20DRAFT_560316	rna-gnl|WGS:JAJKKE|F5B20DRAFT_mRNA560316	PF00121.25	Partial	None
gene-F5B20DRAFT_560318	rna-gnl|WGS:JAJKKE|F5B20DRAFT_mRNA560318	PF05047.23	Partial	None
gene-F5B20DRAFT_585396	rna-gnl|WGS:JAJKKE|F5B20DRAFT_mRNA585396	PF00466.26,PF17777.7	Partial	None
gene-F5B20DRAFT_389184	rna-gnl|WGS:JAJKKE|F5B20DRAFT_mRNA389184		None	None
gene-F5B20DRAFT_573540	rna-gnl|WGS:JAJKKE|F5B20DRAFT_mRNA573540	PF00076.29,PF12220.15	Partial	None
gene-F5B20DRAFT_573541	rna-gnl|WGS:JAJKKE|F5B20DRAFT_mRNA573541		None	None
gene-F5B20DRAFT_389223	rna-gnl|WGS:JAJKKE|F5B20DRAFT_mRNA389223	PF10487.16,PF18378.8,PF21093.4,PF21094.4	Complete	None
gene-F5B20DRAFT_595178	rna-gnl|WGS:JAJKKE|F5B20DRAFT_mRNA595178	PF00117.35,PF00218.29,PF00697.29	Complete	None
gene-F5B20DRAFT_560328	rna-gnl|WGS:JAJKKE|F5B20DRAFT_mRNA560328	PF13926.12	Complete	None
gene-F5B20DRAFT_560335	rna-gnl|WGS:JAJKKE|F5B20DRAFT_mRNA560335	PF00638.25	Partial	None
gene-F5B20DRAFT_573546	rna-gnl|WGS:JAJKKE|F5B20DRAFT_mRNA573546		None	None
gene-F5B20DRAFT_389418	rna-gnl|WGS:JAJKKE|F5B20DRAFT_mRNA389418	PF02114.23	Partial	None
gene-F5B20DRAFT_560343	rna-gnl|WGS:JAJKKE|F5B20DRAFT_mRNA560343		None	None
gene-F5B20DRAFT_389452	rna-gnl|WGS:JAJKKE|F5B20DRAFT_mRNA389452	PF00400.39,PF00400.39,PF00400.39,PF00400.39,PF00400.39,PF00400.39,PF00400.39,PF25391.2	Complete	None
gene-F5B20DRAFT_560357	rna-gnl|WGS:JAJKKE|F5B20DRAFT_mRNA560357	PF00962.29	Partial	None
gene-F5B20DRAFT_560361	rna-gnl|WGS:JAJKKE|F5B20DRAFT_mRNA560361	PF00501.35,PF13193.13,PF16177.12	Complete	None
gene-F5B20DRAFT_389684	rna-gnl|WGS:JAJKKE|F5B20DRAFT_mRNA389684	PF00155.28	Partial	None
gene-F5B20DRAFT_389733	rna-gnl|WGS:JAJKKE|F5B20DRAFT_mRNA389733	PF00536.38,PF00788.30,PF07647.25	Complete	None
gene-F5B20DRAFT_560370	rna-gnl|WGS:JAJKKE|F5B20DRAFT_mRNA560370	PF00083.31,PF07690.22	Partial	None
gene-F5B20DRAFT_560375	rna-gnl|WGS:JAJKKE|F5B20DRAFT_mRNA560375	PF03366.23,PF20305.5	Partial	None
gene-F5B20DRAFT_573555	rna-gnl|WGS:JAJKKE|F5B20DRAFT_mRNA573555	PF00172.24	Complete	None
gene-F5B20DRAFT_560383	rna-gnl|WGS:JAJKKE|F5B20DRAFT_mRNA560383		None	None
gene-F5B20DRAFT_560396	rna-gnl|WGS:JAJKKE|F5B20DRAFT_mRNA560396	PF00331.27	Partial	None
gene-F5B20DRAFT_390155	rna-gnl|WGS:JAJKKE|F5B20DRAFT_mRNA390155	PF08613.17	Partial	None
gene-F5B20DRAFT_560425	rna-gnl|WGS:JAJKKE|F5B20DRAFT_mRNA560425	PF01793.24	Partial	None
gene-F5B20DRAFT_560429	rna-gnl|WGS:JAJKKE|F5B20DRAFT_mRNA560429	PF22807.3	Partial	None
gene-F5B20DRAFT_390593	rna-gnl|WGS:JAJKKE|F5B20DRAFT_mRNA390593	PF15377.12	Partial	None
gene-F5B20DRAFT_390584	rna-gnl|WGS:JAJKKE|F5B20DRAFT_mRNA390584	PF12271.15	Partial	None
gene-F5B20DRAFT_560439	rna-gnl|WGS:JAJKKE|F5B20DRAFT_mRNA560439		None	None
gene-F5B20DRAFT_585424	rna-gnl|WGS:JAJKKE|F5B20DRAFT_mRNA585424		None	None
gene-F5B20DRAFT_585428	rna-gnl|WGS:JAJKKE|F5B20DRAFT_mRNA585428		None	None
gene-F5B20DRAFT_560448	rna-gnl|WGS:JAJKKE|F5B20DRAFT_mRNA560448	PF00097.32,PF00176.30,PF13445.13,PF13639.13,PF13920.13,PF13923.13,PF26021.1	Complete	None
gene-F5B20DRAFT_585430	rna-gnl|WGS:JAJKKE|F5B20DRAFT_mRNA585430	PF09597.19	Partial	None
gene-F5B20DRAFT_573562	rna-gnl|WGS:JAJKKE|F5B20DRAFT_mRNA573562	PF00069.32,PF07714.24	Partial	None
gene-F5B20DRAFT_560451	rna-gnl|WGS:JAJKKE|F5B20DRAFT_mRNA560451	PF10277.16	Partial	None
gene-F5B20DRAFT_390965	rna-gnl|WGS:JAJKKE|F5B20DRAFT_mRNA390965	PF12757.13	Complete	None
gene-F5B20DRAFT_560456	rna-gnl|WGS:JAJKKE|F5B20DRAFT_mRNA560456		None	None
gene-F5B20DRAFT_585435	rna-gnl|WGS:JAJKKE|F5B20DRAFT_mRNA585435	PF13350.12,PF13350.12	Partial	None
gene-F5B20DRAFT_390999	rna-gnl|WGS:JAJKKE|F5B20DRAFT_mRNA390999	PF01209.25,PF08241.19,PF08242.19,PF13489.13,PF13649.13,PF13847.13	Partial	None
gene-F5B20DRAFT_560460	rna-gnl|WGS:JAJKKE|F5B20DRAFT_mRNA560460	PF01965.31	Partial	None
gene-F5B20DRAFT_391160	rna-gnl|WGS:JAJKKE|F5B20DRAFT_mRNA391160	PF03364.26,PF03364.26	Partial	None
gene-F5B20DRAFT_391159	rna-gnl|WGS:JAJKKE|F5B20DRAFT_mRNA391159	PF22893.3	Complete	None
gene-F5B20DRAFT_391220	rna-gnl|WGS:JAJKKE|F5B20DRAFT_mRNA391220	PF22890.2	Partial	None
gene-F5B20DRAFT_560475	rna-gnl|WGS:JAJKKE|F5B20DRAFT_mRNA560475	PF01602.27	Partial	None
gene-F5B20DRAFT_391242	rna-gnl|WGS:JAJKKE|F5B20DRAFT_mRNA391242	PF00610.28,PF00611.29,PF00620.33	Complete	None
gene-F5B20DRAFT_391250	rna-gnl|WGS:JAJKKE|F5B20DRAFT_mRNA391250	PF01244.29	Partial	None
gene-F5B20DRAFT_391238	rna-gnl|WGS:JAJKKE|F5B20DRAFT_mRNA391238	PF00416.28	Partial	None
gene-F5B20DRAFT_560486	rna-gnl|WGS:JAJKKE|F5B20DRAFT_mRNA560486	PF00160.27	Partial	None
gene-F5B20DRAFT_560490	rna-gnl|WGS:JAJKKE|F5B20DRAFT_mRNA560490	PF03966.23	Partial	None
gene-F5B20DRAFT_585445	rna-gnl|WGS:JAJKKE|F5B20DRAFT_mRNA585445	PF20520.4,PF27676.2	Complete	None
gene-F5B20DRAFT_595226	rna-gnl|WGS:JAJKKE|F5B20DRAFT_mRNA595226	PF09805.15	Partial	None
gene-F5B20DRAFT_391435	rna-gnl|WGS:JAJKKE|F5B20DRAFT_mRNA391435	PF00261.26,PF00261.26	Partial	None
gene-F5B20DRAFT_560499	rna-gnl|WGS:JAJKKE|F5B20DRAFT_mRNA560499		None	None
gene-F5B20DRAFT_560505	rna-gnl|WGS:JAJKKE|F5B20DRAFT_mRNA560505	PF00856.34,PF11764.14,PF11767.15	Complete	None
gene-F5B20DRAFT_560511	rna-gnl|WGS:JAJKKE|F5B20DRAFT_mRNA560511	PF04900.19,PF18477.8	Partial	None
gene-F5B20DRAFT_585451	rna-gnl|WGS:JAJKKE|F5B20DRAFT_mRNA585451	PF28230.1	Complete	None
gene-F5B20DRAFT_391513	rna-gnl|WGS:JAJKKE|F5B20DRAFT_mRNA391513	PF00005.34,PF00005.34,PF00664.29,PF00664.29	Complete	None
gene-F5B20DRAFT_560520	rna-gnl|WGS:JAJKKE|F5B20DRAFT_mRNA560520	PF27809.1	Partial	None
gene-F5B20DRAFT_585454	rna-gnl|WGS:JAJKKE|F5B20DRAFT_mRNA585454	PF00270.36,PF00271.38	Complete	None
gene-F5B20DRAFT_560525	rna-gnl|WGS:JAJKKE|F5B20DRAFT_mRNA560525	PF00227.32	Partial	None
gene-F5B20DRAFT_560526	rna-gnl|WGS:JAJKKE|F5B20DRAFT_mRNA560526	PF00400.39,PF00400.39,PF00400.39,PF00400.39	Complete	None
gene-F5B20DRAFT_560528	rna-gnl|WGS:JAJKKE|F5B20DRAFT_mRNA560528	PF00122.26,PF00690.32,PF12409.14	Complete	None
gene-F5B20DRAFT_560529	rna-gnl|WGS:JAJKKE|F5B20DRAFT_mRNA560529	PF00956.24	Partial	None
gene-F5B20DRAFT_560532	rna-gnl|WGS:JAJKKE|F5B20DRAFT_mRNA560532	PF00389.37,PF02826.26,PF03446.22	Partial	None
gene-F5B20DRAFT_560537	rna-gnl|WGS:JAJKKE|F5B20DRAFT_mRNA560537	PF00063.28,PF00612.34,PF00612.34,PF01843.26	Complete	None
gene-F5B20DRAFT_560538	rna-gnl|WGS:JAJKKE|F5B20DRAFT_mRNA560538	PF00004.36,PF13207.13,PF13238.13	Partial	None
gene-F5B20DRAFT_585462	rna-gnl|WGS:JAJKKE|F5B20DRAFT_mRNA585462	PF01725.22	Partial	None
gene-F5B20DRAFT_585463	rna-gnl|WGS:JAJKKE|F5B20DRAFT_mRNA585463	PF07910.20	Partial	None
gene-F5B20DRAFT_573582	rna-gnl|WGS:JAJKKE|F5B20DRAFT_mRNA573582	PF00071.29,PF00587.31,PF02403.28,PF08477.20	Complete	None
gene-F5B20DRAFT_392282	rna-gnl|WGS:JAJKKE|F5B20DRAFT_mRNA392282	PF07814.19	Partial	None
gene-F5B20DRAFT_585467	rna-gnl|WGS:JAJKKE|F5B20DRAFT_mRNA585467	PF14681.13	Partial	None
gene-F5B20DRAFT_585468	rna-gnl|WGS:JAJKKE|F5B20DRAFT_mRNA585468	PF05129.19	Partial	None
gene-F5B20DRAFT_595234	rna-gnl|WGS:JAJKKE|F5B20DRAFT_mRNA595234	PF00925.26,PF12471.14	Complete	None
gene-F5B20DRAFT_585470	rna-gnl|WGS:JAJKKE|F5B20DRAFT_mRNA585470		None	None
gene-F5B20DRAFT_585471	rna-gnl|WGS:JAJKKE|F5B20DRAFT_mRNA585471	PF01015.24	Partial	None
gene-F5B20DRAFT_393293	rna-gnl|WGS:JAJKKE|F5B20DRAFT_mRNA393293	PF00009.34,PF00025.28,PF00071.29,PF08477.20	Partial	None
gene-F5B20DRAFT_595241	rna-gnl|WGS:JAJKKE|F5B20DRAFT_mRNA595241	PF00561.27,PF12146.16,PF12697.14	Partial	None
gene-F5B20DRAFT_393444	rna-gnl|WGS:JAJKKE|F5B20DRAFT_mRNA393444	PF00454.34,PF02259.30,PF02260.26,PF20175.4,PF20206.5	Complete	None
gene-F5B20DRAFT_393527	rna-gnl|WGS:JAJKKE|F5B20DRAFT_mRNA393527	PF06094.18	Partial	None
gene-F5B20DRAFT_393562	rna-gnl|WGS:JAJKKE|F5B20DRAFT_mRNA393562	PF30553.1	Complete	None
gene-F5B20DRAFT_560615	rna-gnl|WGS:JAJKKE|F5B20DRAFT_mRNA560615	PF09751.15	Partial	None
gene-F5B20DRAFT_560617	rna-gnl|WGS:JAJKKE|F5B20DRAFT_mRNA560617	PF00443.36,PF02148.26	Partial	None
gene-F5B20DRAFT_560618	rna-gnl|WGS:JAJKKE|F5B20DRAFT_mRNA560618	PF01209.25,PF02353.27,PF03848.21,PF05175.21,PF08241.19,PF08242.19,PF13489.13,PF13649.13,PF13847.13	Partial	None
gene-F5B20DRAFT_393645	rna-gnl|WGS:JAJKKE|F5B20DRAFT_mRNA393645	PF00069.32,PF07714.24	Partial	None
gene-F5B20DRAFT_393647	rna-gnl|WGS:JAJKKE|F5B20DRAFT_mRNA393647		None	None
gene-F5B20DRAFT_560638	rna-gnl|WGS:JAJKKE|F5B20DRAFT_mRNA560638		None	None
gene-F5B20DRAFT_393892	rna-gnl|WGS:JAJKKE|F5B20DRAFT_mRNA393892		None	None
gene-F5B20DRAFT_560644	rna-gnl|WGS:JAJKKE|F5B20DRAFT_mRNA560644	PF04739.21,PF16561.12	Complete	None
gene-F5B20DRAFT_560649	rna-gnl|WGS:JAJKKE|F5B20DRAFT_mRNA560649	PF00814.32	Partial	None
gene-F5B20DRAFT_393931	rna-gnl|WGS:JAJKKE|F5B20DRAFT_mRNA393931	PF10513.15	Partial	None
gene-F5B20DRAFT_560654	rna-gnl|WGS:JAJKKE|F5B20DRAFT_mRNA560654	PF00036.39,PF13202.13,PF13202.13,PF13202.13,PF13405.13,PF13405.13,PF13499.13,PF13499.13,PF13833.13,PF13833.13	Complete	None
gene-F5B20DRAFT_394011	rna-gnl|WGS:JAJKKE|F5B20DRAFT_mRNA394011		None	None
gene-F5B20DRAFT_394210	rna-gnl|WGS:JAJKKE|F5B20DRAFT_mRNA394210		None	None
gene-F5B20DRAFT_394278	rna-gnl|WGS:JAJKKE|F5B20DRAFT_mRNA394278	PF00380.26	Partial	None
gene-F5B20DRAFT_560701	rna-gnl|WGS:JAJKKE|F5B20DRAFT_mRNA560701	PF00043.31,PF00647.25,PF02798.27,PF13409.13,PF13410.12,PF13417.13,PF14497.12	Complete	None
gene-F5B20DRAFT_595249	rna-gnl|WGS:JAJKKE|F5B20DRAFT_mRNA595249	PF01209.25,PF05175.21,PF08241.19,PF08242.19,PF13489.13,PF13649.13,PF13847.13	Partial	None
gene-F5B20DRAFT_560705	rna-gnl|WGS:JAJKKE|F5B20DRAFT_mRNA560705	PF03358.21	Partial	None
gene-F5B20DRAFT_560708	rna-gnl|WGS:JAJKKE|F5B20DRAFT_mRNA560708	PF03378.22,PF03810.26,PF08506.17	Partial	None
gene-F5B20DRAFT_394667	rna-gnl|WGS:JAJKKE|F5B20DRAFT_mRNA394667	PF02145.22,PF03542.22,PF11864.14,PF11864.14	Complete	None
gene-F5B20DRAFT_394485	rna-gnl|WGS:JAJKKE|F5B20DRAFT_mRNA394485		None	None
gene-F5B20DRAFT_394650	rna-gnl|WGS:JAJKKE|F5B20DRAFT_mRNA394650	PF00583.32,PF13508.14	Complete	None
gene-F5B20DRAFT_394962	rna-gnl|WGS:JAJKKE|F5B20DRAFT_mRNA394962	PF07778.17,PF28685.1	Complete	None
gene-F5B20DRAFT_395015	rna-gnl|WGS:JAJKKE|F5B20DRAFT_mRNA395015	PF00005.34	Partial	None
gene-F5B20DRAFT_560787	rna-gnl|WGS:JAJKKE|F5B20DRAFT_mRNA560787	PF27522.2	Partial	None
gene-F5B20DRAFT_595252	rna-gnl|WGS:JAJKKE|F5B20DRAFT_mRNA595252	PF00483.30	Partial	None
gene-F5B20DRAFT_595254	rna-gnl|WGS:JAJKKE|F5B20DRAFT_mRNA595254	PF04142.22	Partial	None
gene-F5B20DRAFT_560794	rna-gnl|WGS:JAJKKE|F5B20DRAFT_mRNA560794		None	None
gene-F5B20DRAFT_395056	rna-gnl|WGS:JAJKKE|F5B20DRAFT_mRNA395056	PF04502.19	Partial	None
gene-F5B20DRAFT_395065	rna-gnl|WGS:JAJKKE|F5B20DRAFT_mRNA395065	PF04130.19,PF14609.12,PF17681.7,PF20685.3	Complete	None
gene-F5B20DRAFT_395072	rna-gnl|WGS:JAJKKE|F5B20DRAFT_mRNA395072	PF01793.24	Partial	None
gene-F5B20DRAFT_395075	rna-gnl|WGS:JAJKKE|F5B20DRAFT_mRNA395075	PF00400.39,PF00400.39,PF00400.39,PF00400.39	Complete	None
gene-F5B20DRAFT_560800	rna-gnl|WGS:JAJKKE|F5B20DRAFT_mRNA560800	PF08634.17	Partial	None
gene-F5B20DRAFT_560802	rna-gnl|WGS:JAJKKE|F5B20DRAFT_mRNA560802	PF00106.32,PF08659.17,PF13561.13	Partial	None
gene-F5B20DRAFT_560804	rna-gnl|WGS:JAJKKE|F5B20DRAFT_mRNA560804	PF00069.32,PF00069.32,PF00069.32,PF05773.28,PF07714.24,PF07714.24,PF07714.24,PF12745.13,PF13393.12	Complete	None
gene-F5B20DRAFT_585509	rna-gnl|WGS:JAJKKE|F5B20DRAFT_mRNA585509	PF01730.22	Partial	None
gene-F5B20DRAFT_585510	rna-gnl|WGS:JAJKKE|F5B20DRAFT_mRNA585510	PF00076.29,PF16131.12	Complete	None
gene-F5B20DRAFT_395148	rna-gnl|WGS:JAJKKE|F5B20DRAFT_mRNA395148	PF00441.30,PF02770.25,PF02771.22,PF08028.17	Complete	None
gene-F5B20DRAFT_395347	rna-gnl|WGS:JAJKKE|F5B20DRAFT_mRNA395347	PF05032.18	Complete	None
gene-F5B20DRAFT_560813	rna-gnl|WGS:JAJKKE|F5B20DRAFT_mRNA560813	PF01926.30,PF02421.25,PF02824.28,PF16897.11	Complete	None
gene-F5B20DRAFT_585514	rna-gnl|WGS:JAJKKE|F5B20DRAFT_mRNA585514		None	None
gene-F5B20DRAFT_585515	rna-gnl|WGS:JAJKKE|F5B20DRAFT_mRNA585515	PF00083.31,PF07690.22	Partial	None
gene-F5B20DRAFT_395395	rna-gnl|WGS:JAJKKE|F5B20DRAFT_mRNA395395	PF00583.32	Partial	None
gene-F5B20DRAFT_595258	rna-gnl|WGS:JAJKKE|F5B20DRAFT_mRNA595258	PF00732.26,PF05199.20	Complete	None
gene-F5B20DRAFT_573614	rna-gnl|WGS:JAJKKE|F5B20DRAFT_mRNA573614	PF00107.33,PF08240.18	Partial	None
gene-F5B20DRAFT_395436	rna-gnl|WGS:JAJKKE|F5B20DRAFT_mRNA395436		None	None
gene-F5B20DRAFT_573616	rna-gnl|WGS:JAJKKE|F5B20DRAFT_mRNA573616	PF00067.28	Partial	None
gene-F5B20DRAFT_560831	rna-gnl|WGS:JAJKKE|F5B20DRAFT_mRNA560831		None	None
gene-F5B20DRAFT_595266	rna-gnl|WGS:JAJKKE|F5B20DRAFT_mRNA595266	PF00083.31,PF07690.22	Partial	None
gene-F5B20DRAFT_395468	rna-gnl|WGS:JAJKKE|F5B20DRAFT_mRNA395468	PF00107.33	Partial	None
gene-F5B20DRAFT_395515	rna-gnl|WGS:JAJKKE|F5B20DRAFT_mRNA395515	PF01135.26,PF01596.24,PF08241.19,PF13578.13,PF13649.13,PF13847.13	Partial	None
gene-F5B20DRAFT_595274	rna-gnl|WGS:JAJKKE|F5B20DRAFT_mRNA595274	PF00501.35,PF00501.35,PF00550.32,PF00668.26,PF00668.26,PF00668.26,PF13193.13	Complete	None
gene-F5B20DRAFT_595280	rna-gnl|WGS:JAJKKE|F5B20DRAFT_mRNA595280		None	None
gene-F5B20DRAFT_395638	rna-gnl|WGS:JAJKKE|F5B20DRAFT_mRNA395638		None	None
gene-F5B20DRAFT_560861	rna-gnl|WGS:JAJKKE|F5B20DRAFT_mRNA560861		None	None
gene-F5B20DRAFT_560864	rna-gnl|WGS:JAJKKE|F5B20DRAFT_mRNA560864	PF00004.36,PF22942.2,PF23232.2	Complete	None
gene-F5B20DRAFT_585531	rna-gnl|WGS:JAJKKE|F5B20DRAFT_mRNA585531		None	None
gene-F5B20DRAFT_395904	rna-gnl|WGS:JAJKKE|F5B20DRAFT_mRNA395904	PF01388.28	Complete	None
gene-F5B20DRAFT_395979	rna-gnl|WGS:JAJKKE|F5B20DRAFT_mRNA395979		None	None
gene-F5B20DRAFT_595292	rna-gnl|WGS:JAJKKE|F5B20DRAFT_mRNA595292	PF01878.25	Partial	None
gene-F5B20DRAFT_560872	rna-gnl|WGS:JAJKKE|F5B20DRAFT_mRNA560872	PF08640.18	Partial	None
gene-F5B20DRAFT_560877	rna-gnl|WGS:JAJKKE|F5B20DRAFT_mRNA560877	PF10277.16,PF23021.4,PF23022.4,PF23226.2	Complete	None
gene-F5B20DRAFT_560879	rna-gnl|WGS:JAJKKE|F5B20DRAFT_mRNA560879	PF03663.21	Partial	None
gene-F5B20DRAFT_585537	rna-gnl|WGS:JAJKKE|F5B20DRAFT_mRNA585537	PF12505.15	Partial	None
gene-F5B20DRAFT_560882	rna-gnl|WGS:JAJKKE|F5B20DRAFT_mRNA560882		None	None
gene-F5B20DRAFT_560885	rna-gnl|WGS:JAJKKE|F5B20DRAFT_mRNA560885	PF01253.28	Partial	None
gene-F5B20DRAFT_595294	rna-gnl|WGS:JAJKKE|F5B20DRAFT_mRNA595294	PF05057.22	Partial	None
gene-F5B20DRAFT_585541	rna-gnl|WGS:JAJKKE|F5B20DRAFT_mRNA585541		None	None
gene-F5B20DRAFT_595296	rna-gnl|WGS:JAJKKE|F5B20DRAFT_mRNA595296		None	None
gene-F5B20DRAFT_t90	gene-F5B20DRAFT_t90		None	None
gene-F5B20DRAFT_560894	rna-gnl|WGS:JAJKKE|F5B20DRAFT_mRNA560894	PF00067.28	Partial	None
gene-F5B20DRAFT_585545	rna-gnl|WGS:JAJKKE|F5B20DRAFT_mRNA585545	PF13095.13	Partial	None
gene-F5B20DRAFT_560900	rna-gnl|WGS:JAJKKE|F5B20DRAFT_mRNA560900	PF13934.13	Partial	None
gene-F5B20DRAFT_396281	rna-gnl|WGS:JAJKKE|F5B20DRAFT_mRNA396281	PF02463.26,PF02463.26,PF06470.19	Complete	None
gene-F5B20DRAFT_560906	rna-gnl|WGS:JAJKKE|F5B20DRAFT_mRNA560906		None	None
gene-F5B20DRAFT_595299	rna-gnl|WGS:JAJKKE|F5B20DRAFT_mRNA595299		None	None
gene-F5B20DRAFT_560916	rna-gnl|WGS:JAJKKE|F5B20DRAFT_mRNA560916	PF01283.25	Partial	None
gene-F5B20DRAFT_396453	rna-gnl|WGS:JAJKKE|F5B20DRAFT_mRNA396453	PF00240.30,PF01599.27,PF11976.15,PF14560.13	Complete	None
gene-F5B20DRAFT_585554	rna-gnl|WGS:JAJKKE|F5B20DRAFT_mRNA585554		None	None
gene-F5B20DRAFT_560921	rna-gnl|WGS:JAJKKE|F5B20DRAFT_mRNA560921	PF00704.35	Partial	None
gene-F5B20DRAFT_595305	rna-gnl|WGS:JAJKKE|F5B20DRAFT_mRNA595305	PF01636.30	Partial	None
gene-F5B20DRAFT_595307	rna-gnl|WGS:JAJKKE|F5B20DRAFT_mRNA595307		None	None
gene-F5B20DRAFT_585558	rna-gnl|WGS:JAJKKE|F5B20DRAFT_mRNA585558	PF07250.18,PF09118.18	Complete	None
gene-F5B20DRAFT_560926	rna-gnl|WGS:JAJKKE|F5B20DRAFT_mRNA560926	PF12697.14	Partial	None
gene-F5B20DRAFT_585560	rna-gnl|WGS:JAJKKE|F5B20DRAFT_mRNA585560	PF04488.22	Partial	None
gene-F5B20DRAFT_585561	rna-gnl|WGS:JAJKKE|F5B20DRAFT_mRNA585561	PF00724.27	Partial	None
gene-F5B20DRAFT_573642	rna-gnl|WGS:JAJKKE|F5B20DRAFT_mRNA573642	PF00270.36,PF00271.38,PF04851.22,PF23002.3,PF26076.1	Complete	None
gene-F5B20DRAFT_560935	rna-gnl|WGS:JAJKKE|F5B20DRAFT_mRNA560935	PF00067.28	Partial	None
gene-F5B20DRAFT_560939	rna-gnl|WGS:JAJKKE|F5B20DRAFT_mRNA560939		None	None
gene-F5B20DRAFT_585565	rna-gnl|WGS:JAJKKE|F5B20DRAFT_mRNA585565		None	None
gene-F5B20DRAFT_560942	rna-gnl|WGS:JAJKKE|F5B20DRAFT_mRNA560942	PF01920.26	Partial	None
gene-F5B20DRAFT_560944	rna-gnl|WGS:JAJKKE|F5B20DRAFT_mRNA560944	PF00004.36,PF04212.25,PF09336.17,PF17862.8	Complete	None
gene-F5B20DRAFT_585569	rna-gnl|WGS:JAJKKE|F5B20DRAFT_mRNA585569	PF01798.24,PF08156.19	Partial	None
gene-F5B20DRAFT_396726	rna-gnl|WGS:JAJKKE|F5B20DRAFT_mRNA396726	PF01212.28	Partial	None
gene-F5B20DRAFT_560961	rna-gnl|WGS:JAJKKE|F5B20DRAFT_mRNA560961	PF01565.29,PF02913.25	Complete	None
gene-F5B20DRAFT_560968	rna-gnl|WGS:JAJKKE|F5B20DRAFT_mRNA560968	PF00111.33,PF03473.24,PF03475.20	Complete	None
gene-F5B20DRAFT_595315	rna-gnl|WGS:JAJKKE|F5B20DRAFT_mRNA595315	PF00072.31,PF00512.32,PF02518.32,PF13188.14,PF13188.14,PF13426.14,PF13426.14,PF13426.14	Complete	None
gene-F5B20DRAFT_595316	rna-gnl|WGS:JAJKKE|F5B20DRAFT_mRNA595316	PF20684.4	Partial	None
gene-F5B20DRAFT_585575	rna-gnl|WGS:JAJKKE|F5B20DRAFT_mRNA585575	PF05024.21	Partial	None
gene-F5B20DRAFT_396912	rna-gnl|WGS:JAJKKE|F5B20DRAFT_mRNA396912		None	None
gene-F5B20DRAFT_560989	rna-gnl|WGS:JAJKKE|F5B20DRAFT_mRNA560989	PF00570.29,PF01612.27,PF08066.18	Complete	None
gene-F5B20DRAFT_585578	rna-gnl|WGS:JAJKKE|F5B20DRAFT_mRNA585578		None	None
gene-F5B20DRAFT_585579	rna-gnl|WGS:JAJKKE|F5B20DRAFT_mRNA585579		None	None
gene-F5B20DRAFT_560992	rna-gnl|WGS:JAJKKE|F5B20DRAFT_mRNA560992		None	None
gene-F5B20DRAFT_560993	rna-gnl|WGS:JAJKKE|F5B20DRAFT_mRNA560993	PF01494.26,PF13450.13	Partial	None
gene-F5B20DRAFT_595323	rna-gnl|WGS:JAJKKE|F5B20DRAFT_mRNA595323		None	None
gene-F5B20DRAFT_585583	rna-gnl|WGS:JAJKKE|F5B20DRAFT_mRNA585583		None	None
gene-F5B20DRAFT_560998	rna-gnl|WGS:JAJKKE|F5B20DRAFT_mRNA560998	PF00797.24	Partial	None
gene-F5B20DRAFT_561000	rna-gnl|WGS:JAJKKE|F5B20DRAFT_mRNA561000	PF00637.27,PF23411.2,PF23411.2,PF23556.2	Complete	None
gene-F5B20DRAFT_585586	rna-gnl|WGS:JAJKKE|F5B20DRAFT_mRNA585586	PF12859.14,PF27562.1,PF29300.1	Complete	None
gene-F5B20DRAFT_585587	rna-gnl|WGS:JAJKKE|F5B20DRAFT_mRNA585587		None	None
gene-F5B20DRAFT_561006	rna-gnl|WGS:JAJKKE|F5B20DRAFT_mRNA561006	PF01522.27	Partial	None
gene-F5B20DRAFT_561008	rna-gnl|WGS:JAJKKE|F5B20DRAFT_mRNA561008		None	None
gene-F5B20DRAFT_397169	rna-gnl|WGS:JAJKKE|F5B20DRAFT_mRNA397169		None	None
gene-F5B20DRAFT_585590	rna-gnl|WGS:JAJKKE|F5B20DRAFT_mRNA585590		None	None
gene-F5B20DRAFT_561021	rna-gnl|WGS:JAJKKE|F5B20DRAFT_mRNA561021	PF01676.24,PF06415.19	Partial	None
gene-F5B20DRAFT_595338	rna-gnl|WGS:JAJKKE|F5B20DRAFT_mRNA595338	PF07544.19	Partial	None
gene-F5B20DRAFT_561026	rna-gnl|WGS:JAJKKE|F5B20DRAFT_mRNA561026	PF07986.18,PF16752.11	Complete	None
gene-F5B20DRAFT_585594	rna-gnl|WGS:JAJKKE|F5B20DRAFT_mRNA585594	PF17784.8	Partial	None
gene-F5B20DRAFT_595348	rna-gnl|WGS:JAJKKE|F5B20DRAFT_mRNA595348	PF00109.33,PF00550.32,PF00698.27,PF00975.27,PF02801.29,PF16073.11,PF21089.4,PF22621.3	Complete	None
gene-F5B20DRAFT_t91	gene-F5B20DRAFT_t91		None	None
gene-F5B20DRAFT_397331	rna-gnl|WGS:JAJKKE|F5B20DRAFT_mRNA397331	PF00107.33,PF08240.18	Partial	None
gene-F5B20DRAFT_397334	rna-gnl|WGS:JAJKKE|F5B20DRAFT_mRNA397334	PF00266.26	Partial	None
gene-F5B20DRAFT_585598	rna-gnl|WGS:JAJKKE|F5B20DRAFT_mRNA585598		None	None
gene-F5B20DRAFT_397355	rna-gnl|WGS:JAJKKE|F5B20DRAFT_mRNA397355	PF00891.25	Partial	None
gene-F5B20DRAFT_397398	rna-gnl|WGS:JAJKKE|F5B20DRAFT_mRNA397398		None	None
gene-F5B20DRAFT_561046	rna-gnl|WGS:JAJKKE|F5B20DRAFT_mRNA561046	PF02449.22,PF08532.17	Complete	None
gene-F5B20DRAFT_397438	rna-gnl|WGS:JAJKKE|F5B20DRAFT_mRNA397438	PF07690.22	Partial	None
gene-F5B20DRAFT_561048	rna-gnl|WGS:JAJKKE|F5B20DRAFT_mRNA561048	PF00172.24,PF11951.14	Partial	None
gene-F5B20DRAFT_561050	rna-gnl|WGS:JAJKKE|F5B20DRAFT_mRNA561050	PF03647.19	Partial	None
gene-F5B20DRAFT_561053	rna-gnl|WGS:JAJKKE|F5B20DRAFT_mRNA561053	PF28956.1	Partial	None
gene-F5B20DRAFT_397518	rna-gnl|WGS:JAJKKE|F5B20DRAFT_mRNA397518	PF01370.28,PF05368.20,PF13460.13	Partial	None
gene-F5B20DRAFT_397567	rna-gnl|WGS:JAJKKE|F5B20DRAFT_mRNA397567	PF00096.33,PF00096.33,PF00172.24,PF04082.24	Complete	None
gene-F5B20DRAFT_397555	rna-gnl|WGS:JAJKKE|F5B20DRAFT_mRNA397555		None	None
gene-F5B20DRAFT_397571	rna-gnl|WGS:JAJKKE|F5B20DRAFT_mRNA397571	PF00106.32,PF08659.17,PF13561.13	Partial	None
gene-F5B20DRAFT_397618	rna-gnl|WGS:JAJKKE|F5B20DRAFT_mRNA397618	PF01636.30,PF02958.27	Partial	None
gene-F5B20DRAFT_585609	rna-gnl|WGS:JAJKKE|F5B20DRAFT_mRNA585609	PF01565.29,PF08031.18	Complete	None
gene-F5B20DRAFT_595359	rna-gnl|WGS:JAJKKE|F5B20DRAFT_mRNA595359	PF11991.14	Partial	None
gene-F5B20DRAFT_573669	rna-gnl|WGS:JAJKKE|F5B20DRAFT_mRNA573669	PF01565.29	Partial	None
gene-F5B20DRAFT_561076	rna-gnl|WGS:JAJKKE|F5B20DRAFT_mRNA561076	PF00348.23	Partial	None
gene-F5B20DRAFT_561079	rna-gnl|WGS:JAJKKE|F5B20DRAFT_mRNA561079	PF00067.28	Partial	None
gene-F5B20DRAFT_585614	rna-gnl|WGS:JAJKKE|F5B20DRAFT_mRNA585614		None	None
gene-F5B20DRAFT_585615	rna-gnl|WGS:JAJKKE|F5B20DRAFT_mRNA585615		None	None
gene-F5B20DRAFT_585616	rna-gnl|WGS:JAJKKE|F5B20DRAFT_mRNA585616	PF00454.34	Partial	None
gene-F5B20DRAFT_397932	rna-gnl|WGS:JAJKKE|F5B20DRAFT_mRNA397932		None	None
gene-F5B20DRAFT_561114	rna-gnl|WGS:JAJKKE|F5B20DRAFT_mRNA561114	PF09424.16	Partial	None
gene-F5B20DRAFT_561117	rna-gnl|WGS:JAJKKE|F5B20DRAFT_mRNA561117	PF04130.19,PF17681.7	Partial	None
gene-F5B20DRAFT_561121	rna-gnl|WGS:JAJKKE|F5B20DRAFT_mRNA561121	PF00227.32,PF10584.15	Partial	None
gene-F5B20DRAFT_398442	rna-gnl|WGS:JAJKKE|F5B20DRAFT_mRNA398442	PF00172.24,PF11951.14,PF11951.14	Partial	None
gene-F5B20DRAFT_398498	rna-gnl|WGS:JAJKKE|F5B20DRAFT_mRNA398498	PF05148.22,PF08241.19	Complete	None
gene-F5B20DRAFT_399084	rna-gnl|WGS:JAJKKE|F5B20DRAFT_mRNA399084	PF03666.19,PF24064.3	Complete	None
gene-F5B20DRAFT_398963	rna-gnl|WGS:JAJKKE|F5B20DRAFT_mRNA398963	PF00010.32	Complete	None
gene-F5B20DRAFT_398882	rna-gnl|WGS:JAJKKE|F5B20DRAFT_mRNA398882	PF04178.19	Partial	None
gene-F5B20DRAFT_398521	rna-gnl|WGS:JAJKKE|F5B20DRAFT_mRNA398521	PF05383.24	Complete	None
gene-F5B20DRAFT_399114	rna-gnl|WGS:JAJKKE|F5B20DRAFT_mRNA399114		None	None
gene-F5B20DRAFT_585629	rna-gnl|WGS:JAJKKE|F5B20DRAFT_mRNA585629		None	None
gene-F5B20DRAFT_585630	rna-gnl|WGS:JAJKKE|F5B20DRAFT_mRNA585630	PF02184.23,PF05843.21,PF05843.21,PF13432.13,PF14559.13,PF23231.2,PF23231.2,PF23231.2,PF23233.2,PF23233.2,PF23233.2,PF23240.2,PF23240.2,PF23240.2,PF23240.2,PF23241.2,PF23241.2,PF23241.2	Complete	None
gene-F5B20DRAFT_585631	rna-gnl|WGS:JAJKKE|F5B20DRAFT_mRNA585631	PF01798.24,PF09785.15	Complete	None
gene-F5B20DRAFT_399454	rna-gnl|WGS:JAJKKE|F5B20DRAFT_mRNA399454	PF00096.33	Complete	None
gene-F5B20DRAFT_595365	rna-gnl|WGS:JAJKKE|F5B20DRAFT_mRNA595365	PF00871.24	Partial	None
gene-F5B20DRAFT_399449	rna-gnl|WGS:JAJKKE|F5B20DRAFT_mRNA399449		None	None
gene-F5B20DRAFT_561177	rna-gnl|WGS:JAJKKE|F5B20DRAFT_mRNA561177	PF02798.27,PF13409.13,PF13417.13	Complete	None
gene-F5B20DRAFT_585635	rna-gnl|WGS:JAJKKE|F5B20DRAFT_mRNA585635	PF00172.24,PF04082.24	Partial	None
gene-F5B20DRAFT_399608	rna-gnl|WGS:JAJKKE|F5B20DRAFT_mRNA399608	PF00400.39,PF00400.39,PF00400.39	Complete	None
gene-F5B20DRAFT_561183	rna-gnl|WGS:JAJKKE|F5B20DRAFT_mRNA561183	PF07064.20,PF25440.3	Complete	None
gene-F5B20DRAFT_561187	rna-gnl|WGS:JAJKKE|F5B20DRAFT_mRNA561187	PF01214.24	Partial	None
gene-F5B20DRAFT_573684	rna-gnl|WGS:JAJKKE|F5B20DRAFT_mRNA573684	PF01569.28	Partial	None
gene-F5B20DRAFT_561233	rna-gnl|WGS:JAJKKE|F5B20DRAFT_mRNA561233	PF00181.31,PF03947.25	Partial	None
gene-F5B20DRAFT_573686	rna-gnl|WGS:JAJKKE|F5B20DRAFT_mRNA573686	PF00134.29,PF02984.25	Complete	None
gene-F5B20DRAFT_585642	rna-gnl|WGS:JAJKKE|F5B20DRAFT_mRNA585642		None	None
gene-F5B20DRAFT_399910	rna-gnl|WGS:JAJKKE|F5B20DRAFT_mRNA399910		None	None
gene-F5B20DRAFT_573687	rna-gnl|WGS:JAJKKE|F5B20DRAFT_mRNA573687	PF06963.19,PF06963.19	Partial	None
gene-F5B20DRAFT_585645	rna-gnl|WGS:JAJKKE|F5B20DRAFT_mRNA585645		None	None
gene-F5B20DRAFT_399933	rna-gnl|WGS:JAJKKE|F5B20DRAFT_mRNA399933	PF00520.38,PF00520.38,PF00520.38,PF00520.38	Complete	None
gene-F5B20DRAFT_399956	rna-gnl|WGS:JAJKKE|F5B20DRAFT_mRNA399956	PF00628.36	Complete	None
gene-F5B20DRAFT_561249	rna-gnl|WGS:JAJKKE|F5B20DRAFT_mRNA561249		None	None
gene-F5B20DRAFT_561250	rna-gnl|WGS:JAJKKE|F5B20DRAFT_mRNA561250		None	None
gene-F5B20DRAFT_595373	rna-gnl|WGS:JAJKKE|F5B20DRAFT_mRNA595373	PF00505.26	Complete	None
gene-F5B20DRAFT_573690	rna-gnl|WGS:JAJKKE|F5B20DRAFT_mRNA573690	PF03908.19	Complete	None
gene-F5B20DRAFT_561254	rna-gnl|WGS:JAJKKE|F5B20DRAFT_mRNA561254		None	None
gene-F5B20DRAFT_585651	rna-gnl|WGS:JAJKKE|F5B20DRAFT_mRNA585651	PF00719.25	Partial	None
gene-F5B20DRAFT_585652	rna-gnl|WGS:JAJKKE|F5B20DRAFT_mRNA585652		None	None
gene-F5B20DRAFT_400563	rna-gnl|WGS:JAJKKE|F5B20DRAFT_mRNA400563	PF02541.23,PF23566.2	Partial	None
gene-F5B20DRAFT_573693	rna-gnl|WGS:JAJKKE|F5B20DRAFT_mRNA573693	PF28255.1	Complete	None
gene-F5B20DRAFT_400742	rna-gnl|WGS:JAJKKE|F5B20DRAFT_mRNA400742		None	None
gene-F5B20DRAFT_561290	rna-gnl|WGS:JAJKKE|F5B20DRAFT_mRNA561290	PF00724.27	Partial	None
gene-F5B20DRAFT_561291	rna-gnl|WGS:JAJKKE|F5B20DRAFT_mRNA561291		None	None
gene-F5B20DRAFT_561294	rna-gnl|WGS:JAJKKE|F5B20DRAFT_mRNA561294	PF01470.23	Partial	None
gene-F5B20DRAFT_400765	rna-gnl|WGS:JAJKKE|F5B20DRAFT_mRNA400765		None	None
gene-F5B20DRAFT_585660	rna-gnl|WGS:JAJKKE|F5B20DRAFT_mRNA585660	PF00730.32	Complete	None
gene-F5B20DRAFT_585661	rna-gnl|WGS:JAJKKE|F5B20DRAFT_mRNA585661	PF00793.27,PF02167.21	Complete	None
gene-F5B20DRAFT_400754	rna-gnl|WGS:JAJKKE|F5B20DRAFT_mRNA400754	PF04750.20	Partial	None
gene-F5B20DRAFT_573697	rna-gnl|WGS:JAJKKE|F5B20DRAFT_mRNA573697	PF00160.27,PF00400.39	Complete	None
gene-F5B20DRAFT_595381	rna-gnl|WGS:JAJKKE|F5B20DRAFT_mRNA595381	PF00172.24,PF11951.14	Partial	None
gene-F5B20DRAFT_561327	rna-gnl|WGS:JAJKKE|F5B20DRAFT_mRNA561327	PF01070.25	Partial	None
gene-F5B20DRAFT_573700	rna-gnl|WGS:JAJKKE|F5B20DRAFT_mRNA573700	PF05916.17,PF16922.12	Complete	None
gene-F5B20DRAFT_401371	rna-gnl|WGS:JAJKKE|F5B20DRAFT_mRNA401371	PF00561.27,PF12146.16,PF12697.14	Partial	None
gene-F5B20DRAFT_401378	rna-gnl|WGS:JAJKKE|F5B20DRAFT_mRNA401378	PF01207.24	Partial	None
gene-F5B20DRAFT_561338	rna-gnl|WGS:JAJKKE|F5B20DRAFT_mRNA561338	PF26013.1	Complete	None
gene-F5B20DRAFT_561343	rna-gnl|WGS:JAJKKE|F5B20DRAFT_mRNA561343	PF00069.32,PF00498.32,PF07714.24	Complete	None
gene-F5B20DRAFT_595392	rna-gnl|WGS:JAJKKE|F5B20DRAFT_mRNA595392		None	None
gene-F5B20DRAFT_t92	gene-F5B20DRAFT_t92		None	None
gene-F5B20DRAFT_t93	gene-F5B20DRAFT_t93		None	None
gene-F5B20DRAFT_585672	rna-gnl|WGS:JAJKKE|F5B20DRAFT_mRNA585672	PF02516.21,PF21436.3	Complete	None
gene-F5B20DRAFT_401501	rna-gnl|WGS:JAJKKE|F5B20DRAFT_mRNA401501		None	None
gene-F5B20DRAFT_401515	rna-gnl|WGS:JAJKKE|F5B20DRAFT_mRNA401515	PF00400.39,PF00400.39,PF28639.1	Complete	None
gene-F5B20DRAFT_561359	rna-gnl|WGS:JAJKKE|F5B20DRAFT_mRNA561359	PF16755.12	Partial	None
gene-F5B20DRAFT_561361	rna-gnl|WGS:JAJKKE|F5B20DRAFT_mRNA561361	PF00227.32,PF12465.14	Complete	None
gene-F5B20DRAFT_401605	rna-gnl|WGS:JAJKKE|F5B20DRAFT_mRNA401605	PF01204.25,PF22422.3	Partial	None
gene-F5B20DRAFT_561370	rna-gnl|WGS:JAJKKE|F5B20DRAFT_mRNA561370	PF00583.32,PF13302.14	Partial	None
gene-F5B20DRAFT_561373	rna-gnl|WGS:JAJKKE|F5B20DRAFT_mRNA561373	PF07970.18,PF13850.12	Partial	None
gene-F5B20DRAFT_401788	rna-gnl|WGS:JAJKKE|F5B20DRAFT_mRNA401788	PF08238.19,PF08238.19,PF08238.19	Complete	None
gene-F5B20DRAFT_561388	rna-gnl|WGS:JAJKKE|F5B20DRAFT_mRNA561388	PF01212.28	Partial	None
gene-F5B20DRAFT_401845	rna-gnl|WGS:JAJKKE|F5B20DRAFT_mRNA401845	PF04724.19	Partial	None
gene-F5B20DRAFT_585683	rna-gnl|WGS:JAJKKE|F5B20DRAFT_mRNA585683	PF08881.16	Partial	None
gene-F5B20DRAFT_561403	rna-gnl|WGS:JAJKKE|F5B20DRAFT_mRNA561403		None	None
gene-F5B20DRAFT_561408	rna-gnl|WGS:JAJKKE|F5B20DRAFT_mRNA561408	PF00180.26	Partial	None
gene-F5B20DRAFT_401962	rna-gnl|WGS:JAJKKE|F5B20DRAFT_mRNA401962	PF00083.31,PF07690.22	Partial	None
gene-F5B20DRAFT_585687	rna-gnl|WGS:JAJKKE|F5B20DRAFT_mRNA585687	PF16010.11	Partial	None
gene-F5B20DRAFT_561438	rna-gnl|WGS:JAJKKE|F5B20DRAFT_mRNA561438		None	None
gene-F5B20DRAFT_417150	rna-gnl|WGS:JAJKKE|F5B20DRAFT_mRNA417150	PF30957.1	Partial	None
gene-F5B20DRAFT_561453	rna-gnl|WGS:JAJKKE|F5B20DRAFT_mRNA561453	PF00106.32,PF08659.17,PF13561.13	Partial	None
gene-F5B20DRAFT_417192	rna-gnl|WGS:JAJKKE|F5B20DRAFT_mRNA417192		None	None
gene-F5B20DRAFT_417232	rna-gnl|WGS:JAJKKE|F5B20DRAFT_mRNA417232	PF00884.29,PF16347.11	Complete	None
gene-F5B20DRAFT_585694	rna-gnl|WGS:JAJKKE|F5B20DRAFT_mRNA585694	PF00875.25,PF03441.20	Complete	None
gene-F5B20DRAFT_573719	rna-gnl|WGS:JAJKKE|F5B20DRAFT_mRNA573719	PF15508.12	Partial	None
gene-F5B20DRAFT_573720	rna-gnl|WGS:JAJKKE|F5B20DRAFT_mRNA573720		None	None
gene-F5B20DRAFT_561464	rna-gnl|WGS:JAJKKE|F5B20DRAFT_mRNA561464	PF09494.17	Complete	None
gene-F5B20DRAFT_585698	rna-gnl|WGS:JAJKKE|F5B20DRAFT_mRNA585698		None	None
gene-F5B20DRAFT_595641	rna-gnl|WGS:JAJKKE|F5B20DRAFT_mRNA595641	PF00067.28	Partial	None
gene-F5B20DRAFT_573723	rna-gnl|WGS:JAJKKE|F5B20DRAFT_mRNA573723	PF20684.4	Partial	None
gene-F5B20DRAFT_561467	rna-gnl|WGS:JAJKKE|F5B20DRAFT_mRNA561467	PF01467.33	Partial	None
gene-F5B20DRAFT_561469	rna-gnl|WGS:JAJKKE|F5B20DRAFT_mRNA561469	PF04982.20	Partial	None
gene-F5B20DRAFT_573726	rna-gnl|WGS:JAJKKE|F5B20DRAFT_mRNA573726	PF25534.1	Partial	None
gene-F5B20DRAFT_585703	rna-gnl|WGS:JAJKKE|F5B20DRAFT_mRNA585703	PF09732.15,PF10312.15	Complete	None
gene-F5B20DRAFT_585704	rna-gnl|WGS:JAJKKE|F5B20DRAFT_mRNA585704	PF00250.25	Complete	None
gene-F5B20DRAFT_573728	rna-gnl|WGS:JAJKKE|F5B20DRAFT_mRNA573728	PF09302.17,PF21928.2	Complete	None
gene-F5B20DRAFT_585707	rna-gnl|WGS:JAJKKE|F5B20DRAFT_mRNA585707	PF00732.26,PF05199.20	Complete	None
gene-F5B20DRAFT_417518	rna-gnl|WGS:JAJKKE|F5B20DRAFT_mRNA417518	PF28325.1	Partial	None
gene-F5B20DRAFT_417523	rna-gnl|WGS:JAJKKE|F5B20DRAFT_mRNA417523		None	None
gene-F5B20DRAFT_573731	rna-gnl|WGS:JAJKKE|F5B20DRAFT_mRNA573731	PF00107.33,PF08240.18	Complete	None
gene-F5B20DRAFT_585718	rna-gnl|WGS:JAJKKE|F5B20DRAFT_mRNA585718	PF05729.19,PF24883.3,PF25053.1	Complete	None
gene-F5B20DRAFT_595662	rna-gnl|WGS:JAJKKE|F5B20DRAFT_mRNA595662	PF04082.24	Partial	None
gene-F5B20DRAFT_595665	rna-gnl|WGS:JAJKKE|F5B20DRAFT_mRNA595665	PF00005.34,PF00005.34,PF01061.30,PF01061.30,PF06422.19,PF14510.12	Complete	None
gene-F5B20DRAFT_561525	rna-gnl|WGS:JAJKKE|F5B20DRAFT_mRNA561525	PF00144.30	Partial	None
gene-F5B20DRAFT_561526	rna-gnl|WGS:JAJKKE|F5B20DRAFT_mRNA561526	PF02582.20	Partial	None
gene-F5B20DRAFT_561527	rna-gnl|WGS:JAJKKE|F5B20DRAFT_mRNA561527	PF01408.29,PF02894.23,PF22725.2	Partial	None
gene-F5B20DRAFT_417829	rna-gnl|WGS:JAJKKE|F5B20DRAFT_mRNA417829	PF07690.22	Partial	None
gene-F5B20DRAFT_573737	rna-gnl|WGS:JAJKKE|F5B20DRAFT_mRNA573737	PF00106.32,PF08659.17,PF13561.13	Partial	None
gene-F5B20DRAFT_573738	rna-gnl|WGS:JAJKKE|F5B20DRAFT_mRNA573738	PF03171.27	Complete	None
gene-F5B20DRAFT_561531	rna-gnl|WGS:JAJKKE|F5B20DRAFT_mRNA561531	PF02551.22,PF13622.13,PF20789.4	Partial	None
gene-F5B20DRAFT_561532	rna-gnl|WGS:JAJKKE|F5B20DRAFT_mRNA561532	PF13577.13	Partial	None
gene-F5B20DRAFT_561536	rna-gnl|WGS:JAJKKE|F5B20DRAFT_mRNA561536	PF05368.20	Partial	None
gene-F5B20DRAFT_585730	rna-gnl|WGS:JAJKKE|F5B20DRAFT_mRNA585730		None	None
gene-F5B20DRAFT_573743	rna-gnl|WGS:JAJKKE|F5B20DRAFT_mRNA573743	PF03403.20	Partial	None
gene-F5B20DRAFT_561549	rna-gnl|WGS:JAJKKE|F5B20DRAFT_mRNA561549	PF00175.27,PF00970.31,PF08030.18	Complete	None
gene-F5B20DRAFT_418094	rna-gnl|WGS:JAJKKE|F5B20DRAFT_mRNA418094	PF20684.4	Partial	None
gene-F5B20DRAFT_418180	rna-gnl|WGS:JAJKKE|F5B20DRAFT_mRNA418180	PF00172.24,PF04082.24	Partial	None
gene-F5B20DRAFT_561567	rna-gnl|WGS:JAJKKE|F5B20DRAFT_mRNA561567	PF00226.37,PF11875.15	Complete	None
gene-F5B20DRAFT_585736	rna-gnl|WGS:JAJKKE|F5B20DRAFT_mRNA585736		None	None
gene-F5B20DRAFT_561568	rna-gnl|WGS:JAJKKE|F5B20DRAFT_mRNA561568	PF26061.1	Partial	None
gene-F5B20DRAFT_561569	rna-gnl|WGS:JAJKKE|F5B20DRAFT_mRNA561569	PF12311.14	Partial	None
gene-F5B20DRAFT_595678	rna-gnl|WGS:JAJKKE|F5B20DRAFT_mRNA595678	PF00023.37,PF00023.37,PF12796.14,PF12796.14,PF13637.13,PF13857.13	Complete	None
gene-F5B20DRAFT_585740	rna-gnl|WGS:JAJKKE|F5B20DRAFT_mRNA585740	PF27522.2	Partial	None
gene-F5B20DRAFT_418349	rna-gnl|WGS:JAJKKE|F5B20DRAFT_mRNA418349	PF04616.21	Partial	None
gene-F5B20DRAFT_418294	rna-gnl|WGS:JAJKKE|F5B20DRAFT_mRNA418294	PF20684.4	Partial	None
gene-F5B20DRAFT_418404	rna-gnl|WGS:JAJKKE|F5B20DRAFT_mRNA418404	PF01979.27	Partial	None
gene-F5B20DRAFT_561590	rna-gnl|WGS:JAJKKE|F5B20DRAFT_mRNA561590		None	None
gene-F5B20DRAFT_418402	rna-gnl|WGS:JAJKKE|F5B20DRAFT_mRNA418402		None	None
gene-F5B20DRAFT_561598	rna-gnl|WGS:JAJKKE|F5B20DRAFT_mRNA561598		None	None
gene-F5B20DRAFT_561599	rna-gnl|WGS:JAJKKE|F5B20DRAFT_mRNA561599		None	None
gene-F5B20DRAFT_561601	rna-gnl|WGS:JAJKKE|F5B20DRAFT_mRNA561601	PF01755.24	Partial	None
gene-F5B20DRAFT_573751	rna-gnl|WGS:JAJKKE|F5B20DRAFT_mRNA573751	PF26061.1	Partial	None
gene-F5B20DRAFT_561604	rna-gnl|WGS:JAJKKE|F5B20DRAFT_mRNA561604	PF00106.32,PF01370.28,PF08659.17,PF13561.13	Partial	None
gene-F5B20DRAFT_595683	rna-gnl|WGS:JAJKKE|F5B20DRAFT_mRNA595683	PF00067.28	Partial	None
gene-F5B20DRAFT_573754	rna-gnl|WGS:JAJKKE|F5B20DRAFT_mRNA573754	PF11951.14	Partial	None
gene-F5B20DRAFT_573755	rna-gnl|WGS:JAJKKE|F5B20DRAFT_mRNA573755	PF00106.32,PF13561.13	Partial	None
gene-F5B20DRAFT_561614	rna-gnl|WGS:JAJKKE|F5B20DRAFT_mRNA561614	PF01494.26	Partial	None
gene-F5B20DRAFT_585754	rna-gnl|WGS:JAJKKE|F5B20DRAFT_mRNA585754	PF20684.4	Partial	None
gene-F5B20DRAFT_585755	rna-gnl|WGS:JAJKKE|F5B20DRAFT_mRNA585755	PF00561.27,PF12697.14	Partial	None
gene-F5B20DRAFT_418565	rna-gnl|WGS:JAJKKE|F5B20DRAFT_mRNA418565	PF11807.14	Partial	None
gene-F5B20DRAFT_418585	rna-gnl|WGS:JAJKKE|F5B20DRAFT_mRNA418585	PF00488.28,PF05188.24,PF05192.24	Complete	None
gene-F5B20DRAFT_418680	rna-gnl|WGS:JAJKKE|F5B20DRAFT_mRNA418680	PF00400.39,PF00400.39,PF00400.39,PF00400.39,PF00400.39,PF00400.39,PF00400.39,PF12894.14,PF12894.14	Complete	None
gene-F5B20DRAFT_561633	rna-gnl|WGS:JAJKKE|F5B20DRAFT_mRNA561633	PF00982.28,PF02358.23	Complete	None
gene-F5B20DRAFT_418883	rna-gnl|WGS:JAJKKE|F5B20DRAFT_mRNA418883	PF04959.20,PF12066.14,PF13821.12	Complete	None
gene-F5B20DRAFT_418936	rna-gnl|WGS:JAJKKE|F5B20DRAFT_mRNA418936	PF04143.20	Partial	None
gene-F5B20DRAFT_418985	rna-gnl|WGS:JAJKKE|F5B20DRAFT_mRNA418985	PF00107.33,PF08240.18,PF13602.13	Partial	None
gene-F5B20DRAFT_418959	rna-gnl|WGS:JAJKKE|F5B20DRAFT_mRNA418959	PF04802.23,PF22972.4	Partial	None
gene-F5B20DRAFT_419046	rna-gnl|WGS:JAJKKE|F5B20DRAFT_mRNA419046		None	None
gene-F5B20DRAFT_419090	rna-gnl|WGS:JAJKKE|F5B20DRAFT_mRNA419090		None	None
gene-F5B20DRAFT_419106	rna-gnl|WGS:JAJKKE|F5B20DRAFT_mRNA419106	PF00535.33	Partial	None
gene-F5B20DRAFT_561659	rna-gnl|WGS:JAJKKE|F5B20DRAFT_mRNA561659	PF01266.31,PF01494.26,PF08491.17,PF13450.13	Partial	None
gene-F5B20DRAFT_561660	rna-gnl|WGS:JAJKKE|F5B20DRAFT_mRNA561660		None	None
gene-F5B20DRAFT_561662	rna-gnl|WGS:JAJKKE|F5B20DRAFT_mRNA561662	PF00153.33,PF00153.33,PF00153.33,PF00153.33	Complete	None
gene-F5B20DRAFT_561664	rna-gnl|WGS:JAJKKE|F5B20DRAFT_mRNA561664	PF10502.15	Partial	None
gene-F5B20DRAFT_561666	rna-gnl|WGS:JAJKKE|F5B20DRAFT_mRNA561666	PF00575.30,PF07541.18	Partial	None
gene-F5B20DRAFT_561668	rna-gnl|WGS:JAJKKE|F5B20DRAFT_mRNA561668	PF00027.36,PF01734.28,PF24179.2	Complete	None
gene-F5B20DRAFT_561670	rna-gnl|WGS:JAJKKE|F5B20DRAFT_mRNA561670	PF00657.29,PF13472.13	Partial	None
gene-F5B20DRAFT_595696	rna-gnl|WGS:JAJKKE|F5B20DRAFT_mRNA595696		None	None
gene-F5B20DRAFT_561675	rna-gnl|WGS:JAJKKE|F5B20DRAFT_mRNA561675		None	None
gene-F5B20DRAFT_561676	rna-gnl|WGS:JAJKKE|F5B20DRAFT_mRNA561676	PF00282.26	Partial	None
gene-F5B20DRAFT_t94	gene-F5B20DRAFT_t94		None	None
gene-F5B20DRAFT_561680	rna-gnl|WGS:JAJKKE|F5B20DRAFT_mRNA561680	PF00004.36,PF00004.36,PF17862.8	Complete	None
gene-F5B20DRAFT_585779	rna-gnl|WGS:JAJKKE|F5B20DRAFT_mRNA585779		None	None
gene-F5B20DRAFT_573771	rna-gnl|WGS:JAJKKE|F5B20DRAFT_mRNA573771	PF00025.28,PF00071.29,PF08477.20,PF08637.17	Complete	None
gene-F5B20DRAFT_419284	rna-gnl|WGS:JAJKKE|F5B20DRAFT_mRNA419284	PF04116.20	Partial	None
gene-F5B20DRAFT_419609	rna-gnl|WGS:JAJKKE|F5B20DRAFT_mRNA419609	PF01329.25	Partial	None
gene-F5B20DRAFT_419447	rna-gnl|WGS:JAJKKE|F5B20DRAFT_mRNA419447		None	None
gene-F5B20DRAFT_585785	rna-gnl|WGS:JAJKKE|F5B20DRAFT_mRNA585785	PF00170.27	Complete	None
gene-F5B20DRAFT_561717	rna-gnl|WGS:JAJKKE|F5B20DRAFT_mRNA561717		None	None
gene-F5B20DRAFT_561718	rna-gnl|WGS:JAJKKE|F5B20DRAFT_mRNA561718	PF00022.27	Partial	None
gene-F5B20DRAFT_585787	rna-gnl|WGS:JAJKKE|F5B20DRAFT_mRNA585787	PF08265.17	Complete	None
gene-F5B20DRAFT_419973	rna-gnl|WGS:JAJKKE|F5B20DRAFT_mRNA419973	PF04178.19	Partial	None
gene-F5B20DRAFT_585789	rna-gnl|WGS:JAJKKE|F5B20DRAFT_mRNA585789	PF00235.26	Partial	None
gene-F5B20DRAFT_420111	rna-gnl|WGS:JAJKKE|F5B20DRAFT_mRNA420111		None	None
gene-F5B20DRAFT_573776	rna-gnl|WGS:JAJKKE|F5B20DRAFT_mRNA573776	PF00957.28,PF13774.14	Complete	None
gene-F5B20DRAFT_561741	rna-gnl|WGS:JAJKKE|F5B20DRAFT_mRNA561741	PF00270.36,PF00270.36,PF00271.38,PF00271.38,PF02889.22,PF02889.22,PF04851.22,PF04851.22,PF23445.2,PF23445.2	Complete	None
gene-F5B20DRAFT_585793	rna-gnl|WGS:JAJKKE|F5B20DRAFT_mRNA585793	PF00025.28,PF00071.29,PF08477.20	Partial	None
gene-F5B20DRAFT_561752	rna-gnl|WGS:JAJKKE|F5B20DRAFT_mRNA561752	PF00173.34,PF01070.25,PF01645.24	Partial	None
gene-F5B20DRAFT_420189	rna-gnl|WGS:JAJKKE|F5B20DRAFT_mRNA420189	PF04248.21	Partial	None
gene-F5B20DRAFT_420152	rna-gnl|WGS:JAJKKE|F5B20DRAFT_mRNA420152	PF00083.31,PF07690.22	Partial	None
gene-F5B20DRAFT_561783	rna-gnl|WGS:JAJKKE|F5B20DRAFT_mRNA561783	PF04063.21,PF04064.19	Complete	None
gene-F5B20DRAFT_420572	rna-gnl|WGS:JAJKKE|F5B20DRAFT_mRNA420572	PF05291.17	Partial	None
gene-F5B20DRAFT_420541	rna-gnl|WGS:JAJKKE|F5B20DRAFT_mRNA420541	PF17903.8,PF21800.5,PF22891.3	Partial	None
gene-F5B20DRAFT_420658	rna-gnl|WGS:JAJKKE|F5B20DRAFT_mRNA420658		None	None
gene-F5B20DRAFT_573783	rna-gnl|WGS:JAJKKE|F5B20DRAFT_mRNA573783	PF00320.34,PF25026.2	Complete	None
gene-F5B20DRAFT_420628	rna-gnl|WGS:JAJKKE|F5B20DRAFT_mRNA420628		None	None
gene-F5B20DRAFT_561797	rna-gnl|WGS:JAJKKE|F5B20DRAFT_mRNA561797	PF00149.34,PF00149.34	Partial	None
gene-F5B20DRAFT_420624	rna-gnl|WGS:JAJKKE|F5B20DRAFT_mRNA420624		None	None
gene-F5B20DRAFT_420646	rna-gnl|WGS:JAJKKE|F5B20DRAFT_mRNA420646		None	None
gene-F5B20DRAFT_585806	rna-gnl|WGS:JAJKKE|F5B20DRAFT_mRNA585806	PF01243.28,PF10590.15	Complete	None
gene-F5B20DRAFT_t95	gene-F5B20DRAFT_t95		None	None
gene-F5B20DRAFT_573786	rna-gnl|WGS:JAJKKE|F5B20DRAFT_mRNA573786	PF03130.23,PF03130.23,PF03130.23,PF03130.23,PF13646.13,PF13646.13	Complete	None
gene-F5B20DRAFT_420886	rna-gnl|WGS:JAJKKE|F5B20DRAFT_mRNA420886	PF01096.24	Complete	None
gene-F5B20DRAFT_561807	rna-gnl|WGS:JAJKKE|F5B20DRAFT_mRNA561807	PF12765.14,PF12830.14,PF20168.5	Complete	None
gene-F5B20DRAFT_561810	rna-gnl|WGS:JAJKKE|F5B20DRAFT_mRNA561810		None	None
gene-F5B20DRAFT_420996	rna-gnl|WGS:JAJKKE|F5B20DRAFT_mRNA420996		None	None
gene-F5B20DRAFT_421001	rna-gnl|WGS:JAJKKE|F5B20DRAFT_mRNA421001	PF23190.2,PF23317.2	Partial	None
gene-F5B20DRAFT_561817	rna-gnl|WGS:JAJKKE|F5B20DRAFT_mRNA561817	PF00117.35,PF00185.31,PF00988.29,PF02142.28,PF02222.28,PF02729.27,PF02786.23,PF02786.23,PF02787.27,PF07478.19,PF07478.19,PF25596.2,PF25596.2	Complete	None
gene-F5B20DRAFT_585814	rna-gnl|WGS:JAJKKE|F5B20DRAFT_mRNA585814	PF12766.14	Partial	None
gene-F5B20DRAFT_421254	rna-gnl|WGS:JAJKKE|F5B20DRAFT_mRNA421254		None	None
gene-F5B20DRAFT_561828	rna-gnl|WGS:JAJKKE|F5B20DRAFT_mRNA561828	PF00172.24,PF04082.24	Complete	None
gene-F5B20DRAFT_421449	rna-gnl|WGS:JAJKKE|F5B20DRAFT_mRNA421449		None	None
gene-F5B20DRAFT_585817	rna-gnl|WGS:JAJKKE|F5B20DRAFT_mRNA585817		None	None
gene-F5B20DRAFT_585818	rna-gnl|WGS:JAJKKE|F5B20DRAFT_mRNA585818	PF00097.32,PF12678.14,PF13639.13,PF13920.13,PF13923.13,PF17123.12	Complete	None
gene-F5B20DRAFT_561843	rna-gnl|WGS:JAJKKE|F5B20DRAFT_mRNA561843	PF14852.13,PF14853.13	Partial	None
gene-F5B20DRAFT_561845	rna-gnl|WGS:JAJKKE|F5B20DRAFT_mRNA561845	PF08286.17	Partial	None
gene-F5B20DRAFT_561846	rna-gnl|WGS:JAJKKE|F5B20DRAFT_mRNA561846		None	None
gene-F5B20DRAFT_421583	rna-gnl|WGS:JAJKKE|F5B20DRAFT_mRNA421583	PF01026.28	Partial	None
gene-F5B20DRAFT_421658	rna-gnl|WGS:JAJKKE|F5B20DRAFT_mRNA421658		None	None
gene-F5B20DRAFT_573794	rna-gnl|WGS:JAJKKE|F5B20DRAFT_mRNA573794	PF00566.26,PF23436.2	Partial	None
gene-F5B20DRAFT_421736	rna-gnl|WGS:JAJKKE|F5B20DRAFT_mRNA421736	PF02453.24	Partial	None
gene-F5B20DRAFT_421947	rna-gnl|WGS:JAJKKE|F5B20DRAFT_mRNA421947	PF00204.32,PF00521.27,PF01751.29,PF02518.32,PF16898.11	Complete	None
gene-F5B20DRAFT_421996	rna-gnl|WGS:JAJKKE|F5B20DRAFT_mRNA421996	PF00106.32,PF08659.17,PF13561.13	Partial	None
gene-F5B20DRAFT_561885	rna-gnl|WGS:JAJKKE|F5B20DRAFT_mRNA561885	PF01851.29,PF01851.29,PF13513.13,PF13646.13,PF13646.13,PF18004.7,PF21505.4,PF21505.4	Complete	None
gene-F5B20DRAFT_422024	rna-gnl|WGS:JAJKKE|F5B20DRAFT_mRNA422024	PF02940.22	Complete	None
gene-F5B20DRAFT_585831	rna-gnl|WGS:JAJKKE|F5B20DRAFT_mRNA585831		None	None
gene-F5B20DRAFT_422132	rna-gnl|WGS:JAJKKE|F5B20DRAFT_mRNA422132	PF00923.26	Partial	None
gene-F5B20DRAFT_t96	gene-F5B20DRAFT_t96		None	None
gene-F5B20DRAFT_561898	rna-gnl|WGS:JAJKKE|F5B20DRAFT_mRNA561898		None	None
gene-F5B20DRAFT_561903	rna-gnl|WGS:JAJKKE|F5B20DRAFT_mRNA561903	PF02133.22	Partial	None
gene-F5B20DRAFT_573802	rna-gnl|WGS:JAJKKE|F5B20DRAFT_mRNA573802	PF01040.24	Partial	None
gene-F5B20DRAFT_422300	rna-gnl|WGS:JAJKKE|F5B20DRAFT_mRNA422300	PF00249.38,PF13921.13	Complete	None
gene-F5B20DRAFT_561918	rna-gnl|WGS:JAJKKE|F5B20DRAFT_mRNA561918	PF00083.31,PF07690.22	Partial	None
gene-F5B20DRAFT_422451	rna-gnl|WGS:JAJKKE|F5B20DRAFT_mRNA422451	PF00488.28,PF01624.26,PF05188.24,PF05190.24,PF05192.24	Complete	None
gene-F5B20DRAFT_422888	rna-gnl|WGS:JAJKKE|F5B20DRAFT_mRNA422888		None	None
gene-F5B20DRAFT_422691	rna-gnl|WGS:JAJKKE|F5B20DRAFT_mRNA422691	PF07690.22	Partial	None
gene-F5B20DRAFT_573810	rna-gnl|WGS:JAJKKE|F5B20DRAFT_mRNA573810	PF07690.22	Partial	None
gene-F5B20DRAFT_422754	rna-gnl|WGS:JAJKKE|F5B20DRAFT_mRNA422754	PF04669.20	Partial	None
gene-F5B20DRAFT_573812	rna-gnl|WGS:JAJKKE|F5B20DRAFT_mRNA573812	PF00005.34,PF00005.34,PF00664.29,PF00664.29	Complete	None
gene-F5B20DRAFT_422505	rna-gnl|WGS:JAJKKE|F5B20DRAFT_mRNA422505	PF03443.21	Partial	None
gene-F5B20DRAFT_585844	rna-gnl|WGS:JAJKKE|F5B20DRAFT_mRNA585844	PF22244.3	Partial	None
gene-F5B20DRAFT_573815	rna-gnl|WGS:JAJKKE|F5B20DRAFT_mRNA573815	PF05368.20,PF13460.13	Partial	None
gene-F5B20DRAFT_585846	rna-gnl|WGS:JAJKKE|F5B20DRAFT_mRNA585846	PF12311.14	Partial	None
gene-F5B20DRAFT_585847	rna-gnl|WGS:JAJKKE|F5B20DRAFT_mRNA585847	PF01284.29	Partial	None
gene-F5B20DRAFT_585848	rna-gnl|WGS:JAJKKE|F5B20DRAFT_mRNA585848	PF00173.34,PF00174.26,PF03404.23	Complete	None
gene-F5B20DRAFT_423154	rna-gnl|WGS:JAJKKE|F5B20DRAFT_mRNA423154	PF03009.24	Partial	None
gene-F5B20DRAFT_423131	rna-gnl|WGS:JAJKKE|F5B20DRAFT_mRNA423131	PF00704.35	Partial	None
gene-F5B20DRAFT_573819	rna-gnl|WGS:JAJKKE|F5B20DRAFT_mRNA573819	PF13489.13,PF13649.13	Partial	None
gene-F5B20DRAFT_585852	rna-gnl|WGS:JAJKKE|F5B20DRAFT_mRNA585852		None	None
gene-F5B20DRAFT_423190	rna-gnl|WGS:JAJKKE|F5B20DRAFT_mRNA423190	PF01261.31	Partial	None
gene-F5B20DRAFT_423443	rna-gnl|WGS:JAJKKE|F5B20DRAFT_mRNA423443		None	None
gene-F5B20DRAFT_585855	rna-gnl|WGS:JAJKKE|F5B20DRAFT_mRNA585855	PF00860.27	Partial	None
gene-F5B20DRAFT_562042	rna-gnl|WGS:JAJKKE|F5B20DRAFT_mRNA562042	PF00083.31,PF06609.19,PF07690.22	Partial	None
gene-F5B20DRAFT_585857	rna-gnl|WGS:JAJKKE|F5B20DRAFT_mRNA585857	PF00199.25,PF06628.18	Complete	None
gene-F5B20DRAFT_423526	rna-gnl|WGS:JAJKKE|F5B20DRAFT_mRNA423526	PF00083.31,PF07690.22	Partial	None
gene-F5B20DRAFT_585859	rna-gnl|WGS:JAJKKE|F5B20DRAFT_mRNA585859		None	None
gene-F5B20DRAFT_585860	rna-gnl|WGS:JAJKKE|F5B20DRAFT_mRNA585860	PF26013.1	Complete	None
gene-F5B20DRAFT_562052	rna-gnl|WGS:JAJKKE|F5B20DRAFT_mRNA562052	PF00202.28	Partial	None
gene-F5B20DRAFT_562056	rna-gnl|WGS:JAJKKE|F5B20DRAFT_mRNA562056	PF01965.31	Partial	None
gene-F5B20DRAFT_562058	rna-gnl|WGS:JAJKKE|F5B20DRAFT_mRNA562058		None	None
gene-F5B20DRAFT_585864	rna-gnl|WGS:JAJKKE|F5B20DRAFT_mRNA585864		None	None
gene-F5B20DRAFT_562064	rna-gnl|WGS:JAJKKE|F5B20DRAFT_mRNA562064	PF01866.23	Partial	None
gene-F5B20DRAFT_423787	rna-gnl|WGS:JAJKKE|F5B20DRAFT_mRNA423787	PF00501.35,PF13193.13	Complete	None
gene-F5B20DRAFT_423764	rna-gnl|WGS:JAJKKE|F5B20DRAFT_mRNA423764	PF10510.15	Partial	None
gene-F5B20DRAFT_585868	rna-gnl|WGS:JAJKKE|F5B20DRAFT_mRNA585868		None	None
gene-F5B20DRAFT_595754	rna-gnl|WGS:JAJKKE|F5B20DRAFT_mRNA595754	PF01209.25,PF08241.19,PF08242.19,PF13489.13,PF13649.13,PF13847.13	Complete	None
gene-F5B20DRAFT_562099	rna-gnl|WGS:JAJKKE|F5B20DRAFT_mRNA562099		None	None
gene-F5B20DRAFT_585871	rna-gnl|WGS:JAJKKE|F5B20DRAFT_mRNA585871	PF00226.37	Partial	None
gene-F5B20DRAFT_562102	rna-gnl|WGS:JAJKKE|F5B20DRAFT_mRNA562102		None	None
gene-F5B20DRAFT_585873	rna-gnl|WGS:JAJKKE|F5B20DRAFT_mRNA585873	PF14610.13	Partial	None
gene-F5B20DRAFT_423986	rna-gnl|WGS:JAJKKE|F5B20DRAFT_mRNA423986	PF00291.32	Partial	None
gene-F5B20DRAFT_424026	rna-gnl|WGS:JAJKKE|F5B20DRAFT_mRNA424026		None	None
gene-F5B20DRAFT_595758	rna-gnl|WGS:JAJKKE|F5B20DRAFT_mRNA595758	PF00067.28	Partial	None
gene-F5B20DRAFT_562110	rna-gnl|WGS:JAJKKE|F5B20DRAFT_mRNA562110	PF00067.28	Partial	None
gene-F5B20DRAFT_562115	rna-gnl|WGS:JAJKKE|F5B20DRAFT_mRNA562115	PF06609.19,PF07690.22	Partial	None
gene-F5B20DRAFT_585879	rna-gnl|WGS:JAJKKE|F5B20DRAFT_mRNA585879	PF20684.4	Partial	None
gene-F5B20DRAFT_424321	rna-gnl|WGS:JAJKKE|F5B20DRAFT_mRNA424321	PF00891.25	Partial	None
gene-F5B20DRAFT_424369	rna-gnl|WGS:JAJKKE|F5B20DRAFT_mRNA424369	PF00067.28	Partial	None
gene-F5B20DRAFT_562144	rna-gnl|WGS:JAJKKE|F5B20DRAFT_mRNA562144	PF00067.28	Partial	None
gene-F5B20DRAFT_562146	rna-gnl|WGS:JAJKKE|F5B20DRAFT_mRNA562146	PF00067.28	Partial	None
gene-F5B20DRAFT_562147	rna-gnl|WGS:JAJKKE|F5B20DRAFT_mRNA562147	PF07985.19	Partial	None
gene-F5B20DRAFT_595768	rna-gnl|WGS:JAJKKE|F5B20DRAFT_mRNA595768	PF01209.25,PF08241.19,PF08242.19,PF13649.13	Partial	None
gene-F5B20DRAFT_595772	rna-gnl|WGS:JAJKKE|F5B20DRAFT_mRNA595772	PF00111.33,PF03473.24	Complete	None
gene-F5B20DRAFT_595774	rna-gnl|WGS:JAJKKE|F5B20DRAFT_mRNA595774	PF01083.29	Partial	None
gene-F5B20DRAFT_424500	rna-gnl|WGS:JAJKKE|F5B20DRAFT_mRNA424500	PF24521.3	Partial	None
gene-F5B20DRAFT_562162	rna-gnl|WGS:JAJKKE|F5B20DRAFT_mRNA562162		None	None
gene-F5B20DRAFT_562164	rna-gnl|WGS:JAJKKE|F5B20DRAFT_mRNA562164	PF00070.34,PF07992.21,PF13738.13	Complete	None
gene-F5B20DRAFT_573844	rna-gnl|WGS:JAJKKE|F5B20DRAFT_mRNA573844	PF04193.20	Partial	None
gene-F5B20DRAFT_424658	rna-gnl|WGS:JAJKKE|F5B20DRAFT_mRNA424658	PF00650.26,PF03765.22	Partial	None
gene-F5B20DRAFT_562169	rna-gnl|WGS:JAJKKE|F5B20DRAFT_mRNA562169	PF06218.17	Partial	None
gene-F5B20DRAFT_562171	rna-gnl|WGS:JAJKKE|F5B20DRAFT_mRNA562171	PF00579.32,PF16714.11	Complete	None
gene-F5B20DRAFT_562172	rna-gnl|WGS:JAJKKE|F5B20DRAFT_mRNA562172	PF05328.18	Partial	None
gene-F5B20DRAFT_562174	rna-gnl|WGS:JAJKKE|F5B20DRAFT_mRNA562174	PF04100.19,PF16854.12	Complete	None
gene-F5B20DRAFT_424795	rna-gnl|WGS:JAJKKE|F5B20DRAFT_mRNA424795	PF00704.35	Partial	None
gene-F5B20DRAFT_424730	rna-gnl|WGS:JAJKKE|F5B20DRAFT_mRNA424730	PF08241.19,PF13489.13,PF13649.13	Partial	None
gene-F5B20DRAFT_562188	rna-gnl|WGS:JAJKKE|F5B20DRAFT_mRNA562188	PF00240.30,PF00627.38	Complete	None
gene-F5B20DRAFT_595775	rna-gnl|WGS:JAJKKE|F5B20DRAFT_mRNA595775	PF00107.33,PF08240.18,PF13602.13	Partial	None
gene-F5B20DRAFT_425085	rna-gnl|WGS:JAJKKE|F5B20DRAFT_mRNA425085		None	None
gene-F5B20DRAFT_562195	rna-gnl|WGS:JAJKKE|F5B20DRAFT_mRNA562195	PF01425.27	Partial	None
gene-F5B20DRAFT_425105	rna-gnl|WGS:JAJKKE|F5B20DRAFT_mRNA425105	PF01135.26,PF08241.19,PF08242.19,PF13649.13,PF13679.13,PF13847.13	Partial	None
gene-F5B20DRAFT_425106	rna-gnl|WGS:JAJKKE|F5B20DRAFT_mRNA425106		None	None
gene-F5B20DRAFT_595781	rna-gnl|WGS:JAJKKE|F5B20DRAFT_mRNA595781	PF08643.17	Partial	None
gene-F5B20DRAFT_562201	rna-gnl|WGS:JAJKKE|F5B20DRAFT_mRNA562201	PF00642.31	Complete	None
gene-F5B20DRAFT_562207	rna-gnl|WGS:JAJKKE|F5B20DRAFT_mRNA562207	PF01055.33,PF21365.4	Complete	None
gene-F5B20DRAFT_585909	rna-gnl|WGS:JAJKKE|F5B20DRAFT_mRNA585909	PF08592.17	Partial	None
gene-F5B20DRAFT_562212	rna-gnl|WGS:JAJKKE|F5B20DRAFT_mRNA562212		None	None
gene-F5B20DRAFT_562214	rna-gnl|WGS:JAJKKE|F5B20DRAFT_mRNA562214	PF19501.6,PF21345.4,PF21346.4	Partial	None
gene-F5B20DRAFT_562216	rna-gnl|WGS:JAJKKE|F5B20DRAFT_mRNA562216	PF00023.37,PF00023.37,PF00023.37,PF00023.37,PF12796.14,PF12796.14,PF12796.14,PF13606.13,PF17111.12	Complete	None
gene-F5B20DRAFT_425281	rna-gnl|WGS:JAJKKE|F5B20DRAFT_mRNA425281	PF03807.24,PF14748.12	Partial	None
gene-F5B20DRAFT_425282	rna-gnl|WGS:JAJKKE|F5B20DRAFT_mRNA425282	PF00190.29,PF07883.18	Partial	None
gene-F5B20DRAFT_425300	rna-gnl|WGS:JAJKKE|F5B20DRAFT_mRNA425300		None	None
gene-F5B20DRAFT_595791	rna-gnl|WGS:JAJKKE|F5B20DRAFT_mRNA595791		None	None
gene-F5B20DRAFT_562225	rna-gnl|WGS:JAJKKE|F5B20DRAFT_mRNA562225		None	None
gene-F5B20DRAFT_425374	rna-gnl|WGS:JAJKKE|F5B20DRAFT_mRNA425374		None	None
gene-F5B20DRAFT_562238	rna-gnl|WGS:JAJKKE|F5B20DRAFT_mRNA562238	PF00856.34	Partial	None
gene-F5B20DRAFT_585920	rna-gnl|WGS:JAJKKE|F5B20DRAFT_mRNA585920		None	None
gene-F5B20DRAFT_562242	rna-gnl|WGS:JAJKKE|F5B20DRAFT_mRNA562242	PF05721.20	Partial	None
gene-F5B20DRAFT_562243	rna-gnl|WGS:JAJKKE|F5B20DRAFT_mRNA562243	PF00083.31,PF07690.22	Partial	None
gene-F5B20DRAFT_595795	rna-gnl|WGS:JAJKKE|F5B20DRAFT_mRNA595795		None	None
gene-F5B20DRAFT_425428	rna-gnl|WGS:JAJKKE|F5B20DRAFT_mRNA425428	PF01565.29	Partial	None
gene-F5B20DRAFT_425452	rna-gnl|WGS:JAJKKE|F5B20DRAFT_mRNA425452	PF20684.4	Partial	None
gene-F5B20DRAFT_562259	rna-gnl|WGS:JAJKKE|F5B20DRAFT_mRNA562259	PF00551.25	Partial	None
gene-F5B20DRAFT_562261	rna-gnl|WGS:JAJKKE|F5B20DRAFT_mRNA562261		None	None
gene-F5B20DRAFT_425493	rna-gnl|WGS:JAJKKE|F5B20DRAFT_mRNA425493	PF00069.32	Partial	None
gene-F5B20DRAFT_425506	rna-gnl|WGS:JAJKKE|F5B20DRAFT_mRNA425506	PF00560.40,PF12799.14,PF13855.13,PF13855.13	Complete	None
gene-F5B20DRAFT_562269	rna-gnl|WGS:JAJKKE|F5B20DRAFT_mRNA562269		None	None
gene-F5B20DRAFT_425535	rna-gnl|WGS:JAJKKE|F5B20DRAFT_mRNA425535	PF00108.30,PF02803.25	Complete	None
gene-F5B20DRAFT_425538	rna-gnl|WGS:JAJKKE|F5B20DRAFT_mRNA425538		None	None
gene-F5B20DRAFT_585933	rna-gnl|WGS:JAJKKE|F5B20DRAFT_mRNA585933		None	None
gene-F5B20DRAFT_595800	rna-gnl|WGS:JAJKKE|F5B20DRAFT_mRNA595800	PF00350.30	Partial	None
gene-F5B20DRAFT_573875	rna-gnl|WGS:JAJKKE|F5B20DRAFT_mRNA573875		None	None
gene-F5B20DRAFT_562272	rna-gnl|WGS:JAJKKE|F5B20DRAFT_mRNA562272	PF08241.19,PF13847.13	Partial	None
gene-F5B20DRAFT_562274	rna-gnl|WGS:JAJKKE|F5B20DRAFT_mRNA562274	PF01344.32,PF24681.2	Complete	None
gene-F5B20DRAFT_562275	rna-gnl|WGS:JAJKKE|F5B20DRAFT_mRNA562275	PF01717.25	Partial	None
gene-F5B20DRAFT_425614	rna-gnl|WGS:JAJKKE|F5B20DRAFT_mRNA425614		None	None
gene-F5B20DRAFT_595804	rna-gnl|WGS:JAJKKE|F5B20DRAFT_mRNA595804	PF00145.24,PF00145.24	Complete	None
gene-F5B20DRAFT_562293	rna-gnl|WGS:JAJKKE|F5B20DRAFT_mRNA562293	PF30880.1	Partial	None
gene-F5B20DRAFT_425980	rna-gnl|WGS:JAJKKE|F5B20DRAFT_mRNA425980		None	None
gene-F5B20DRAFT_425895	rna-gnl|WGS:JAJKKE|F5B20DRAFT_mRNA425895		None	None
gene-F5B20DRAFT_585943	rna-gnl|WGS:JAJKKE|F5B20DRAFT_mRNA585943	PF09791.15	Complete	None
gene-F5B20DRAFT_425897	rna-gnl|WGS:JAJKKE|F5B20DRAFT_mRNA425897		None	None
gene-F5B20DRAFT_425866	rna-gnl|WGS:JAJKKE|F5B20DRAFT_mRNA425866		None	None
gene-F5B20DRAFT_t98	gene-F5B20DRAFT_t98		None	None
gene-F5B20DRAFT_585946	rna-gnl|WGS:JAJKKE|F5B20DRAFT_mRNA585946		None	None
gene-F5B20DRAFT_573884	rna-gnl|WGS:JAJKKE|F5B20DRAFT_mRNA573884	PF00172.24	Partial	None
gene-F5B20DRAFT_426034	rna-gnl|WGS:JAJKKE|F5B20DRAFT_mRNA426034	PF20163.5,PF28510.1	Partial	None
gene-F5B20DRAFT_595816	rna-gnl|WGS:JAJKKE|F5B20DRAFT_mRNA595816		None	None
gene-F5B20DRAFT_426050	rna-gnl|WGS:JAJKKE|F5B20DRAFT_mRNA426050		None	None
gene-F5B20DRAFT_585952	rna-gnl|WGS:JAJKKE|F5B20DRAFT_mRNA585952	PF00172.24,PF04082.24	Partial	None
gene-F5B20DRAFT_573887	rna-gnl|WGS:JAJKKE|F5B20DRAFT_mRNA573887	PF00501.35,PF01370.28,PF07993.19,PF23562.3	Complete	None
gene-F5B20DRAFT_426125	rna-gnl|WGS:JAJKKE|F5B20DRAFT_mRNA426125	PF00561.27,PF12697.14	Partial	None
gene-F5B20DRAFT_426135	rna-gnl|WGS:JAJKKE|F5B20DRAFT_mRNA426135	PF01073.26,PF01370.28,PF16363.12	Partial	None
gene-F5B20DRAFT_426188	rna-gnl|WGS:JAJKKE|F5B20DRAFT_mRNA426188		None	None
gene-F5B20DRAFT_573890	rna-gnl|WGS:JAJKKE|F5B20DRAFT_mRNA573890		None	None
gene-F5B20DRAFT_426213	rna-gnl|WGS:JAJKKE|F5B20DRAFT_mRNA426213	PF00582.33,PF00582.33	Complete	None
gene-F5B20DRAFT_426201	rna-gnl|WGS:JAJKKE|F5B20DRAFT_mRNA426201	PF00076.29,PF00076.29,PF00076.29,PF00076.29,PF00076.29,PF00658.25,PF13893.13	Complete	None
gene-F5B20DRAFT_562348	rna-gnl|WGS:JAJKKE|F5B20DRAFT_mRNA562348	PF00632.31	Complete	None
gene-F5B20DRAFT_426350	rna-gnl|WGS:JAJKKE|F5B20DRAFT_mRNA426350		None	None
gene-F5B20DRAFT_562349	rna-gnl|WGS:JAJKKE|F5B20DRAFT_mRNA562349		None	None
gene-F5B20DRAFT_562350	rna-gnl|WGS:JAJKKE|F5B20DRAFT_mRNA562350		None	None
gene-F5B20DRAFT_562351	rna-gnl|WGS:JAJKKE|F5B20DRAFT_mRNA562351	PF20684.4	Partial	None
gene-F5B20DRAFT_562356	rna-gnl|WGS:JAJKKE|F5B20DRAFT_mRNA562356	PF07690.22	Partial	None
gene-F5B20DRAFT_562358	rna-gnl|WGS:JAJKKE|F5B20DRAFT_mRNA562358	PF02136.27	Partial	None
gene-F5B20DRAFT_573896	rna-gnl|WGS:JAJKKE|F5B20DRAFT_mRNA573896	PF10334.17,PF10337.16,PF11744.15,PF13515.13	Complete	None
gene-F5B20DRAFT_595824	rna-gnl|WGS:JAJKKE|F5B20DRAFT_mRNA595824	PF00300.28	Partial	None
gene-F5B20DRAFT_595828	rna-gnl|WGS:JAJKKE|F5B20DRAFT_mRNA595828	PF01565.29,PF08031.18	Complete	None
gene-F5B20DRAFT_562390	rna-gnl|WGS:JAJKKE|F5B20DRAFT_mRNA562390	PF04054.22,PF12842.13,PF16415.12,PF16417.12,PF16418.12	Complete	None
gene-F5B20DRAFT_585965	rna-gnl|WGS:JAJKKE|F5B20DRAFT_mRNA585965	PF00999.27	Partial	None
gene-F5B20DRAFT_426640	rna-gnl|WGS:JAJKKE|F5B20DRAFT_mRNA426640	PF07690.22	Partial	None
gene-F5B20DRAFT_595830	rna-gnl|WGS:JAJKKE|F5B20DRAFT_mRNA595830	PF03171.27,PF14226.13	Complete	None
gene-F5B20DRAFT_585968	rna-gnl|WGS:JAJKKE|F5B20DRAFT_mRNA585968		None	None
gene-F5B20DRAFT_426973	rna-gnl|WGS:JAJKKE|F5B20DRAFT_mRNA426973	PF00023.37,PF00023.37,PF00023.37,PF00023.37,PF12796.14,PF12796.14,PF13606.13,PF13637.13,PF13637.13,PF13857.13,PF22939.3,PF24883.3	Complete	None
gene-F5B20DRAFT_562419	rna-gnl|WGS:JAJKKE|F5B20DRAFT_mRNA562419	PF03443.21	Partial	None
gene-F5B20DRAFT_t97	gene-F5B20DRAFT_t97		None	None
gene-F5B20DRAFT_427128	rna-gnl|WGS:JAJKKE|F5B20DRAFT_mRNA427128		None	None
gene-F5B20DRAFT_427123	rna-gnl|WGS:JAJKKE|F5B20DRAFT_mRNA427123	PF25318.2	Partial	None
gene-F5B20DRAFT_427155	rna-gnl|WGS:JAJKKE|F5B20DRAFT_mRNA427155		None	None
gene-F5B20DRAFT_427137	rna-gnl|WGS:JAJKKE|F5B20DRAFT_mRNA427137	PF01205.26	Complete	None
gene-F5B20DRAFT_585975	rna-gnl|WGS:JAJKKE|F5B20DRAFT_mRNA585975	PF00023.37,PF00023.37,PF00023.37,PF12796.14,PF12796.14,PF13606.13,PF13606.13,PF13637.13	Complete	None
gene-F5B20DRAFT_585976	rna-gnl|WGS:JAJKKE|F5B20DRAFT_mRNA585976	PF00083.31	Partial	None
gene-F5B20DRAFT_427371	rna-gnl|WGS:JAJKKE|F5B20DRAFT_mRNA427371		None	None
gene-F5B20DRAFT_427380	rna-gnl|WGS:JAJKKE|F5B20DRAFT_mRNA427380		None	None
gene-F5B20DRAFT_427377	rna-gnl|WGS:JAJKKE|F5B20DRAFT_mRNA427377		None	None
gene-F5B20DRAFT_427400	rna-gnl|WGS:JAJKKE|F5B20DRAFT_mRNA427400		None	None
gene-F5B20DRAFT_595850	rna-gnl|WGS:JAJKKE|F5B20DRAFT_mRNA595850		None	None
gene-F5B20DRAFT_562485	rna-gnl|WGS:JAJKKE|F5B20DRAFT_mRNA562485		None	None
gene-F5B20DRAFT_427435	rna-gnl|WGS:JAJKKE|F5B20DRAFT_mRNA427435		None	None
gene-F5B20DRAFT_562492	rna-gnl|WGS:JAJKKE|F5B20DRAFT_mRNA562492	PF00445.24,PF25488.2	Complete	None
gene-F5B20DRAFT_595856	rna-gnl|WGS:JAJKKE|F5B20DRAFT_mRNA595856		None	None
gene-F5B20DRAFT_562495	rna-gnl|WGS:JAJKKE|F5B20DRAFT_mRNA562495		None	None
gene-F5B20DRAFT_562497	rna-gnl|WGS:JAJKKE|F5B20DRAFT_mRNA562497	PF11807.14	Partial	None
gene-F5B20DRAFT_562504	rna-gnl|WGS:JAJKKE|F5B20DRAFT_mRNA562504	PF00083.31,PF07690.22	Partial	None
gene-F5B20DRAFT_595863	rna-gnl|WGS:JAJKKE|F5B20DRAFT_mRNA595863	PF00884.29,PF16347.11	Complete	None
gene-F5B20DRAFT_573917	rna-gnl|WGS:JAJKKE|F5B20DRAFT_mRNA573917	PF28357.1	Partial	None
gene-F5B20DRAFT_585990	rna-gnl|WGS:JAJKKE|F5B20DRAFT_mRNA585990	PF07938.18	Partial	None
gene-F5B20DRAFT_427713	rna-gnl|WGS:JAJKKE|F5B20DRAFT_mRNA427713	PF25353.1	Complete	None
gene-F5B20DRAFT_427738	rna-gnl|WGS:JAJKKE|F5B20DRAFT_mRNA427738	PF00069.32,PF00536.38,PF00788.30,PF07647.25,PF07714.24,PF14847.13	Complete	None
gene-F5B20DRAFT_595868	rna-gnl|WGS:JAJKKE|F5B20DRAFT_mRNA595868	PF06355.19	Partial	None
gene-F5B20DRAFT_585995	rna-gnl|WGS:JAJKKE|F5B20DRAFT_mRNA585995		None	None
gene-F5B20DRAFT_562533	rna-gnl|WGS:JAJKKE|F5B20DRAFT_mRNA562533	PF01068.27,PF01068.27,PF04675.20,PF04679.22	Complete	None
gene-F5B20DRAFT_562536	rna-gnl|WGS:JAJKKE|F5B20DRAFT_mRNA562536	PF27832.2	Partial	None
gene-F5B20DRAFT_573922	rna-gnl|WGS:JAJKKE|F5B20DRAFT_mRNA573922	PF01757.29	Partial	None
gene-F5B20DRAFT_562541	rna-gnl|WGS:JAJKKE|F5B20DRAFT_mRNA562541	PF00026.29,PF14543.12	Partial	None
gene-F5B20DRAFT_427921	rna-gnl|WGS:JAJKKE|F5B20DRAFT_mRNA427921	PF00137.27,PF00137.27	Complete	None
gene-F5B20DRAFT_573925	rna-gnl|WGS:JAJKKE|F5B20DRAFT_mRNA573925	PF00787.30,PF09325.16	Partial	None
gene-F5B20DRAFT_586003	rna-gnl|WGS:JAJKKE|F5B20DRAFT_mRNA586003	PF00892.27	Partial	None
gene-F5B20DRAFT_595880	rna-gnl|WGS:JAJKKE|F5B20DRAFT_mRNA595880	PF01073.26,PF01370.28,PF02719.22,PF04321.24,PF07993.19,PF16363.12	Partial	None
gene-F5B20DRAFT_428046	rna-gnl|WGS:JAJKKE|F5B20DRAFT_mRNA428046	PF08241.19,PF08242.19,PF13489.13,PF13649.13	Complete	None
gene-F5B20DRAFT_428058	rna-gnl|WGS:JAJKKE|F5B20DRAFT_mRNA428058	PF05131.21,PF26148.1,PF28736.1,PF28737.1	Complete	None
gene-F5B20DRAFT_595884	rna-gnl|WGS:JAJKKE|F5B20DRAFT_mRNA595884		None	None
gene-F5B20DRAFT_428115	rna-gnl|WGS:JAJKKE|F5B20DRAFT_mRNA428115	PF00076.29,PF00806.26,PF00806.26,PF00806.26	Complete	None
gene-F5B20DRAFT_428184	rna-gnl|WGS:JAJKKE|F5B20DRAFT_mRNA428184	PF00628.36	Complete	None
gene-F5B20DRAFT_428175	rna-gnl|WGS:JAJKKE|F5B20DRAFT_mRNA428175	PF00557.30	Partial	None
gene-F5B20DRAFT_562631	rna-gnl|WGS:JAJKKE|F5B20DRAFT_mRNA562631	PF04855.18	Partial	None
gene-F5B20DRAFT_595893	rna-gnl|WGS:JAJKKE|F5B20DRAFT_mRNA595893		None	None
gene-F5B20DRAFT_428299	rna-gnl|WGS:JAJKKE|F5B20DRAFT_mRNA428299	PF01331.26,PF03919.22	Complete	None
gene-F5B20DRAFT_562638	rna-gnl|WGS:JAJKKE|F5B20DRAFT_mRNA562638	PF20168.5	Partial	None
gene-F5B20DRAFT_428320	rna-gnl|WGS:JAJKKE|F5B20DRAFT_mRNA428320		None	None
gene-F5B20DRAFT_428328	rna-gnl|WGS:JAJKKE|F5B20DRAFT_mRNA428328	PF08146.18,PF12397.14,PF23243.2	Complete	None
gene-F5B20DRAFT_562646	rna-gnl|WGS:JAJKKE|F5B20DRAFT_mRNA562646	PF00657.29,PF13472.13	Partial	None
gene-F5B20DRAFT_428493	rna-gnl|WGS:JAJKKE|F5B20DRAFT_mRNA428493		None	None
gene-F5B20DRAFT_586019	rna-gnl|WGS:JAJKKE|F5B20DRAFT_mRNA586019	PF02110.21,PF02581.24	Partial	None
gene-F5B20DRAFT_586020	rna-gnl|WGS:JAJKKE|F5B20DRAFT_mRNA586020	PF00857.27	Partial	None
gene-F5B20DRAFT_573940	rna-gnl|WGS:JAJKKE|F5B20DRAFT_mRNA573940	PF02055.23,PF14587.12,PF17189.11	Complete	None
gene-F5B20DRAFT_562659	rna-gnl|WGS:JAJKKE|F5B20DRAFT_mRNA562659	PF00155.28	Partial	None
gene-F5B20DRAFT_586023	rna-gnl|WGS:JAJKKE|F5B20DRAFT_mRNA586023	PF02458.21	Partial	None
gene-F5B20DRAFT_562664	rna-gnl|WGS:JAJKKE|F5B20DRAFT_mRNA562664	PF01553.27	Partial	None
gene-F5B20DRAFT_428657	rna-gnl|WGS:JAJKKE|F5B20DRAFT_mRNA428657		None	None
gene-F5B20DRAFT_595900	rna-gnl|WGS:JAJKKE|F5B20DRAFT_mRNA595900		None	None
gene-F5B20DRAFT_428765	rna-gnl|WGS:JAJKKE|F5B20DRAFT_mRNA428765	PF04791.22	Partial	None
gene-F5B20DRAFT_595910	rna-gnl|WGS:JAJKKE|F5B20DRAFT_mRNA595910		None	None
gene-F5B20DRAFT_573944	rna-gnl|WGS:JAJKKE|F5B20DRAFT_mRNA573944	PF03388.22	Partial	None
gene-F5B20DRAFT_428851	rna-gnl|WGS:JAJKKE|F5B20DRAFT_mRNA428851	PF00069.32,PF07714.24,PF14531.13	Partial	None
gene-F5B20DRAFT_573946	rna-gnl|WGS:JAJKKE|F5B20DRAFT_mRNA573946		None	None
gene-F5B20DRAFT_586032	rna-gnl|WGS:JAJKKE|F5B20DRAFT_mRNA586032	PF01323.27,PF01323.27	Partial	None
gene-F5B20DRAFT_595920	rna-gnl|WGS:JAJKKE|F5B20DRAFT_mRNA595920	PF00155.28,PF00266.26,PF01041.24,PF01053.27	Partial	None
gene-F5B20DRAFT_429042	rna-gnl|WGS:JAJKKE|F5B20DRAFT_mRNA429042	PF00795.28	Partial	None
gene-F5B20DRAFT_562715	rna-gnl|WGS:JAJKKE|F5B20DRAFT_mRNA562715	PF00561.27	Partial	None
gene-F5B20DRAFT_429087	rna-gnl|WGS:JAJKKE|F5B20DRAFT_mRNA429087	PF00696.34,PF13840.13,PF22468.3	Complete	None
gene-F5B20DRAFT_429063	rna-gnl|WGS:JAJKKE|F5B20DRAFT_mRNA429063	PF00106.32,PF00106.32,PF13561.13	Partial	None
gene-F5B20DRAFT_429501	rna-gnl|WGS:JAJKKE|F5B20DRAFT_mRNA429501		None	None
gene-F5B20DRAFT_595926	rna-gnl|WGS:JAJKKE|F5B20DRAFT_mRNA595926		None	None
gene-F5B20DRAFT_595929	rna-gnl|WGS:JAJKKE|F5B20DRAFT_mRNA595929	PF00248.28	Partial	None
gene-F5B20DRAFT_562734	rna-gnl|WGS:JAJKKE|F5B20DRAFT_mRNA562734	PF16978.12,PF16979.12	Complete	None
gene-F5B20DRAFT_562739	rna-gnl|WGS:JAJKKE|F5B20DRAFT_mRNA562739	PF00106.32,PF08659.17,PF13561.13	Partial	None
gene-F5B20DRAFT_429546	rna-gnl|WGS:JAJKKE|F5B20DRAFT_mRNA429546	PF00891.25	Partial	None
gene-F5B20DRAFT_562757	rna-gnl|WGS:JAJKKE|F5B20DRAFT_mRNA562757	PF26616.1	Partial	None
gene-F5B20DRAFT_562764	rna-gnl|WGS:JAJKKE|F5B20DRAFT_mRNA562764		None	None
gene-F5B20DRAFT_562767	rna-gnl|WGS:JAJKKE|F5B20DRAFT_mRNA562767	PF00069.32,PF07714.24,PF24476.2	Complete	None
gene-F5B20DRAFT_562769	rna-gnl|WGS:JAJKKE|F5B20DRAFT_mRNA562769	PF00069.32,PF07714.24,PF13374.13,PF13374.13,PF13374.13,PF13374.13,PF13374.13,PF13424.13,PF13424.13	Complete	None
gene-F5B20DRAFT_573957	rna-gnl|WGS:JAJKKE|F5B20DRAFT_mRNA573957	PF02958.27,PF07914.18	Partial	None
gene-F5B20DRAFT_562773	rna-gnl|WGS:JAJKKE|F5B20DRAFT_mRNA562773	PF01425.27	Partial	None
gene-F5B20DRAFT_429724	rna-gnl|WGS:JAJKKE|F5B20DRAFT_mRNA429724	PF10253.15	Partial	None
gene-F5B20DRAFT_429721	rna-gnl|WGS:JAJKKE|F5B20DRAFT_mRNA429721	PF24483.2	Partial	None
gene-F5B20DRAFT_429744	rna-gnl|WGS:JAJKKE|F5B20DRAFT_mRNA429744	PF00443.36,PF12030.14,PF13423.13,PF26970.1	Complete	None
gene-F5B20DRAFT_562778	rna-gnl|WGS:JAJKKE|F5B20DRAFT_mRNA562778	PF08228.17	Partial	None
gene-F5B20DRAFT_586050	rna-gnl|WGS:JAJKKE|F5B20DRAFT_mRNA586050		None	None
gene-F5B20DRAFT_562782	rna-gnl|WGS:JAJKKE|F5B20DRAFT_mRNA562782	PF03914.24,PF07540.17	Complete	None
gene-F5B20DRAFT_573964	rna-gnl|WGS:JAJKKE|F5B20DRAFT_mRNA573964	PF03657.21,PF17833.8	Partial	None
gene-F5B20DRAFT_429843	rna-gnl|WGS:JAJKKE|F5B20DRAFT_mRNA429843	PF00696.34,PF01472.27	Complete	None
gene-F5B20DRAFT_562785	rna-gnl|WGS:JAJKKE|F5B20DRAFT_mRNA562785	PF09768.16	Partial	None
gene-F5B20DRAFT_562788	rna-gnl|WGS:JAJKKE|F5B20DRAFT_mRNA562788	PF00069.32,PF07714.24,PF14531.13	Partial	None
gene-F5B20DRAFT_562790	rna-gnl|WGS:JAJKKE|F5B20DRAFT_mRNA562790	PF14033.13,PF21666.3	Partial	None
gene-F5B20DRAFT_562791	rna-gnl|WGS:JAJKKE|F5B20DRAFT_mRNA562791		None	None
gene-F5B20DRAFT_595935	rna-gnl|WGS:JAJKKE|F5B20DRAFT_mRNA595935		None	None
gene-F5B20DRAFT_573970	rna-gnl|WGS:JAJKKE|F5B20DRAFT_mRNA573970	PF00406.30,PF13207.13,PF13238.13	Partial	None
gene-F5B20DRAFT_595938	rna-gnl|WGS:JAJKKE|F5B20DRAFT_mRNA595938	PF06985.18	Partial	None
gene-F5B20DRAFT_562795	rna-gnl|WGS:JAJKKE|F5B20DRAFT_mRNA562795		None	None
gene-F5B20DRAFT_429927	rna-gnl|WGS:JAJKKE|F5B20DRAFT_mRNA429927		None	None
gene-F5B20DRAFT_562802	rna-gnl|WGS:JAJKKE|F5B20DRAFT_mRNA562802	PF00152.26,PF01336.32,PF20917.3	Complete	None
gene-F5B20DRAFT_595942	rna-gnl|WGS:JAJKKE|F5B20DRAFT_mRNA595942	PF09736.15	Partial	None
gene-F5B20DRAFT_429986	rna-gnl|WGS:JAJKKE|F5B20DRAFT_mRNA429986		None	None
gene-F5B20DRAFT_429995	rna-gnl|WGS:JAJKKE|F5B20DRAFT_mRNA429995	PF03828.25,PF22600.3	Complete	None
gene-F5B20DRAFT_586067	rna-gnl|WGS:JAJKKE|F5B20DRAFT_mRNA586067		None	None
gene-F5B20DRAFT_430020	rna-gnl|WGS:JAJKKE|F5B20DRAFT_mRNA430020	PF13793.13,PF14572.13	Complete	None
gene-F5B20DRAFT_430042	rna-gnl|WGS:JAJKKE|F5B20DRAFT_mRNA430042	PF12813.13	Partial	None
gene-F5B20DRAFT_562820	rna-gnl|WGS:JAJKKE|F5B20DRAFT_mRNA562820	PF01494.26,PF30690.1	Partial	None
gene-F5B20DRAFT_562823	rna-gnl|WGS:JAJKKE|F5B20DRAFT_mRNA562823		None	None
gene-F5B20DRAFT_562824	rna-gnl|WGS:JAJKKE|F5B20DRAFT_mRNA562824	PF15891.12	Partial	None
gene-F5B20DRAFT_562825	rna-gnl|WGS:JAJKKE|F5B20DRAFT_mRNA562825	PF08241.19	Partial	None
gene-F5B20DRAFT_586073	rna-gnl|WGS:JAJKKE|F5B20DRAFT_mRNA586073		None	None
gene-F5B20DRAFT_586074	rna-gnl|WGS:JAJKKE|F5B20DRAFT_mRNA586074	PF24803.2	Partial	None
gene-F5B20DRAFT_430142	rna-gnl|WGS:JAJKKE|F5B20DRAFT_mRNA430142	PF00190.29,PF00190.29,PF07883.18,PF07883.18	Complete	None
gene-F5B20DRAFT_595949	rna-gnl|WGS:JAJKKE|F5B20DRAFT_mRNA595949	PF00152.26	Partial	None
gene-F5B20DRAFT_562839	rna-gnl|WGS:JAJKKE|F5B20DRAFT_mRNA562839	PF00155.28	Partial	None
gene-F5B20DRAFT_586079	rna-gnl|WGS:JAJKKE|F5B20DRAFT_mRNA586079	PF00400.39,PF22939.3,PF24883.3	Complete	None
gene-F5B20DRAFT_573985	rna-gnl|WGS:JAJKKE|F5B20DRAFT_mRNA573985	PF03881.21	Partial	None
gene-F5B20DRAFT_430365	rna-gnl|WGS:JAJKKE|F5B20DRAFT_mRNA430365	PF07690.22	Partial	None
gene-F5B20DRAFT_t100	gene-F5B20DRAFT_t100		None	None
gene-F5B20DRAFT_595961	rna-gnl|WGS:JAJKKE|F5B20DRAFT_mRNA595961		None	None
gene-F5B20DRAFT_562877	rna-gnl|WGS:JAJKKE|F5B20DRAFT_mRNA562877	PF00106.32,PF08659.17,PF13561.13	Partial	None
gene-F5B20DRAFT_562897	rna-gnl|WGS:JAJKKE|F5B20DRAFT_mRNA562897	PF01138.28	Partial	None
gene-F5B20DRAFT_430666	rna-gnl|WGS:JAJKKE|F5B20DRAFT_mRNA430666	PF13920.13	Complete	None
gene-F5B20DRAFT_430692	rna-gnl|WGS:JAJKKE|F5B20DRAFT_mRNA430692	PF01974.24,PF26577.1	Complete	None
gene-F5B20DRAFT_430697	rna-gnl|WGS:JAJKKE|F5B20DRAFT_mRNA430697	PF05625.18	Partial	None
gene-F5B20DRAFT_586087	rna-gnl|WGS:JAJKKE|F5B20DRAFT_mRNA586087	PF03870.22	Partial	None
gene-F5B20DRAFT_573992	rna-gnl|WGS:JAJKKE|F5B20DRAFT_mRNA573992	PF00293.35,PF15916.12	Partial	None
gene-F5B20DRAFT_595962	rna-gnl|WGS:JAJKKE|F5B20DRAFT_mRNA595962	PF05603.18,PF21057.3	Complete	None
gene-F5B20DRAFT_430758	rna-gnl|WGS:JAJKKE|F5B20DRAFT_mRNA430758	PF01150.24	Partial	None
gene-F5B20DRAFT_430757	rna-gnl|WGS:JAJKKE|F5B20DRAFT_mRNA430757		None	None
gene-F5B20DRAFT_562912	rna-gnl|WGS:JAJKKE|F5B20DRAFT_mRNA562912		None	None
gene-F5B20DRAFT_586092	rna-gnl|WGS:JAJKKE|F5B20DRAFT_mRNA586092		None	None
gene-F5B20DRAFT_573994	rna-gnl|WGS:JAJKKE|F5B20DRAFT_mRNA573994	PF14634.13	Partial	None
gene-F5B20DRAFT_430837	rna-gnl|WGS:JAJKKE|F5B20DRAFT_mRNA430837		None	None
gene-F5B20DRAFT_431013	rna-gnl|WGS:JAJKKE|F5B20DRAFT_mRNA431013	PF00172.24,PF04082.24	Partial	None
gene-F5B20DRAFT_586095	rna-gnl|WGS:JAJKKE|F5B20DRAFT_mRNA586095	PF00899.28	Partial	None
gene-F5B20DRAFT_586097	rna-gnl|WGS:JAJKKE|F5B20DRAFT_mRNA586097	PF00083.31,PF06609.19,PF07690.22	Partial	None
gene-F5B20DRAFT_431400	rna-gnl|WGS:JAJKKE|F5B20DRAFT_mRNA431400	PF03452.21	Partial	None
gene-F5B20DRAFT_595974	rna-gnl|WGS:JAJKKE|F5B20DRAFT_mRNA595974	PF01369.26,PF12783.14,PF23325.2	Complete	None
gene-F5B20DRAFT_562950	rna-gnl|WGS:JAJKKE|F5B20DRAFT_mRNA562950	PF00076.29,PF00076.29	Complete	None
gene-F5B20DRAFT_586101	rna-gnl|WGS:JAJKKE|F5B20DRAFT_mRNA586101	PF22939.3,PF24883.3	Complete	None
gene-F5B20DRAFT_t99	gene-F5B20DRAFT_t99		None	None
gene-F5B20DRAFT_586102	rna-gnl|WGS:JAJKKE|F5B20DRAFT_mRNA586102	PF01813.23	Partial	None
gene-F5B20DRAFT_431559	rna-gnl|WGS:JAJKKE|F5B20DRAFT_mRNA431559	PF05843.21,PF13181.13,PF23220.2,PF23231.2,PF23233.2,PF23240.2,PF23240.2	Complete	None
gene-F5B20DRAFT_562964	rna-gnl|WGS:JAJKKE|F5B20DRAFT_mRNA562964		None	None
gene-F5B20DRAFT_431640	rna-gnl|WGS:JAJKKE|F5B20DRAFT_mRNA431640		None	None
gene-F5B20DRAFT_431664	rna-gnl|WGS:JAJKKE|F5B20DRAFT_mRNA431664	PF11327.14	Partial	None
gene-F5B20DRAFT_562975	rna-gnl|WGS:JAJKKE|F5B20DRAFT_mRNA562975	PF01743.27,PF12627.13	Complete	None
gene-F5B20DRAFT_562980	rna-gnl|WGS:JAJKKE|F5B20DRAFT_mRNA562980	PF00067.28	Partial	None
gene-F5B20DRAFT_586110	rna-gnl|WGS:JAJKKE|F5B20DRAFT_mRNA586110	PF00248.28	Partial	None
gene-F5B20DRAFT_586111	rna-gnl|WGS:JAJKKE|F5B20DRAFT_mRNA586111	PF00005.34,PF00005.34,PF01061.30,PF01061.30,PF06422.19,PF14510.12	Complete	None
gene-F5B20DRAFT_562986	rna-gnl|WGS:JAJKKE|F5B20DRAFT_mRNA562986	PF03171.27,PF14226.13	Complete	None
gene-F5B20DRAFT_562987	rna-gnl|WGS:JAJKKE|F5B20DRAFT_mRNA562987	PF00106.32,PF08659.17,PF13561.13,PF23441.1	Partial	None
gene-F5B20DRAFT_431895	rna-gnl|WGS:JAJKKE|F5B20DRAFT_mRNA431895	PF01494.26	Partial	None
gene-F5B20DRAFT_586115	rna-gnl|WGS:JAJKKE|F5B20DRAFT_mRNA586115	PF00108.30,PF00109.33,PF00550.32,PF00698.27,PF01370.28,PF02801.29,PF07993.19,PF08242.19,PF13649.13,PF16073.11,PF18558.9	Complete	None
gene-F5B20DRAFT_431995	rna-gnl|WGS:JAJKKE|F5B20DRAFT_mRNA431995		None	None
gene-F5B20DRAFT_431972	rna-gnl|WGS:JAJKKE|F5B20DRAFT_mRNA431972		None	None
gene-F5B20DRAFT_432026	rna-gnl|WGS:JAJKKE|F5B20DRAFT_mRNA432026	PF06011.18,PF14558.12	Partial	None
gene-F5B20DRAFT_563011	rna-gnl|WGS:JAJKKE|F5B20DRAFT_mRNA563011	PF12697.14	Partial	None
gene-F5B20DRAFT_563014	rna-gnl|WGS:JAJKKE|F5B20DRAFT_mRNA563014		None	None
gene-F5B20DRAFT_574013	rna-gnl|WGS:JAJKKE|F5B20DRAFT_mRNA574013	PF05978.23,PF07690.22	Partial	None
gene-F5B20DRAFT_432069	rna-gnl|WGS:JAJKKE|F5B20DRAFT_mRNA432069		None	None
gene-F5B20DRAFT_432070	rna-gnl|WGS:JAJKKE|F5B20DRAFT_mRNA432070	PF10521.15	Partial	None
gene-F5B20DRAFT_586123	rna-gnl|WGS:JAJKKE|F5B20DRAFT_mRNA586123	PF02383.24	Partial	None
gene-F5B20DRAFT_563029	rna-gnl|WGS:JAJKKE|F5B20DRAFT_mRNA563029		None	None
gene-F5B20DRAFT_432291	rna-gnl|WGS:JAJKKE|F5B20DRAFT_mRNA432291	PF06417.18	Partial	None
gene-F5B20DRAFT_586126	rna-gnl|WGS:JAJKKE|F5B20DRAFT_mRNA586126	PF01602.27,PF02985.29,PF12717.14,PF13646.13	Complete	None
gene-F5B20DRAFT_595996	rna-gnl|WGS:JAJKKE|F5B20DRAFT_mRNA595996		None	None
gene-F5B20DRAFT_432427	rna-gnl|WGS:JAJKKE|F5B20DRAFT_mRNA432427	PF13881.13	Partial	None
gene-F5B20DRAFT_563050	rna-gnl|WGS:JAJKKE|F5B20DRAFT_mRNA563050		None	None
gene-F5B20DRAFT_432431	rna-gnl|WGS:JAJKKE|F5B20DRAFT_mRNA432431	PF05348.17	Partial	None
gene-F5B20DRAFT_563061	rna-gnl|WGS:JAJKKE|F5B20DRAFT_mRNA563061	PF00005.34,PF00005.34,PF13304.13	Complete	None
gene-F5B20DRAFT_432458	rna-gnl|WGS:JAJKKE|F5B20DRAFT_mRNA432458	PF01644.24,PF03142.22,PF08407.18	Complete	None
gene-F5B20DRAFT_563064	rna-gnl|WGS:JAJKKE|F5B20DRAFT_mRNA563064		None	None
gene-F5B20DRAFT_432478	rna-gnl|WGS:JAJKKE|F5B20DRAFT_mRNA432478	PF00857.27	Partial	None
gene-F5B20DRAFT_432516	rna-gnl|WGS:JAJKKE|F5B20DRAFT_mRNA432516		None	None
gene-F5B20DRAFT_595998	rna-gnl|WGS:JAJKKE|F5B20DRAFT_mRNA595998	PF00331.27	Partial	None
gene-F5B20DRAFT_596000	rna-gnl|WGS:JAJKKE|F5B20DRAFT_mRNA596000	PF20150.5	Partial	None
gene-F5B20DRAFT_432531	rna-gnl|WGS:JAJKKE|F5B20DRAFT_mRNA432531	PF02434.24,PF04646.19	Complete	None
gene-F5B20DRAFT_432656	rna-gnl|WGS:JAJKKE|F5B20DRAFT_mRNA432656		None	None
gene-F5B20DRAFT_432602	rna-gnl|WGS:JAJKKE|F5B20DRAFT_mRNA432602		None	None
gene-F5B20DRAFT_563081	rna-gnl|WGS:JAJKKE|F5B20DRAFT_mRNA563081	PF01370.28,PF05368.20,PF13460.13	Partial	None
gene-F5B20DRAFT_586140	rna-gnl|WGS:JAJKKE|F5B20DRAFT_mRNA586140		None	None
gene-F5B20DRAFT_563087	rna-gnl|WGS:JAJKKE|F5B20DRAFT_mRNA563087		None	None
gene-F5B20DRAFT_432849	rna-gnl|WGS:JAJKKE|F5B20DRAFT_mRNA432849	PF11807.14	Partial	None
gene-F5B20DRAFT_586143	rna-gnl|WGS:JAJKKE|F5B20DRAFT_mRNA586143		None	None
gene-F5B20DRAFT_432865	rna-gnl|WGS:JAJKKE|F5B20DRAFT_mRNA432865	PF00583.32,PF13508.14,PF13673.14	Partial	None
gene-F5B20DRAFT_432874	rna-gnl|WGS:JAJKKE|F5B20DRAFT_mRNA432874	PF00153.33,PF00153.33,PF00153.33	Complete	None
gene-F5B20DRAFT_563094	rna-gnl|WGS:JAJKKE|F5B20DRAFT_mRNA563094		None	None
gene-F5B20DRAFT_563096	rna-gnl|WGS:JAJKKE|F5B20DRAFT_mRNA563096	PF00067.28	Partial	None
gene-F5B20DRAFT_563113	rna-gnl|WGS:JAJKKE|F5B20DRAFT_mRNA563113	PF06985.18	Partial	None
gene-F5B20DRAFT_574026	rna-gnl|WGS:JAJKKE|F5B20DRAFT_mRNA574026	PF00069.32,PF07714.24,PF14531.13	Partial	None
gene-F5B20DRAFT_563119	rna-gnl|WGS:JAJKKE|F5B20DRAFT_mRNA563119	PF01546.34,PF07687.20	Complete	None
gene-F5B20DRAFT_433092	rna-gnl|WGS:JAJKKE|F5B20DRAFT_mRNA433092	PF01008.24	Partial	None
gene-F5B20DRAFT_563122	rna-gnl|WGS:JAJKKE|F5B20DRAFT_mRNA563122	PF12584.14,PF23036.3,PF23274.2,PF24965.2,PF24967.2,PF28381.1,PF30303.1	Complete	None
gene-F5B20DRAFT_563129	rna-gnl|WGS:JAJKKE|F5B20DRAFT_mRNA563129	PF00432.28	Partial	None
gene-F5B20DRAFT_433137	rna-gnl|WGS:JAJKKE|F5B20DRAFT_mRNA433137	PF10311.15	Partial	None
gene-F5B20DRAFT_433171	rna-gnl|WGS:JAJKKE|F5B20DRAFT_mRNA433171	PF09797.16	Partial	None
gene-F5B20DRAFT_563137	rna-gnl|WGS:JAJKKE|F5B20DRAFT_mRNA563137		None	None
gene-F5B20DRAFT_433262	rna-gnl|WGS:JAJKKE|F5B20DRAFT_mRNA433262		None	None
gene-F5B20DRAFT_586158	rna-gnl|WGS:JAJKKE|F5B20DRAFT_mRNA586158		None	None
gene-F5B20DRAFT_563149	rna-gnl|WGS:JAJKKE|F5B20DRAFT_mRNA563149	PF07519.18	Partial	None
gene-F5B20DRAFT_433346	rna-gnl|WGS:JAJKKE|F5B20DRAFT_mRNA433346	PF07690.22	Partial	None
gene-F5B20DRAFT_586161	rna-gnl|WGS:JAJKKE|F5B20DRAFT_mRNA586161		None	None
gene-F5B20DRAFT_433501	rna-gnl|WGS:JAJKKE|F5B20DRAFT_mRNA433501	PF12511.14	Complete	None
gene-F5B20DRAFT_563159	rna-gnl|WGS:JAJKKE|F5B20DRAFT_mRNA563159		None	None
gene-F5B20DRAFT_596024	rna-gnl|WGS:JAJKKE|F5B20DRAFT_mRNA596024	PF00106.32,PF13561.13	Partial	None
gene-F5B20DRAFT_433534	rna-gnl|WGS:JAJKKE|F5B20DRAFT_mRNA433534		None	None
gene-F5B20DRAFT_596030	rna-gnl|WGS:JAJKKE|F5B20DRAFT_mRNA596030	PF01636.30	Partial	None
gene-F5B20DRAFT_433591	rna-gnl|WGS:JAJKKE|F5B20DRAFT_mRNA433591		None	None
gene-F5B20DRAFT_433548	rna-gnl|WGS:JAJKKE|F5B20DRAFT_mRNA433548	PF01209.25,PF02353.27,PF07021.19,PF08241.19,PF08242.19,PF13489.13,PF13649.13,PF13847.13	Complete	None
gene-F5B20DRAFT_433605	rna-gnl|WGS:JAJKKE|F5B20DRAFT_mRNA433605		None	None
gene-F5B20DRAFT_433653	rna-gnl|WGS:JAJKKE|F5B20DRAFT_mRNA433653	PF02574.23	Partial	None
gene-F5B20DRAFT_433697	rna-gnl|WGS:JAJKKE|F5B20DRAFT_mRNA433697	PF00168.37	Partial	None
gene-F5B20DRAFT_574040	rna-gnl|WGS:JAJKKE|F5B20DRAFT_mRNA574040	PF00082.28,PF05922.22	Partial	None
gene-F5B20DRAFT_433705	rna-gnl|WGS:JAJKKE|F5B20DRAFT_mRNA433705	PF07690.22,PF07690.22	Partial	None
gene-F5B20DRAFT_563186	rna-gnl|WGS:JAJKKE|F5B20DRAFT_mRNA563186	PF01161.27	Partial	None
gene-F5B20DRAFT_433930	rna-gnl|WGS:JAJKKE|F5B20DRAFT_mRNA433930	PF11309.14	Partial	None
gene-F5B20DRAFT_563190	rna-gnl|WGS:JAJKKE|F5B20DRAFT_mRNA563190		None	None
gene-F5B20DRAFT_574043	rna-gnl|WGS:JAJKKE|F5B20DRAFT_mRNA574043		None	None
gene-F5B20DRAFT_596042	rna-gnl|WGS:JAJKKE|F5B20DRAFT_mRNA596042	PF00149.34	Partial	None
gene-F5B20DRAFT_596046	rna-gnl|WGS:JAJKKE|F5B20DRAFT_mRNA596046	PF00106.32,PF08643.17,PF08659.17,PF13561.13	Partial	None
gene-F5B20DRAFT_586178	rna-gnl|WGS:JAJKKE|F5B20DRAFT_mRNA586178	PF20684.4	Partial	None
gene-F5B20DRAFT_563200	rna-gnl|WGS:JAJKKE|F5B20DRAFT_mRNA563200		None	None
gene-F5B20DRAFT_563202	rna-gnl|WGS:JAJKKE|F5B20DRAFT_mRNA563202		None	None
gene-F5B20DRAFT_563206	rna-gnl|WGS:JAJKKE|F5B20DRAFT_mRNA563206	PF04777.19	Partial	None
gene-F5B20DRAFT_434000	rna-gnl|WGS:JAJKKE|F5B20DRAFT_mRNA434000	PF00227.32	Partial	None
gene-F5B20DRAFT_434030	rna-gnl|WGS:JAJKKE|F5B20DRAFT_mRNA434030		None	None
gene-F5B20DRAFT_574048	rna-gnl|WGS:JAJKKE|F5B20DRAFT_mRNA574048	PF08613.17,PF08613.17	Complete	None
gene-F5B20DRAFT_434121	rna-gnl|WGS:JAJKKE|F5B20DRAFT_mRNA434121	PF00190.29,PF00190.29,PF07883.18,PF07883.18	Complete	None
gene-F5B20DRAFT_563219	rna-gnl|WGS:JAJKKE|F5B20DRAFT_mRNA563219		None	None
gene-F5B20DRAFT_563220	rna-gnl|WGS:JAJKKE|F5B20DRAFT_mRNA563220		None	None
gene-F5B20DRAFT_586185	rna-gnl|WGS:JAJKKE|F5B20DRAFT_mRNA586185	PF01467.33	Partial	None
gene-F5B20DRAFT_596051	rna-gnl|WGS:JAJKKE|F5B20DRAFT_mRNA596051	PF00501.35,PF01073.26,PF01370.28,PF07993.19,PF23562.3	Complete	None
gene-F5B20DRAFT_586187	rna-gnl|WGS:JAJKKE|F5B20DRAFT_mRNA586187		None	None
gene-F5B20DRAFT_434179	rna-gnl|WGS:JAJKKE|F5B20DRAFT_mRNA434179	PF00651.38	Partial	None
gene-F5B20DRAFT_563229	rna-gnl|WGS:JAJKKE|F5B20DRAFT_mRNA563229		None	None
gene-F5B20DRAFT_434238	rna-gnl|WGS:JAJKKE|F5B20DRAFT_mRNA434238		None	None
gene-F5B20DRAFT_434235	rna-gnl|WGS:JAJKKE|F5B20DRAFT_mRNA434235		None	None
gene-F5B20DRAFT_563234	rna-gnl|WGS:JAJKKE|F5B20DRAFT_mRNA563234	PF00389.37,PF02826.26	Partial	None
gene-F5B20DRAFT_563236	rna-gnl|WGS:JAJKKE|F5B20DRAFT_mRNA563236	PF00743.26,PF07992.21,PF13450.13,PF13454.13,PF19834.5	Complete	None
gene-F5B20DRAFT_574054	rna-gnl|WGS:JAJKKE|F5B20DRAFT_mRNA574054	PF07690.22	Partial	None
gene-F5B20DRAFT_574055	rna-gnl|WGS:JAJKKE|F5B20DRAFT_mRNA574055	PF00002.30,PF05462.18	Partial	None
gene-F5B20DRAFT_563269	rna-gnl|WGS:JAJKKE|F5B20DRAFT_mRNA563269		None	None
gene-F5B20DRAFT_563270	rna-gnl|WGS:JAJKKE|F5B20DRAFT_mRNA563270	PF00106.32,PF00107.33,PF00109.33,PF00698.27,PF02801.29,PF08240.18,PF08659.17,PF13602.13,PF14765.13,PF16197.12,PF21089.4,PF23114.1	Complete	None
gene-F5B20DRAFT_434716	rna-gnl|WGS:JAJKKE|F5B20DRAFT_mRNA434716	PF00106.32,PF13561.13	Partial	None
gene-F5B20DRAFT_586200	rna-gnl|WGS:JAJKKE|F5B20DRAFT_mRNA586200	PF00106.32,PF08659.17,PF13561.13,PF13561.13	Partial	None
gene-F5B20DRAFT_434849	rna-gnl|WGS:JAJKKE|F5B20DRAFT_mRNA434849		None	None
gene-F5B20DRAFT_434852	rna-gnl|WGS:JAJKKE|F5B20DRAFT_mRNA434852		None	None
gene-F5B20DRAFT_434900	rna-gnl|WGS:JAJKKE|F5B20DRAFT_mRNA434900	PF05859.18	Partial	None
gene-F5B20DRAFT_434895	rna-gnl|WGS:JAJKKE|F5B20DRAFT_mRNA434895	PF01535.27,PF13041.13,PF13041.13,PF13812.13,PF13812.13	Complete	None
gene-F5B20DRAFT_596065	rna-gnl|WGS:JAJKKE|F5B20DRAFT_mRNA596065	PF00328.28	Partial	None
gene-F5B20DRAFT_434934	rna-gnl|WGS:JAJKKE|F5B20DRAFT_mRNA434934	PF00076.29,PF00076.29,PF10378.15,PF10567.16	Complete	None
gene-F5B20DRAFT_563320	rna-gnl|WGS:JAJKKE|F5B20DRAFT_mRNA563320	PF00491.27	Partial	None
gene-F5B20DRAFT_435028	rna-gnl|WGS:JAJKKE|F5B20DRAFT_mRNA435028	PF00025.28,PF00071.29,PF08477.20	Partial	None
gene-F5B20DRAFT_563327	rna-gnl|WGS:JAJKKE|F5B20DRAFT_mRNA563327	PF21730.3	Partial	None
gene-F5B20DRAFT_563328	rna-gnl|WGS:JAJKKE|F5B20DRAFT_mRNA563328	PF00454.34,PF02259.30,PF02260.26,PF11640.14,PF30717.1,PF30718.1	Complete	None
gene-F5B20DRAFT_435099	rna-gnl|WGS:JAJKKE|F5B20DRAFT_mRNA435099	PF11894.15	Partial	None
gene-F5B20DRAFT_563331	rna-gnl|WGS:JAJKKE|F5B20DRAFT_mRNA563331	PF00324.28,PF13520.13	Partial	None
gene-F5B20DRAFT_563339	rna-gnl|WGS:JAJKKE|F5B20DRAFT_mRNA563339	PF00248.28	Partial	None
gene-F5B20DRAFT_435138	rna-gnl|WGS:JAJKKE|F5B20DRAFT_mRNA435138	PF05536.18	Partial	None
gene-F5B20DRAFT_563343	rna-gnl|WGS:JAJKKE|F5B20DRAFT_mRNA563343	PF00654.26	Partial	None
gene-F5B20DRAFT_574069	rna-gnl|WGS:JAJKKE|F5B20DRAFT_mRNA574069	PF07690.22	Partial	None
gene-F5B20DRAFT_563362	rna-gnl|WGS:JAJKKE|F5B20DRAFT_mRNA563362	PF00476.27,PF18136.7	Complete	None
gene-F5B20DRAFT_563368	rna-gnl|WGS:JAJKKE|F5B20DRAFT_mRNA563368	PF00172.24	Partial	None
gene-F5B20DRAFT_563373	rna-gnl|WGS:JAJKKE|F5B20DRAFT_mRNA563373	PF19086.6	Partial	None
gene-F5B20DRAFT_563376	rna-gnl|WGS:JAJKKE|F5B20DRAFT_mRNA563376	PF00648.28	Partial	None
gene-F5B20DRAFT_563380	rna-gnl|WGS:JAJKKE|F5B20DRAFT_mRNA563380	PF01636.30,PF02958.27	Partial	None
gene-F5B20DRAFT_435530	rna-gnl|WGS:JAJKKE|F5B20DRAFT_mRNA435530	PF00067.28	Partial	None
gene-F5B20DRAFT_563385	rna-gnl|WGS:JAJKKE|F5B20DRAFT_mRNA563385	PF00106.32,PF13561.13	Partial	None
gene-F5B20DRAFT_563388	rna-gnl|WGS:JAJKKE|F5B20DRAFT_mRNA563388	PF10261.16	Partial	None
gene-F5B20DRAFT_435637	rna-gnl|WGS:JAJKKE|F5B20DRAFT_mRNA435637	PF12708.13,PF12708.13	Complete	None
gene-F5B20DRAFT_563396	rna-gnl|WGS:JAJKKE|F5B20DRAFT_mRNA563396	PF00296.27	Partial	None
gene-F5B20DRAFT_586226	rna-gnl|WGS:JAJKKE|F5B20DRAFT_mRNA586226	PF09830.15,PF19327.5	Complete	None
gene-F5B20DRAFT_435687	rna-gnl|WGS:JAJKKE|F5B20DRAFT_mRNA435687		None	None
gene-F5B20DRAFT_435762	rna-gnl|WGS:JAJKKE|F5B20DRAFT_mRNA435762	PF00117.35	Partial	None
gene-F5B20DRAFT_574079	rna-gnl|WGS:JAJKKE|F5B20DRAFT_mRNA574079	PF00400.39,PF00400.39,PF00400.39,PF00400.39,PF00400.39,PF00400.39,PF00646.39,PF12937.13	Complete	None
gene-F5B20DRAFT_563417	rna-gnl|WGS:JAJKKE|F5B20DRAFT_mRNA563417		None	None
gene-F5B20DRAFT_435959	rna-gnl|WGS:JAJKKE|F5B20DRAFT_mRNA435959	PF24803.2	Partial	None
gene-F5B20DRAFT_435960	rna-gnl|WGS:JAJKKE|F5B20DRAFT_mRNA435960	PF00107.33,PF08240.18	Partial	None
gene-F5B20DRAFT_435940	rna-gnl|WGS:JAJKKE|F5B20DRAFT_mRNA435940	PF00075.31	Partial	None
gene-F5B20DRAFT_435974	rna-gnl|WGS:JAJKKE|F5B20DRAFT_mRNA435974		None	None
gene-F5B20DRAFT_563424	rna-gnl|WGS:JAJKKE|F5B20DRAFT_mRNA563424	PF01251.24	Partial	None
gene-F5B20DRAFT_563428	rna-gnl|WGS:JAJKKE|F5B20DRAFT_mRNA563428	PF05502.19,PF05502.19	Partial	None
gene-F5B20DRAFT_574083	rna-gnl|WGS:JAJKKE|F5B20DRAFT_mRNA574083	PF26013.1	Complete	None
gene-F5B20DRAFT_586238	rna-gnl|WGS:JAJKKE|F5B20DRAFT_mRNA586238		None	None
gene-F5B20DRAFT_563453	rna-gnl|WGS:JAJKKE|F5B20DRAFT_mRNA563453		None	None
gene-F5B20DRAFT_563458	rna-gnl|WGS:JAJKKE|F5B20DRAFT_mRNA563458		None	None
gene-F5B20DRAFT_563460	rna-gnl|WGS:JAJKKE|F5B20DRAFT_mRNA563460	PF05630.17	Partial	None
gene-F5B20DRAFT_436179	rna-gnl|WGS:JAJKKE|F5B20DRAFT_mRNA436179	PF00172.24,PF27566.1	Complete	None
gene-F5B20DRAFT_586242	rna-gnl|WGS:JAJKKE|F5B20DRAFT_mRNA586242		None	None
gene-F5B20DRAFT_436659	rna-gnl|WGS:JAJKKE|F5B20DRAFT_mRNA436659	PF27525.1	Partial	None
gene-F5B20DRAFT_436267	rna-gnl|WGS:JAJKKE|F5B20DRAFT_mRNA436267		None	None
gene-F5B20DRAFT_596076	rna-gnl|WGS:JAJKKE|F5B20DRAFT_mRNA596076		None	None
gene-F5B20DRAFT_437629	rna-gnl|WGS:JAJKKE|F5B20DRAFT_mRNA437629	PF00172.24	Partial	None
gene-F5B20DRAFT_436364	rna-gnl|WGS:JAJKKE|F5B20DRAFT_mRNA436364		None	None
gene-F5B20DRAFT_437484	rna-gnl|WGS:JAJKKE|F5B20DRAFT_mRNA437484	PF26176.1,PF26177.1	Complete	None
gene-F5B20DRAFT_437698	rna-gnl|WGS:JAJKKE|F5B20DRAFT_mRNA437698	PF20684.4	Partial	None
gene-F5B20DRAFT_563517	rna-gnl|WGS:JAJKKE|F5B20DRAFT_mRNA563517	PF00687.27	Partial	None
gene-F5B20DRAFT_563518	rna-gnl|WGS:JAJKKE|F5B20DRAFT_mRNA563518		None	None
gene-F5B20DRAFT_437795	rna-gnl|WGS:JAJKKE|F5B20DRAFT_mRNA437795	PF00293.35,PF09296.18,PF09297.17	Complete	None
gene-F5B20DRAFT_563522	rna-gnl|WGS:JAJKKE|F5B20DRAFT_mRNA563522	PF04193.20,PF04193.20	Complete	None
gene-F5B20DRAFT_563523	rna-gnl|WGS:JAJKKE|F5B20DRAFT_mRNA563523	PF00561.27,PF06441.19	Partial	None
gene-F5B20DRAFT_563530	rna-gnl|WGS:JAJKKE|F5B20DRAFT_mRNA563530	PF04478.18	Partial	None
gene-F5B20DRAFT_437925	rna-gnl|WGS:JAJKKE|F5B20DRAFT_mRNA437925	PF07081.19	Partial	None
gene-F5B20DRAFT_563532	rna-gnl|WGS:JAJKKE|F5B20DRAFT_mRNA563532		None	None
gene-F5B20DRAFT_563534	rna-gnl|WGS:JAJKKE|F5B20DRAFT_mRNA563534	PF25534.1	Partial	None
gene-F5B20DRAFT_437938	rna-gnl|WGS:JAJKKE|F5B20DRAFT_mRNA437938	PF04387.20	Partial	None
gene-F5B20DRAFT_437945	rna-gnl|WGS:JAJKKE|F5B20DRAFT_mRNA437945	PF12697.14	Partial	None
gene-F5B20DRAFT_437964	rna-gnl|WGS:JAJKKE|F5B20DRAFT_mRNA437964	PF03171.27,PF14226.13	Complete	None
gene-F5B20DRAFT_563540	rna-gnl|WGS:JAJKKE|F5B20DRAFT_mRNA563540	PF04909.21	Partial	None
gene-F5B20DRAFT_563541	rna-gnl|WGS:JAJKKE|F5B20DRAFT_mRNA563541		None	None
gene-F5B20DRAFT_563542	rna-gnl|WGS:JAJKKE|F5B20DRAFT_mRNA563542	PF00226.37	Partial	None
gene-F5B20DRAFT_438060	rna-gnl|WGS:JAJKKE|F5B20DRAFT_mRNA438060	PF25455.3	Complete	None
gene-F5B20DRAFT_563546	rna-gnl|WGS:JAJKKE|F5B20DRAFT_mRNA563546	PF27894.1	Partial	None
gene-F5B20DRAFT_438258	rna-gnl|WGS:JAJKKE|F5B20DRAFT_mRNA438258	PF00270.36,PF00271.38,PF04851.22	Complete	None
gene-F5B20DRAFT_563563	rna-gnl|WGS:JAJKKE|F5B20DRAFT_mRNA563563	PF00172.24,PF04082.24	Partial	None
gene-F5B20DRAFT_596088	rna-gnl|WGS:JAJKKE|F5B20DRAFT_mRNA596088	PF11374.14	Partial	None
gene-F5B20DRAFT_563564	rna-gnl|WGS:JAJKKE|F5B20DRAFT_mRNA563564	PF03155.22,PF03155.22	Partial	None
gene-F5B20DRAFT_596090	rna-gnl|WGS:JAJKKE|F5B20DRAFT_mRNA596090		None	None
gene-F5B20DRAFT_586270	rna-gnl|WGS:JAJKKE|F5B20DRAFT_mRNA586270	PF01485.28	Complete	None
gene-F5B20DRAFT_574100	rna-gnl|WGS:JAJKKE|F5B20DRAFT_mRNA574100		None	None
gene-F5B20DRAFT_586272	rna-gnl|WGS:JAJKKE|F5B20DRAFT_mRNA586272	PF00107.33,PF08240.18,PF13602.13	Partial	None
gene-F5B20DRAFT_586273	rna-gnl|WGS:JAJKKE|F5B20DRAFT_mRNA586273		None	None
gene-F5B20DRAFT_563571	rna-gnl|WGS:JAJKKE|F5B20DRAFT_mRNA563571	PF06985.18,PF26639.1	Complete	None
gene-F5B20DRAFT_438431	rna-gnl|WGS:JAJKKE|F5B20DRAFT_mRNA438431	PF13460.13	Partial	None
gene-F5B20DRAFT_438463	rna-gnl|WGS:JAJKKE|F5B20DRAFT_mRNA438463	PF00172.24,PF04082.24	Complete	None
gene-F5B20DRAFT_438434	rna-gnl|WGS:JAJKKE|F5B20DRAFT_mRNA438434	PF01557.24	Partial	None
gene-F5B20DRAFT_563579	rna-gnl|WGS:JAJKKE|F5B20DRAFT_mRNA563579	PF01693.24,PF01693.24	Partial	None
gene-F5B20DRAFT_596094	rna-gnl|WGS:JAJKKE|F5B20DRAFT_mRNA596094	PF01485.28,PF01485.28,PF28755.1	Complete	None
gene-F5B20DRAFT_438513	rna-gnl|WGS:JAJKKE|F5B20DRAFT_mRNA438513	PF20684.4	Partial	None
gene-F5B20DRAFT_586280	rna-gnl|WGS:JAJKKE|F5B20DRAFT_mRNA586280		None	None
gene-F5B20DRAFT_438554	rna-gnl|WGS:JAJKKE|F5B20DRAFT_mRNA438554	PF00701.29	Partial	None
gene-F5B20DRAFT_596097	rna-gnl|WGS:JAJKKE|F5B20DRAFT_mRNA596097	PF00722.29,PF00734.24	Complete	None
gene-F5B20DRAFT_586283	rna-gnl|WGS:JAJKKE|F5B20DRAFT_mRNA586283	PF00350.30,PF24564.2	Complete	None
gene-F5B20DRAFT_438678	rna-gnl|WGS:JAJKKE|F5B20DRAFT_mRNA438678		None	None
gene-F5B20DRAFT_563600	rna-gnl|WGS:JAJKKE|F5B20DRAFT_mRNA563600		None	None
gene-F5B20DRAFT_438695	rna-gnl|WGS:JAJKKE|F5B20DRAFT_mRNA438695	PF17100.12	Partial	None
gene-F5B20DRAFT_563604	rna-gnl|WGS:JAJKKE|F5B20DRAFT_mRNA563604	PF00400.39,PF00400.39,PF00400.39,PF00400.39,PF00400.39,PF00400.39,PF00400.39,PF23381.2	Complete	None
gene-F5B20DRAFT_563606	rna-gnl|WGS:JAJKKE|F5B20DRAFT_mRNA563606		None	None
gene-F5B20DRAFT_563607	rna-gnl|WGS:JAJKKE|F5B20DRAFT_mRNA563607		None	None
gene-F5B20DRAFT_574112	rna-gnl|WGS:JAJKKE|F5B20DRAFT_mRNA574112	PF00076.29,PF00076.29,PF00076.29	Complete	None
gene-F5B20DRAFT_439134	rna-gnl|WGS:JAJKKE|F5B20DRAFT_mRNA439134	PF13001.14,PF23731.2,PF24492.2	Complete	None
gene-F5B20DRAFT_563625	rna-gnl|WGS:JAJKKE|F5B20DRAFT_mRNA563625	PF00789.27,PF13899.13,PF14555.13	Complete	None
gene-F5B20DRAFT_439166	rna-gnl|WGS:JAJKKE|F5B20DRAFT_mRNA439166	PF00324.28,PF13520.13	Partial	None
gene-F5B20DRAFT_563630	rna-gnl|WGS:JAJKKE|F5B20DRAFT_mRNA563630		None	None
gene-F5B20DRAFT_596111	rna-gnl|WGS:JAJKKE|F5B20DRAFT_mRNA596111	PF00854.28	Partial	None
gene-F5B20DRAFT_586296	rna-gnl|WGS:JAJKKE|F5B20DRAFT_mRNA586296	PF01565.29	Partial	None
gene-F5B20DRAFT_563650	rna-gnl|WGS:JAJKKE|F5B20DRAFT_mRNA563650	PF00067.28	Partial	None
gene-F5B20DRAFT_574119	rna-gnl|WGS:JAJKKE|F5B20DRAFT_mRNA574119	PF00561.27,PF12697.14	Partial	None
gene-F5B20DRAFT_586300	rna-gnl|WGS:JAJKKE|F5B20DRAFT_mRNA586300	PF24564.2	Complete	None
gene-F5B20DRAFT_563662	rna-gnl|WGS:JAJKKE|F5B20DRAFT_mRNA563662	PF00067.28	Partial	None
gene-F5B20DRAFT_563668	rna-gnl|WGS:JAJKKE|F5B20DRAFT_mRNA563668	PF20684.4	Partial	None
gene-F5B20DRAFT_586303	rna-gnl|WGS:JAJKKE|F5B20DRAFT_mRNA586303	PF01565.29	Partial	None
gene-F5B20DRAFT_574123	rna-gnl|WGS:JAJKKE|F5B20DRAFT_mRNA574123	PF00106.32	Partial	None
gene-F5B20DRAFT_563680	rna-gnl|WGS:JAJKKE|F5B20DRAFT_mRNA563680	PF00069.32,PF07714.24	Partial	None
gene-F5B20DRAFT_586306	rna-gnl|WGS:JAJKKE|F5B20DRAFT_mRNA586306		None	None
gene-F5B20DRAFT_563687	rna-gnl|WGS:JAJKKE|F5B20DRAFT_mRNA563687	PF00180.26	Partial	None
gene-F5B20DRAFT_563688	rna-gnl|WGS:JAJKKE|F5B20DRAFT_mRNA563688		None	None
gene-F5B20DRAFT_596131	rna-gnl|WGS:JAJKKE|F5B20DRAFT_mRNA596131	PF20150.5	Partial	None
gene-F5B20DRAFT_563693	rna-gnl|WGS:JAJKKE|F5B20DRAFT_mRNA563693	PF01585.29	Complete	None
gene-F5B20DRAFT_586311	rna-gnl|WGS:JAJKKE|F5B20DRAFT_mRNA586311		None	None
gene-F5B20DRAFT_574126	rna-gnl|WGS:JAJKKE|F5B20DRAFT_mRNA574126	PF08241.19,PF12589.14,PF13649.13	Complete	None
gene-F5B20DRAFT_439685	rna-gnl|WGS:JAJKKE|F5B20DRAFT_mRNA439685	PF04148.19	Partial	None
gene-F5B20DRAFT_596141	rna-gnl|WGS:JAJKKE|F5B20DRAFT_mRNA596141	PF00005.34,PF00005.34,PF12698.14,PF13304.13	Complete	None
gene-F5B20DRAFT_439768	rna-gnl|WGS:JAJKKE|F5B20DRAFT_mRNA439768	PF01042.27	Partial	None
gene-F5B20DRAFT_596143	rna-gnl|WGS:JAJKKE|F5B20DRAFT_mRNA596143	PF05368.20,PF13460.13	Partial	None
gene-F5B20DRAFT_596144	rna-gnl|WGS:JAJKKE|F5B20DRAFT_mRNA596144	PF00248.28	Partial	None
gene-F5B20DRAFT_596146	rna-gnl|WGS:JAJKKE|F5B20DRAFT_mRNA596146	PF00106.32	Partial	None
gene-F5B20DRAFT_439792	rna-gnl|WGS:JAJKKE|F5B20DRAFT_mRNA439792	PF01565.29	Partial	None
gene-F5B20DRAFT_563710	rna-gnl|WGS:JAJKKE|F5B20DRAFT_mRNA563710		None	None
gene-F5B20DRAFT_586322	rna-gnl|WGS:JAJKKE|F5B20DRAFT_mRNA586322	PF03208.25	Partial	None
gene-F5B20DRAFT_596148	rna-gnl|WGS:JAJKKE|F5B20DRAFT_mRNA596148		None	None
gene-F5B20DRAFT_563717	rna-gnl|WGS:JAJKKE|F5B20DRAFT_mRNA563717	PF00226.37	Partial	None
gene-F5B20DRAFT_596156	rna-gnl|WGS:JAJKKE|F5B20DRAFT_mRNA596156	PF00085.27,PF06201.20	Partial	None
gene-F5B20DRAFT_440010	rna-gnl|WGS:JAJKKE|F5B20DRAFT_mRNA440010	PF00106.32,PF08659.17,PF13561.13	Partial	None
gene-F5B20DRAFT_596164	rna-gnl|WGS:JAJKKE|F5B20DRAFT_mRNA596164	PF01565.29,PF08031.18	Complete	None
gene-F5B20DRAFT_574139	rna-gnl|WGS:JAJKKE|F5B20DRAFT_mRNA574139	PF20150.5	Partial	None
gene-F5B20DRAFT_563732	rna-gnl|WGS:JAJKKE|F5B20DRAFT_mRNA563732	PF00067.28	Partial	None
gene-F5B20DRAFT_574141	rna-gnl|WGS:JAJKKE|F5B20DRAFT_mRNA574141	PF01565.29,PF08031.18	Complete	None
gene-F5B20DRAFT_563736	rna-gnl|WGS:JAJKKE|F5B20DRAFT_mRNA563736	PF20684.4	Partial	None
gene-F5B20DRAFT_563737	rna-gnl|WGS:JAJKKE|F5B20DRAFT_mRNA563737	PF00067.28	Partial	None
gene-F5B20DRAFT_440198	rna-gnl|WGS:JAJKKE|F5B20DRAFT_mRNA440198	PF00106.32,PF08659.17	Partial	None
gene-F5B20DRAFT_563758	rna-gnl|WGS:JAJKKE|F5B20DRAFT_mRNA563758		None	None
gene-F5B20DRAFT_440349	rna-gnl|WGS:JAJKKE|F5B20DRAFT_mRNA440349		None	None
gene-F5B20DRAFT_440338	rna-gnl|WGS:JAJKKE|F5B20DRAFT_mRNA440338	PF00494.25	Partial	None
gene-F5B20DRAFT_563763	rna-gnl|WGS:JAJKKE|F5B20DRAFT_mRNA563763	PF00176.30,PF00270.36,PF00271.38,PF04851.22,PF08797.17,PF24975.2	Complete	None
gene-F5B20DRAFT_563766	rna-gnl|WGS:JAJKKE|F5B20DRAFT_mRNA563766	PF01814.29	Partial	None
gene-F5B20DRAFT_586338	rna-gnl|WGS:JAJKKE|F5B20DRAFT_mRNA586338		None	None
gene-F5B20DRAFT_440409	rna-gnl|WGS:JAJKKE|F5B20DRAFT_mRNA440409	PF01494.26	Partial	None
gene-F5B20DRAFT_440429	rna-gnl|WGS:JAJKKE|F5B20DRAFT_mRNA440429		None	None
gene-F5B20DRAFT_440489	rna-gnl|WGS:JAJKKE|F5B20DRAFT_mRNA440489	PF04616.21,PF17851.9	Complete	None
gene-F5B20DRAFT_440553	rna-gnl|WGS:JAJKKE|F5B20DRAFT_mRNA440553	PF00775.28	Partial	None
gene-F5B20DRAFT_574150	rna-gnl|WGS:JAJKKE|F5B20DRAFT_mRNA574150	PF22998.3	Partial	None
gene-F5B20DRAFT_574151	rna-gnl|WGS:JAJKKE|F5B20DRAFT_mRNA574151	PF00561.27,PF08386.17	Complete	None
gene-F5B20DRAFT_596172	rna-gnl|WGS:JAJKKE|F5B20DRAFT_mRNA596172	PF17648.8	Complete	None
gene-F5B20DRAFT_586346	rna-gnl|WGS:JAJKKE|F5B20DRAFT_mRNA586346		None	None
gene-F5B20DRAFT_440622	rna-gnl|WGS:JAJKKE|F5B20DRAFT_mRNA440622		None	None
gene-F5B20DRAFT_563804	rna-gnl|WGS:JAJKKE|F5B20DRAFT_mRNA563804		None	None
gene-F5B20DRAFT_563809	rna-gnl|WGS:JAJKKE|F5B20DRAFT_mRNA563809	PF00096.33,PF28334.1	Complete	None
gene-F5B20DRAFT_440773	rna-gnl|WGS:JAJKKE|F5B20DRAFT_mRNA440773	PF10330.15	Partial	None
gene-F5B20DRAFT_574156	rna-gnl|WGS:JAJKKE|F5B20DRAFT_mRNA574156	PF01131.26,PF01751.29	Partial	None
gene-F5B20DRAFT_563817	rna-gnl|WGS:JAJKKE|F5B20DRAFT_mRNA563817	PF06966.18	Partial	None
gene-F5B20DRAFT_440938	rna-gnl|WGS:JAJKKE|F5B20DRAFT_mRNA440938		None	None
gene-F5B20DRAFT_440893	rna-gnl|WGS:JAJKKE|F5B20DRAFT_mRNA440893	PF13664.12	Partial	None
gene-F5B20DRAFT_440982	rna-gnl|WGS:JAJKKE|F5B20DRAFT_mRNA440982	PF02735.23,PF03731.22,PF08785.17	Complete	None
gene-F5B20DRAFT_586355	rna-gnl|WGS:JAJKKE|F5B20DRAFT_mRNA586355	PF00651.38	Partial	None
gene-F5B20DRAFT_586356	rna-gnl|WGS:JAJKKE|F5B20DRAFT_mRNA586356	PF21762.4	Partial	None
gene-F5B20DRAFT_574160	rna-gnl|WGS:JAJKKE|F5B20DRAFT_mRNA574160		None	None
gene-F5B20DRAFT_563833	rna-gnl|WGS:JAJKKE|F5B20DRAFT_mRNA563833	PF01246.27	Partial	None
gene-F5B20DRAFT_441084	rna-gnl|WGS:JAJKKE|F5B20DRAFT_mRNA441084	PF12223.14	Partial	None
gene-F5B20DRAFT_586360	rna-gnl|WGS:JAJKKE|F5B20DRAFT_mRNA586360		None	None
gene-F5B20DRAFT_574162	rna-gnl|WGS:JAJKKE|F5B20DRAFT_mRNA574162		None	None
gene-F5B20DRAFT_563857	rna-gnl|WGS:JAJKKE|F5B20DRAFT_mRNA563857		None	None
gene-F5B20DRAFT_563859	rna-gnl|WGS:JAJKKE|F5B20DRAFT_mRNA563859		None	None
gene-F5B20DRAFT_441282	rna-gnl|WGS:JAJKKE|F5B20DRAFT_mRNA441282		None	None
gene-F5B20DRAFT_441420	rna-gnl|WGS:JAJKKE|F5B20DRAFT_mRNA441420		None	None
gene-F5B20DRAFT_563871	rna-gnl|WGS:JAJKKE|F5B20DRAFT_mRNA563871		None	None
gene-F5B20DRAFT_563872	rna-gnl|WGS:JAJKKE|F5B20DRAFT_mRNA563872	PF02847.24,PF02854.26	Complete	None
gene-F5B20DRAFT_586369	rna-gnl|WGS:JAJKKE|F5B20DRAFT_mRNA586369		None	None
gene-F5B20DRAFT_563874	rna-gnl|WGS:JAJKKE|F5B20DRAFT_mRNA563874		None	None
gene-F5B20DRAFT_441495	rna-gnl|WGS:JAJKKE|F5B20DRAFT_mRNA441495	PF30690.1	Partial	None
gene-F5B20DRAFT_586371	rna-gnl|WGS:JAJKKE|F5B20DRAFT_mRNA586371	PF01207.24	Partial	None
gene-F5B20DRAFT_574168	rna-gnl|WGS:JAJKKE|F5B20DRAFT_mRNA574168		None	None
gene-F5B20DRAFT_441767	rna-gnl|WGS:JAJKKE|F5B20DRAFT_mRNA441767		None	None
gene-F5B20DRAFT_586374	rna-gnl|WGS:JAJKKE|F5B20DRAFT_mRNA586374	PF00004.36,PF00004.36,PF17862.8	Complete	None
gene-F5B20DRAFT_441718	rna-gnl|WGS:JAJKKE|F5B20DRAFT_mRNA441718	PF00561.27,PF08386.17	Complete	None
gene-F5B20DRAFT_441873	rna-gnl|WGS:JAJKKE|F5B20DRAFT_mRNA441873	PF03972.20,PF19305.5	Partial	None
gene-F5B20DRAFT_441872	rna-gnl|WGS:JAJKKE|F5B20DRAFT_mRNA441872	PF07690.22	Partial	None
gene-F5B20DRAFT_441889	rna-gnl|WGS:JAJKKE|F5B20DRAFT_mRNA441889	PF00083.31,PF07690.22	Partial	None
gene-F5B20DRAFT_563904	rna-gnl|WGS:JAJKKE|F5B20DRAFT_mRNA563904	PF00067.28	Partial	None
gene-F5B20DRAFT_596205	rna-gnl|WGS:JAJKKE|F5B20DRAFT_mRNA596205	PF00400.39	Partial	None
gene-F5B20DRAFT_441899	rna-gnl|WGS:JAJKKE|F5B20DRAFT_mRNA441899		None	None
gene-F5B20DRAFT_596209	rna-gnl|WGS:JAJKKE|F5B20DRAFT_mRNA596209	PF08450.19	Partial	None
gene-F5B20DRAFT_563908	rna-gnl|WGS:JAJKKE|F5B20DRAFT_mRNA563908	PF00026.29	Partial	None
gene-F5B20DRAFT_563912	rna-gnl|WGS:JAJKKE|F5B20DRAFT_mRNA563912	PF00067.28	Partial	None
gene-F5B20DRAFT_586384	rna-gnl|WGS:JAJKKE|F5B20DRAFT_mRNA586384		None	None
gene-F5B20DRAFT_563921	rna-gnl|WGS:JAJKKE|F5B20DRAFT_mRNA563921	PF02055.23,PF02057.22,PF14587.12,PF17189.11	Complete	None
gene-F5B20DRAFT_563922	rna-gnl|WGS:JAJKKE|F5B20DRAFT_mRNA563922		None	None
gene-F5B20DRAFT_586386	rna-gnl|WGS:JAJKKE|F5B20DRAFT_mRNA586386		None	None
gene-F5B20DRAFT_563925	rna-gnl|WGS:JAJKKE|F5B20DRAFT_mRNA563925	PF03372.30	Partial	None
gene-F5B20DRAFT_586388	rna-gnl|WGS:JAJKKE|F5B20DRAFT_mRNA586388	PF00890.31,PF01494.26,PF01494.26,PF13450.13	Partial	None
gene-F5B20DRAFT_563927	rna-gnl|WGS:JAJKKE|F5B20DRAFT_mRNA563927	PF04117.18	Complete	None
gene-F5B20DRAFT_442058	rna-gnl|WGS:JAJKKE|F5B20DRAFT_mRNA442058	PF30945.1	Complete	None
gene-F5B20DRAFT_442077	rna-gnl|WGS:JAJKKE|F5B20DRAFT_mRNA442077	PF09745.15	Partial	None
gene-F5B20DRAFT_586392	rna-gnl|WGS:JAJKKE|F5B20DRAFT_mRNA586392		None	None
gene-F5B20DRAFT_563933	rna-gnl|WGS:JAJKKE|F5B20DRAFT_mRNA563933	PF03372.30	Partial	None
gene-F5B20DRAFT_586395	rna-gnl|WGS:JAJKKE|F5B20DRAFT_mRNA586395	PF00583.32,PF13508.14,PF13673.14	Complete	None
gene-F5B20DRAFT_563936	rna-gnl|WGS:JAJKKE|F5B20DRAFT_mRNA563936	PF00097.32,PF13639.13,PF17123.12	Complete	None
gene-F5B20DRAFT_596452	rna-gnl|WGS:JAJKKE|F5B20DRAFT_mRNA596452	PF12697.14	Partial	None
gene-F5B20DRAFT_586398	rna-gnl|WGS:JAJKKE|F5B20DRAFT_mRNA586398		None	None
gene-F5B20DRAFT_563954	rna-gnl|WGS:JAJKKE|F5B20DRAFT_mRNA563954		None	None
gene-F5B20DRAFT_563955	rna-gnl|WGS:JAJKKE|F5B20DRAFT_mRNA563955	PF01370.28,PF05368.20,PF13460.13	Partial	None
gene-F5B20DRAFT_596456	rna-gnl|WGS:JAJKKE|F5B20DRAFT_mRNA596456		None	None
gene-F5B20DRAFT_596458	rna-gnl|WGS:JAJKKE|F5B20DRAFT_mRNA596458		None	None
gene-F5B20DRAFT_563960	rna-gnl|WGS:JAJKKE|F5B20DRAFT_mRNA563960	PF00083.31,PF07690.22	Partial	None
gene-F5B20DRAFT_596464	rna-gnl|WGS:JAJKKE|F5B20DRAFT_mRNA596464	PF00501.35,PF00550.32,PF00975.27	Complete	None
gene-F5B20DRAFT_563966	rna-gnl|WGS:JAJKKE|F5B20DRAFT_mRNA563966		None	None
gene-F5B20DRAFT_563968	rna-gnl|WGS:JAJKKE|F5B20DRAFT_mRNA563968	PF00891.25	Partial	None
gene-F5B20DRAFT_563970	rna-gnl|WGS:JAJKKE|F5B20DRAFT_mRNA563970		None	None
gene-F5B20DRAFT_563974	rna-gnl|WGS:JAJKKE|F5B20DRAFT_mRNA563974		None	None
gene-F5B20DRAFT_563975	rna-gnl|WGS:JAJKKE|F5B20DRAFT_mRNA563975	PF01532.27	Partial	None
gene-F5B20DRAFT_574191	rna-gnl|WGS:JAJKKE|F5B20DRAFT_mRNA574191	PF12311.14	Partial	None
gene-F5B20DRAFT_563979	rna-gnl|WGS:JAJKKE|F5B20DRAFT_mRNA563979	PF00743.26,PF00743.26,PF07992.21,PF13434.13,PF13738.13	Partial	None
gene-F5B20DRAFT_574193	rna-gnl|WGS:JAJKKE|F5B20DRAFT_mRNA574193	PF00656.28,PF31181.1	Partial	None
gene-F5B20DRAFT_462791	rna-gnl|WGS:JAJKKE|F5B20DRAFT_mRNA462791		None	None
gene-F5B20DRAFT_574194	rna-gnl|WGS:JAJKKE|F5B20DRAFT_mRNA574194	PF00656.28,PF31181.1	Partial	None
gene-F5B20DRAFT_574195	rna-gnl|WGS:JAJKKE|F5B20DRAFT_mRNA574195	PF20237.4	Partial	None
gene-F5B20DRAFT_564001	rna-gnl|WGS:JAJKKE|F5B20DRAFT_mRNA564001	PF12770.13	Complete	None
gene-F5B20DRAFT_574197	rna-gnl|WGS:JAJKKE|F5B20DRAFT_mRNA574197	PF05729.19,PF24883.3	Complete	None
gene-F5B20DRAFT_586415	rna-gnl|WGS:JAJKKE|F5B20DRAFT_mRNA586415		None	None
gene-F5B20DRAFT_463189	rna-gnl|WGS:JAJKKE|F5B20DRAFT_mRNA463189	PF02545.20	Partial	None
gene-F5B20DRAFT_564026	rna-gnl|WGS:JAJKKE|F5B20DRAFT_mRNA564026	PF00010.32,PF23181.1	Partial	None
gene-F5B20DRAFT_463225	rna-gnl|WGS:JAJKKE|F5B20DRAFT_mRNA463225	PF00587.31,PF03129.26	Complete	None
gene-F5B20DRAFT_564029	rna-gnl|WGS:JAJKKE|F5B20DRAFT_mRNA564029		None	None
gene-F5B20DRAFT_586420	rna-gnl|WGS:JAJKKE|F5B20DRAFT_mRNA586420		None	None
gene-F5B20DRAFT_586421	rna-gnl|WGS:JAJKKE|F5B20DRAFT_mRNA586421	PF03998.20	Partial	None
gene-F5B20DRAFT_463381	rna-gnl|WGS:JAJKKE|F5B20DRAFT_mRNA463381		None	None
gene-F5B20DRAFT_596488	rna-gnl|WGS:JAJKKE|F5B20DRAFT_mRNA596488		None	None
gene-F5B20DRAFT_564040	rna-gnl|WGS:JAJKKE|F5B20DRAFT_mRNA564040		None	None
gene-F5B20DRAFT_463508	rna-gnl|WGS:JAJKKE|F5B20DRAFT_mRNA463508	PF13095.13	Partial	None
gene-F5B20DRAFT_596494	rna-gnl|WGS:JAJKKE|F5B20DRAFT_mRNA596494		None	None
gene-F5B20DRAFT_574205	rna-gnl|WGS:JAJKKE|F5B20DRAFT_mRNA574205	PF03372.30	Partial	None
gene-F5B20DRAFT_564053	rna-gnl|WGS:JAJKKE|F5B20DRAFT_mRNA564053	PF03171.27,PF14226.13	Complete	None
gene-F5B20DRAFT_564054	rna-gnl|WGS:JAJKKE|F5B20DRAFT_mRNA564054		None	None
gene-F5B20DRAFT_586431	rna-gnl|WGS:JAJKKE|F5B20DRAFT_mRNA586431	PF00067.28	Partial	None
gene-F5B20DRAFT_463662	rna-gnl|WGS:JAJKKE|F5B20DRAFT_mRNA463662	PF10296.16,PF26544.1,PF26544.1	Partial	None
gene-F5B20DRAFT_463681	rna-gnl|WGS:JAJKKE|F5B20DRAFT_mRNA463681		None	None
gene-F5B20DRAFT_586435	rna-gnl|WGS:JAJKKE|F5B20DRAFT_mRNA586435	PF01722.24	Partial	None
gene-F5B20DRAFT_463729	rna-gnl|WGS:JAJKKE|F5B20DRAFT_mRNA463729	PF00501.35,PF00501.35,PF13193.13	Complete	None
gene-F5B20DRAFT_586437	rna-gnl|WGS:JAJKKE|F5B20DRAFT_mRNA586437	PF01652.25	Partial	None
gene-F5B20DRAFT_564067	rna-gnl|WGS:JAJKKE|F5B20DRAFT_mRNA564067	PF13640.13	Partial	None
gene-F5B20DRAFT_596496	rna-gnl|WGS:JAJKKE|F5B20DRAFT_mRNA596496		None	None
gene-F5B20DRAFT_564069	rna-gnl|WGS:JAJKKE|F5B20DRAFT_mRNA564069	PF05277.19	Partial	None
gene-F5B20DRAFT_463769	rna-gnl|WGS:JAJKKE|F5B20DRAFT_mRNA463769	PF01209.25,PF08241.19,PF11899.14,PF13489.13,PF13649.13,PF13847.13	Partial	None
gene-F5B20DRAFT_596499	rna-gnl|WGS:JAJKKE|F5B20DRAFT_mRNA596499	PF07690.22	Partial	None
gene-F5B20DRAFT_463809	rna-gnl|WGS:JAJKKE|F5B20DRAFT_mRNA463809	PF01411.25,PF07973.20	Complete	None
gene-F5B20DRAFT_586444	rna-gnl|WGS:JAJKKE|F5B20DRAFT_mRNA586444	PF03997.18	Partial	None
gene-F5B20DRAFT_564082	rna-gnl|WGS:JAJKKE|F5B20DRAFT_mRNA564082	PF03715.19	Partial	None
gene-F5B20DRAFT_463824	rna-gnl|WGS:JAJKKE|F5B20DRAFT_mRNA463824	PF00704.35	Partial	None
gene-F5B20DRAFT_564097	rna-gnl|WGS:JAJKKE|F5B20DRAFT_mRNA564097	PF07690.22	Partial	None
gene-F5B20DRAFT_574221	rna-gnl|WGS:JAJKKE|F5B20DRAFT_mRNA574221	PF00172.24	Partial	None
gene-F5B20DRAFT_463895	rna-gnl|WGS:JAJKKE|F5B20DRAFT_mRNA463895	PF00005.34,PF00005.34,PF00005.34,PF00664.29,PF00664.29	Complete	None
gene-F5B20DRAFT_564146	rna-gnl|WGS:JAJKKE|F5B20DRAFT_mRNA564146	PF03798.22	Partial	None
gene-F5B20DRAFT_564154	rna-gnl|WGS:JAJKKE|F5B20DRAFT_mRNA564154	PF03798.22	Partial	None
gene-F5B20DRAFT_564157	rna-gnl|WGS:JAJKKE|F5B20DRAFT_mRNA564157	PF00176.30,PF00271.38,PF04851.22	Complete	None
gene-F5B20DRAFT_574225	rna-gnl|WGS:JAJKKE|F5B20DRAFT_mRNA574225	PF05729.19,PF24883.3	Partial	None
gene-F5B20DRAFT_564161	rna-gnl|WGS:JAJKKE|F5B20DRAFT_mRNA564161		None	None
gene-F5B20DRAFT_464181	rna-gnl|WGS:JAJKKE|F5B20DRAFT_mRNA464181	PF13434.13	Partial	None
gene-F5B20DRAFT_464457	rna-gnl|WGS:JAJKKE|F5B20DRAFT_mRNA464457	PF00501.35,PF00501.35,PF00501.35,PF00550.32,PF00550.32,PF00550.32,PF00550.32,PF00550.32,PF00550.32,PF00668.26,PF00668.26,PF00668.26,PF00668.26,PF00668.26,PF00668.26	Complete	None
gene-F5B20DRAFT_574228	rna-gnl|WGS:JAJKKE|F5B20DRAFT_mRNA574228	PF02128.22,PF07504.20	Partial	None
gene-F5B20DRAFT_586459	rna-gnl|WGS:JAJKKE|F5B20DRAFT_mRNA586459	PF00293.35,PF01008.24	Partial	None
gene-F5B20DRAFT_564185	rna-gnl|WGS:JAJKKE|F5B20DRAFT_mRNA564185		None	None
gene-F5B20DRAFT_586461	rna-gnl|WGS:JAJKKE|F5B20DRAFT_mRNA586461	PF03810.26,PF25574.2,PF25780.2	Complete	None
gene-F5B20DRAFT_564196	rna-gnl|WGS:JAJKKE|F5B20DRAFT_mRNA564196		None	None
gene-F5B20DRAFT_564198	rna-gnl|WGS:JAJKKE|F5B20DRAFT_mRNA564198	PF22799.3	Partial	None
gene-F5B20DRAFT_564199	rna-gnl|WGS:JAJKKE|F5B20DRAFT_mRNA564199	PF06220.19	Partial	None
gene-F5B20DRAFT_564200	rna-gnl|WGS:JAJKKE|F5B20DRAFT_mRNA564200	PF24883.3	Complete	None
gene-F5B20DRAFT_596518	rna-gnl|WGS:JAJKKE|F5B20DRAFT_mRNA596518	PF00004.36,PF22942.2,PF23232.2	Complete	None
gene-F5B20DRAFT_464823	rna-gnl|WGS:JAJKKE|F5B20DRAFT_mRNA464823	PF00587.31,PF02824.28,PF03129.26,PF07973.20	Complete	None
gene-F5B20DRAFT_574232	rna-gnl|WGS:JAJKKE|F5B20DRAFT_mRNA574232		None	None
gene-F5B20DRAFT_464859	rna-gnl|WGS:JAJKKE|F5B20DRAFT_mRNA464859		None	None
gene-F5B20DRAFT_574234	rna-gnl|WGS:JAJKKE|F5B20DRAFT_mRNA574234	PF25539.2	Partial	None
gene-F5B20DRAFT_564225	rna-gnl|WGS:JAJKKE|F5B20DRAFT_mRNA564225	PF22605.3	Complete	None
gene-F5B20DRAFT_464926	rna-gnl|WGS:JAJKKE|F5B20DRAFT_mRNA464926		None	None
gene-F5B20DRAFT_586473	rna-gnl|WGS:JAJKKE|F5B20DRAFT_mRNA586473	PF01738.25	Partial	None
gene-F5B20DRAFT_464938	rna-gnl|WGS:JAJKKE|F5B20DRAFT_mRNA464938	PF00397.33,PF01846.26	Complete	None
gene-F5B20DRAFT_564234	rna-gnl|WGS:JAJKKE|F5B20DRAFT_mRNA564234	PF01569.28	Partial	None
gene-F5B20DRAFT_596526	rna-gnl|WGS:JAJKKE|F5B20DRAFT_mRNA596526	PF00350.30,PF01031.26	Complete	None
gene-F5B20DRAFT_586477	rna-gnl|WGS:JAJKKE|F5B20DRAFT_mRNA586477	PF00083.31,PF07690.22	Partial	None
gene-F5B20DRAFT_564252	rna-gnl|WGS:JAJKKE|F5B20DRAFT_mRNA564252		None	None
gene-F5B20DRAFT_465344	rna-gnl|WGS:JAJKKE|F5B20DRAFT_mRNA465344	PF13649.13,PF27593.1	Partial	None
gene-F5B20DRAFT_586480	rna-gnl|WGS:JAJKKE|F5B20DRAFT_mRNA586480		None	None
gene-F5B20DRAFT_465448	rna-gnl|WGS:JAJKKE|F5B20DRAFT_mRNA465448	PF00400.39,PF00400.39,PF00400.39,PF00400.39,PF00400.39,PF00400.39,PF00400.39,PF00646.39,PF12937.13	Complete	None
gene-F5B20DRAFT_465465	rna-gnl|WGS:JAJKKE|F5B20DRAFT_mRNA465465	PF00270.36,PF00271.38	Complete	None
gene-F5B20DRAFT_586483	rna-gnl|WGS:JAJKKE|F5B20DRAFT_mRNA586483		None	None
gene-F5B20DRAFT_586484	rna-gnl|WGS:JAJKKE|F5B20DRAFT_mRNA586484		None	None
gene-F5B20DRAFT_465641	rna-gnl|WGS:JAJKKE|F5B20DRAFT_mRNA465641	PF00043.31,PF02798.27,PF13409.13,PF13417.13	Partial	None
gene-F5B20DRAFT_465665	rna-gnl|WGS:JAJKKE|F5B20DRAFT_mRNA465665	PF00172.24	Partial	None
gene-F5B20DRAFT_564313	rna-gnl|WGS:JAJKKE|F5B20DRAFT_mRNA564313	PF07690.22	Partial	None
gene-F5B20DRAFT_465695	rna-gnl|WGS:JAJKKE|F5B20DRAFT_mRNA465695	PF07690.22,PF07690.22	Partial	None
gene-F5B20DRAFT_596550	rna-gnl|WGS:JAJKKE|F5B20DRAFT_mRNA596550	PF00106.32,PF00107.33,PF00109.33,PF00550.32,PF00698.27,PF02801.29,PF08240.18,PF08241.19,PF08242.19,PF08659.17,PF13489.13,PF13602.13,PF13649.13,PF13847.13,PF14765.13,PF16197.12,PF21089.4	Complete	None
gene-F5B20DRAFT_564368	rna-gnl|WGS:JAJKKE|F5B20DRAFT_mRNA564368	PF00067.28	Partial	None
gene-F5B20DRAFT_465863	rna-gnl|WGS:JAJKKE|F5B20DRAFT_mRNA465863	PF00083.31,PF06609.19,PF07690.22	Partial	None
gene-F5B20DRAFT_586492	rna-gnl|WGS:JAJKKE|F5B20DRAFT_mRNA586492	PF05730.17,PF20684.4	Partial	None
gene-F5B20DRAFT_564389	rna-gnl|WGS:JAJKKE|F5B20DRAFT_mRNA564389		None	None
gene-F5B20DRAFT_564390	rna-gnl|WGS:JAJKKE|F5B20DRAFT_mRNA564390		None	None
gene-F5B20DRAFT_564391	rna-gnl|WGS:JAJKKE|F5B20DRAFT_mRNA564391	PF01566.26	Partial	None
gene-F5B20DRAFT_465939	rna-gnl|WGS:JAJKKE|F5B20DRAFT_mRNA465939	PF04191.19	Partial	None
gene-F5B20DRAFT_465987	rna-gnl|WGS:JAJKKE|F5B20DRAFT_mRNA465987	PF08595.17	Partial	None
gene-F5B20DRAFT_466107	rna-gnl|WGS:JAJKKE|F5B20DRAFT_mRNA466107	PF11817.15,PF12742.14,PF29907.1	Complete	None
gene-F5B20DRAFT_466181	rna-gnl|WGS:JAJKKE|F5B20DRAFT_mRNA466181		None	None
gene-F5B20DRAFT_466320	rna-gnl|WGS:JAJKKE|F5B20DRAFT_mRNA466320	PF24809.2	Partial	None
gene-F5B20DRAFT_466341	rna-gnl|WGS:JAJKKE|F5B20DRAFT_mRNA466341	PF00004.36,PF22942.2,PF23232.2	Complete	None
gene-F5B20DRAFT_564413	rna-gnl|WGS:JAJKKE|F5B20DRAFT_mRNA564413		None	None
gene-F5B20DRAFT_564415	rna-gnl|WGS:JAJKKE|F5B20DRAFT_mRNA564415	PF12706.14,PF13483.13	Partial	None
gene-F5B20DRAFT_466433	rna-gnl|WGS:JAJKKE|F5B20DRAFT_mRNA466433	PF26286.1	Complete	None
gene-F5B20DRAFT_574256	rna-gnl|WGS:JAJKKE|F5B20DRAFT_mRNA574256	PF01467.33	Partial	None
gene-F5B20DRAFT_596562	rna-gnl|WGS:JAJKKE|F5B20DRAFT_mRNA596562		None	None
gene-F5B20DRAFT_564425	rna-gnl|WGS:JAJKKE|F5B20DRAFT_mRNA564425	PF02460.25,PF03176.22,PF12349.15,PF16414.12,PF22314.3	Complete	None
gene-F5B20DRAFT_466593	rna-gnl|WGS:JAJKKE|F5B20DRAFT_mRNA466593		None	None
gene-F5B20DRAFT_466592	rna-gnl|WGS:JAJKKE|F5B20DRAFT_mRNA466592	PF16944.11	Partial	None
gene-F5B20DRAFT_466739	rna-gnl|WGS:JAJKKE|F5B20DRAFT_mRNA466739		None	None
gene-F5B20DRAFT_586510	rna-gnl|WGS:JAJKKE|F5B20DRAFT_mRNA586510		None	None
gene-F5B20DRAFT_586511	rna-gnl|WGS:JAJKKE|F5B20DRAFT_mRNA586511	PF13426.14	Partial	None
gene-F5B20DRAFT_466985	rna-gnl|WGS:JAJKKE|F5B20DRAFT_mRNA466985		None	None
gene-F5B20DRAFT_466966	rna-gnl|WGS:JAJKKE|F5B20DRAFT_mRNA466966	PF00076.29,PF14570.13	Partial	None
gene-F5B20DRAFT_564484	rna-gnl|WGS:JAJKKE|F5B20DRAFT_mRNA564484	PF00329.26	Partial	None
gene-F5B20DRAFT_564485	rna-gnl|WGS:JAJKKE|F5B20DRAFT_mRNA564485		None	None
gene-F5B20DRAFT_564486	rna-gnl|WGS:JAJKKE|F5B20DRAFT_mRNA564486	PF12697.14	Partial	None
gene-F5B20DRAFT_564491	rna-gnl|WGS:JAJKKE|F5B20DRAFT_mRNA564491	PF00632.31,PF25579.2	Complete	None
gene-F5B20DRAFT_586517	rna-gnl|WGS:JAJKKE|F5B20DRAFT_mRNA586517	PF00676.26	Partial	None
gene-F5B20DRAFT_586518	rna-gnl|WGS:JAJKKE|F5B20DRAFT_mRNA586518		None	None
gene-F5B20DRAFT_564497	rna-gnl|WGS:JAJKKE|F5B20DRAFT_mRNA564497	PF01209.25,PF08241.19,PF08242.19,PF13649.13,PF13847.13	Partial	None
gene-F5B20DRAFT_564500	rna-gnl|WGS:JAJKKE|F5B20DRAFT_mRNA564500	PF10360.15,PF25061.1	Complete	None
gene-F5B20DRAFT_467198	rna-gnl|WGS:JAJKKE|F5B20DRAFT_mRNA467198	PF14441.13	Partial	None
gene-F5B20DRAFT_467215	rna-gnl|WGS:JAJKKE|F5B20DRAFT_mRNA467215	PF08632.16	Complete	None
gene-F5B20DRAFT_574268	rna-gnl|WGS:JAJKKE|F5B20DRAFT_mRNA574268	PF17389.9,PF17390.8	Complete	None
gene-F5B20DRAFT_574269	rna-gnl|WGS:JAJKKE|F5B20DRAFT_mRNA574269	PF00533.34,PF00533.34,PF12738.14,PF16589.13,PF16770.12	Complete	None
gene-F5B20DRAFT_586525	rna-gnl|WGS:JAJKKE|F5B20DRAFT_mRNA586525	PF05871.19	Partial	None
gene-F5B20DRAFT_564530	rna-gnl|WGS:JAJKKE|F5B20DRAFT_mRNA564530	PF03801.20,PF24487.2	Complete	None
gene-F5B20DRAFT_467483	rna-gnl|WGS:JAJKKE|F5B20DRAFT_mRNA467483		None	None
gene-F5B20DRAFT_586528	rna-gnl|WGS:JAJKKE|F5B20DRAFT_mRNA586528	PF00206.26,PF10397.15	Complete	None
gene-F5B20DRAFT_467826	rna-gnl|WGS:JAJKKE|F5B20DRAFT_mRNA467826		None	None
gene-F5B20DRAFT_467823	rna-gnl|WGS:JAJKKE|F5B20DRAFT_mRNA467823	PF05983.17	Partial	None
gene-F5B20DRAFT_467871	rna-gnl|WGS:JAJKKE|F5B20DRAFT_mRNA467871		None	None
gene-F5B20DRAFT_467910	rna-gnl|WGS:JAJKKE|F5B20DRAFT_mRNA467910	PF00646.39,PF12937.13	Complete	None
gene-F5B20DRAFT_586534	rna-gnl|WGS:JAJKKE|F5B20DRAFT_mRNA586534	PF15454.12	Partial	None
gene-F5B20DRAFT_586535	rna-gnl|WGS:JAJKKE|F5B20DRAFT_mRNA586535	PF00400.39,PF00400.39,PF00400.39,PF00400.39,PF00400.39,PF07569.17,PF09453.16,PF24105.2	Complete	None
gene-F5B20DRAFT_574275	rna-gnl|WGS:JAJKKE|F5B20DRAFT_mRNA574275	PF01793.24	Partial	None
gene-F5B20DRAFT_564577	rna-gnl|WGS:JAJKKE|F5B20DRAFT_mRNA564577	PF00393.25,PF02737.25,PF03446.22	Partial	None
gene-F5B20DRAFT_468191	rna-gnl|WGS:JAJKKE|F5B20DRAFT_mRNA468191		None	None
gene-F5B20DRAFT_586539	rna-gnl|WGS:JAJKKE|F5B20DRAFT_mRNA586539	PF07690.22	Partial	None
gene-F5B20DRAFT_564583	rna-gnl|WGS:JAJKKE|F5B20DRAFT_mRNA564583	PF02668.23	Partial	None
gene-F5B20DRAFT_564584	rna-gnl|WGS:JAJKKE|F5B20DRAFT_mRNA564584	PF06985.18	Partial	None
gene-F5B20DRAFT_468281	rna-gnl|WGS:JAJKKE|F5B20DRAFT_mRNA468281	PF01728.26,PF01728.26	Partial	None
gene-F5B20DRAFT_468248	rna-gnl|WGS:JAJKKE|F5B20DRAFT_mRNA468248	PF00270.36,PF00271.38,PF04851.22	Complete	None
gene-F5B20DRAFT_468334	rna-gnl|WGS:JAJKKE|F5B20DRAFT_mRNA468334	PF00141.29	Partial	None
gene-F5B20DRAFT_468259	rna-gnl|WGS:JAJKKE|F5B20DRAFT_mRNA468259		None	None
gene-F5B20DRAFT_468368	rna-gnl|WGS:JAJKKE|F5B20DRAFT_mRNA468368	PF00023.37,PF12796.14	Complete	None
gene-F5B20DRAFT_596584	rna-gnl|WGS:JAJKKE|F5B20DRAFT_mRNA596584	PF11991.14	Partial	None
gene-F5B20DRAFT_468414	rna-gnl|WGS:JAJKKE|F5B20DRAFT_mRNA468414	PF00743.26,PF00743.26,PF07992.21,PF13450.13	Partial	None
gene-F5B20DRAFT_468409	rna-gnl|WGS:JAJKKE|F5B20DRAFT_mRNA468409	PF02900.24	Partial	None
gene-F5B20DRAFT_574284	rna-gnl|WGS:JAJKKE|F5B20DRAFT_mRNA574284	PF07690.22	Partial	None
gene-F5B20DRAFT_574285	rna-gnl|WGS:JAJKKE|F5B20DRAFT_mRNA574285	PF00622.37	Partial	None
gene-F5B20DRAFT_468465	rna-gnl|WGS:JAJKKE|F5B20DRAFT_mRNA468465	PF05205.18	Partial	None
gene-F5B20DRAFT_586553	rna-gnl|WGS:JAJKKE|F5B20DRAFT_mRNA586553		None	None
gene-F5B20DRAFT_586554	rna-gnl|WGS:JAJKKE|F5B20DRAFT_mRNA586554	PF01008.24	Partial	None
gene-F5B20DRAFT_564630	rna-gnl|WGS:JAJKKE|F5B20DRAFT_mRNA564630	PF02733.23,PF02734.23	Complete	None
gene-F5B20DRAFT_564632	rna-gnl|WGS:JAJKKE|F5B20DRAFT_mRNA564632	PF01423.29	Partial	None
gene-F5B20DRAFT_586557	rna-gnl|WGS:JAJKKE|F5B20DRAFT_mRNA586557	PF00378.26,PF16113.11	Partial	None
gene-F5B20DRAFT_468547	rna-gnl|WGS:JAJKKE|F5B20DRAFT_mRNA468547	PF25823.2	Partial	None
gene-F5B20DRAFT_468577	rna-gnl|WGS:JAJKKE|F5B20DRAFT_mRNA468577	PF08661.18	Partial	None
gene-F5B20DRAFT_468664	rna-gnl|WGS:JAJKKE|F5B20DRAFT_mRNA468664	PF00170.27	Complete	None
gene-F5B20DRAFT_468639	rna-gnl|WGS:JAJKKE|F5B20DRAFT_mRNA468639	PF00573.28	Partial	None
gene-F5B20DRAFT_468723	rna-gnl|WGS:JAJKKE|F5B20DRAFT_mRNA468723	PF01161.27	Partial	None
gene-F5B20DRAFT_468922	rna-gnl|WGS:JAJKKE|F5B20DRAFT_mRNA468922	PF00172.24,PF11951.14	Partial	None
gene-F5B20DRAFT_468998	rna-gnl|WGS:JAJKKE|F5B20DRAFT_mRNA468998	PF00067.28	Partial	None
gene-F5B20DRAFT_574297	rna-gnl|WGS:JAJKKE|F5B20DRAFT_mRNA574297	PF06428.17,PF10447.16,PF10447.16,PF14382.13	Complete	None
gene-F5B20DRAFT_469033	rna-gnl|WGS:JAJKKE|F5B20DRAFT_mRNA469033	PF04622.19	Partial	None
gene-F5B20DRAFT_586572	rna-gnl|WGS:JAJKKE|F5B20DRAFT_mRNA586572	PF01068.27,PF04675.20	Partial	None
gene-F5B20DRAFT_596613	rna-gnl|WGS:JAJKKE|F5B20DRAFT_mRNA596613	PF13257.12	Complete	None
gene-F5B20DRAFT_564691	rna-gnl|WGS:JAJKKE|F5B20DRAFT_mRNA564691	PF01509.24	Partial	None
gene-F5B20DRAFT_564693	rna-gnl|WGS:JAJKKE|F5B20DRAFT_mRNA564693		None	None
gene-F5B20DRAFT_564699	rna-gnl|WGS:JAJKKE|F5B20DRAFT_mRNA564699	PF03171.27,PF14226.13	Partial	None
gene-F5B20DRAFT_586578	rna-gnl|WGS:JAJKKE|F5B20DRAFT_mRNA586578	PF05368.20,PF13460.13	Partial	None
gene-F5B20DRAFT_564718	rna-gnl|WGS:JAJKKE|F5B20DRAFT_mRNA564718	PF00172.24,PF04082.24	Partial	None
gene-F5B20DRAFT_469398	rna-gnl|WGS:JAJKKE|F5B20DRAFT_mRNA469398	PF00172.24,PF11951.14	Partial	None
gene-F5B20DRAFT_586581	rna-gnl|WGS:JAJKKE|F5B20DRAFT_mRNA586581		None	None
gene-F5B20DRAFT_586582	rna-gnl|WGS:JAJKKE|F5B20DRAFT_mRNA586582		None	None
gene-F5B20DRAFT_469466	rna-gnl|WGS:JAJKKE|F5B20DRAFT_mRNA469466	PF00023.37,PF00023.37,PF00023.37,PF00023.37,PF00023.37,PF01544.24,PF12796.14,PF12796.14,PF12796.14,PF12796.14,PF13637.13,PF13637.13,PF13637.13,PF13857.13	Complete	None
gene-F5B20DRAFT_596629	rna-gnl|WGS:JAJKKE|F5B20DRAFT_mRNA596629		None	None
gene-F5B20DRAFT_574309	rna-gnl|WGS:JAJKKE|F5B20DRAFT_mRNA574309	PF04042.22,PF18018.8	Partial	None
gene-F5B20DRAFT_469534	rna-gnl|WGS:JAJKKE|F5B20DRAFT_mRNA469534	PF00400.39,PF00400.39,PF00400.39,PF00400.39,PF00400.39,PF08154.19	Complete	None
gene-F5B20DRAFT_564733	rna-gnl|WGS:JAJKKE|F5B20DRAFT_mRNA564733	PF01612.27	Partial	None
gene-F5B20DRAFT_469558	rna-gnl|WGS:JAJKKE|F5B20DRAFT_mRNA469558		None	None
gene-F5B20DRAFT_469602	rna-gnl|WGS:JAJKKE|F5B20DRAFT_mRNA469602	PF01193.30,PF13656.12	Partial	None
gene-F5B20DRAFT_469615	rna-gnl|WGS:JAJKKE|F5B20DRAFT_mRNA469615	PF01490.25	Partial	None
gene-F5B20DRAFT_469651	rna-gnl|WGS:JAJKKE|F5B20DRAFT_mRNA469651	PF00324.28,PF03522.21,PF03522.21,PF13520.13	Complete	None
gene-F5B20DRAFT_469695	rna-gnl|WGS:JAJKKE|F5B20DRAFT_mRNA469695		None	None
gene-F5B20DRAFT_574315	rna-gnl|WGS:JAJKKE|F5B20DRAFT_mRNA574315	PF06093.20	Partial	None
gene-F5B20DRAFT_469740	rna-gnl|WGS:JAJKKE|F5B20DRAFT_mRNA469740	PF20976.3	Partial	None
gene-F5B20DRAFT_574317	rna-gnl|WGS:JAJKKE|F5B20DRAFT_mRNA574317	PF00149.34,PF08321.19,PF13181.13,PF13181.13	Complete	None
gene-F5B20DRAFT_469707	rna-gnl|WGS:JAJKKE|F5B20DRAFT_mRNA469707	PF01205.26,PF05773.28	Partial	None
gene-F5B20DRAFT_469717	rna-gnl|WGS:JAJKKE|F5B20DRAFT_mRNA469717	PF02515.23	Partial	None
gene-F5B20DRAFT_586598	rna-gnl|WGS:JAJKKE|F5B20DRAFT_mRNA586598	PF00350.30,PF01031.26,PF02212.24	Complete	None
gene-F5B20DRAFT_564761	rna-gnl|WGS:JAJKKE|F5B20DRAFT_mRNA564761	PF01134.29,PF12831.14,PF13932.16,PF21680.3	Complete	None
gene-F5B20DRAFT_564764	rna-gnl|WGS:JAJKKE|F5B20DRAFT_mRNA564764	PF00995.29	Partial	None
gene-F5B20DRAFT_564765	rna-gnl|WGS:JAJKKE|F5B20DRAFT_mRNA564765	PF10296.16	Partial	None
gene-F5B20DRAFT_564766	rna-gnl|WGS:JAJKKE|F5B20DRAFT_mRNA564766	PF02517.22	Partial	None
gene-F5B20DRAFT_470042	rna-gnl|WGS:JAJKKE|F5B20DRAFT_mRNA470042		None	None
gene-F5B20DRAFT_564777	rna-gnl|WGS:JAJKKE|F5B20DRAFT_mRNA564777	PF03062.25	Partial	None
gene-F5B20DRAFT_564774	rna-gnl|WGS:JAJKKE|F5B20DRAFT_mRNA564774		None	None
gene-F5B20DRAFT_564783	rna-gnl|WGS:JAJKKE|F5B20DRAFT_mRNA564783	PF00106.32,PF01370.28,PF08659.17,PF13561.13	Partial	None
gene-F5B20DRAFT_564785	rna-gnl|WGS:JAJKKE|F5B20DRAFT_mRNA564785		None	None
gene-F5B20DRAFT_564786	rna-gnl|WGS:JAJKKE|F5B20DRAFT_mRNA564786	PF02311.26,PF03079.21,PF07883.18	Partial	None
gene-F5B20DRAFT_564790	rna-gnl|WGS:JAJKKE|F5B20DRAFT_mRNA564790	PF04511.21	Partial	None
gene-F5B20DRAFT_596639	rna-gnl|WGS:JAJKKE|F5B20DRAFT_mRNA596639	PF00125.31	Partial	None
gene-F5B20DRAFT_470105	rna-gnl|WGS:JAJKKE|F5B20DRAFT_mRNA470105	PF04930.21	Partial	None
gene-F5B20DRAFT_596641	rna-gnl|WGS:JAJKKE|F5B20DRAFT_mRNA596641	PF00557.30,PF01321.25,PF16188.11,PF16189.12	Complete	None
gene-F5B20DRAFT_564796	rna-gnl|WGS:JAJKKE|F5B20DRAFT_mRNA564796	PF18806.8,PF24140.2	Complete	None
gene-F5B20DRAFT_574334	rna-gnl|WGS:JAJKKE|F5B20DRAFT_mRNA574334	PF00338.28,PF00579.32	Partial	None
gene-F5B20DRAFT_564806	rna-gnl|WGS:JAJKKE|F5B20DRAFT_mRNA564806	PF01398.27,PF18323.7	Complete	None
gene-F5B20DRAFT_564807	rna-gnl|WGS:JAJKKE|F5B20DRAFT_mRNA564807	PF00749.28,PF19269.5	Complete	None
gene-F5B20DRAFT_564808	rna-gnl|WGS:JAJKKE|F5B20DRAFT_mRNA564808	PF00226.37,PF00684.26,PF01556.24	Complete	None
gene-F5B20DRAFT_564810	rna-gnl|WGS:JAJKKE|F5B20DRAFT_mRNA564810	PF01655.24	Partial	None
gene-F5B20DRAFT_586620	rna-gnl|WGS:JAJKKE|F5B20DRAFT_mRNA586620		None	None
gene-F5B20DRAFT_586621	rna-gnl|WGS:JAJKKE|F5B20DRAFT_mRNA586621	PF05729.19,PF24883.3	Complete	None
gene-F5B20DRAFT_470609	rna-gnl|WGS:JAJKKE|F5B20DRAFT_mRNA470609		None	None
gene-F5B20DRAFT_564820	rna-gnl|WGS:JAJKKE|F5B20DRAFT_mRNA564820	PF00070.34,PF07992.21,PF22366.2	Complete	None
gene-F5B20DRAFT_586624	rna-gnl|WGS:JAJKKE|F5B20DRAFT_mRNA586624	PF00004.36,PF07726.18,PF07728.21,PF07728.21,PF07728.21,PF07728.21,PF07728.21,PF07728.21,PF07728.21,PF07728.21,PF07728.21,PF17865.8,PF17867.8,PF17867.8,PF17867.8,PF21108.4	Complete	None
gene-F5B20DRAFT_586625	rna-gnl|WGS:JAJKKE|F5B20DRAFT_mRNA586625	PF00542.25,PF16320.11	Partial	None
gene-F5B20DRAFT_470816	rna-gnl|WGS:JAJKKE|F5B20DRAFT_mRNA470816	PF02558.23,PF08546.18	Partial	None
gene-F5B20DRAFT_586627	rna-gnl|WGS:JAJKKE|F5B20DRAFT_mRNA586627	PF04818.20,PF12243.15,PF12350.14	Complete	None
gene-F5B20DRAFT_574343	rna-gnl|WGS:JAJKKE|F5B20DRAFT_mRNA574343	PF03807.24,PF14748.12	Complete	None
gene-F5B20DRAFT_470647	rna-gnl|WGS:JAJKKE|F5B20DRAFT_mRNA470647	PF10394.16,PF21184.4	Complete	None
gene-F5B20DRAFT_470850	rna-gnl|WGS:JAJKKE|F5B20DRAFT_mRNA470850	PF02535.29	Partial	None
gene-F5B20DRAFT_564857	rna-gnl|WGS:JAJKKE|F5B20DRAFT_mRNA564857	PF00400.39,PF00400.39,PF00400.39,PF00400.39,PF00400.39,PF00400.39,PF00646.39,PF12937.13	Complete	None
gene-F5B20DRAFT_596652	rna-gnl|WGS:JAJKKE|F5B20DRAFT_mRNA596652		None	None
gene-F5B20DRAFT_586633	rna-gnl|WGS:JAJKKE|F5B20DRAFT_mRNA586633	PF08297.17	Complete	None
gene-F5B20DRAFT_586634	rna-gnl|WGS:JAJKKE|F5B20DRAFT_mRNA586634	PF06609.19,PF07690.22	Partial	None
gene-F5B20DRAFT_574348	rna-gnl|WGS:JAJKKE|F5B20DRAFT_mRNA574348	PF00092.35,PF13519.13,PF13768.13,PF15411.13,PF29444.1,PF29452.1	Complete	None
gene-F5B20DRAFT_564864	rna-gnl|WGS:JAJKKE|F5B20DRAFT_mRNA564864		None	None
gene-F5B20DRAFT_564893	rna-gnl|WGS:JAJKKE|F5B20DRAFT_mRNA564893	PF00118.30	Partial	None
gene-F5B20DRAFT_564908	rna-gnl|WGS:JAJKKE|F5B20DRAFT_mRNA564908	PF00505.26,PF09011.17,PF24245.2	Complete	None
gene-F5B20DRAFT_574351	rna-gnl|WGS:JAJKKE|F5B20DRAFT_mRNA574351	PF02582.20,PF03435.25	Complete	None
gene-F5B20DRAFT_574352	rna-gnl|WGS:JAJKKE|F5B20DRAFT_mRNA574352		None	None
gene-F5B20DRAFT_586642	rna-gnl|WGS:JAJKKE|F5B20DRAFT_mRNA586642	PF00628.36,PF13639.13	Complete	None
gene-F5B20DRAFT_471534	rna-gnl|WGS:JAJKKE|F5B20DRAFT_mRNA471534	PF00582.33	Partial	None
gene-F5B20DRAFT_471614	rna-gnl|WGS:JAJKKE|F5B20DRAFT_mRNA471614	PF10255.16	Partial	None
gene-F5B20DRAFT_471590	rna-gnl|WGS:JAJKKE|F5B20DRAFT_mRNA471590	PF00009.34,PF00679.31,PF03144.32,PF14492.13,PF22042.3,PF25118.2	Complete	None
gene-F5B20DRAFT_471690	rna-gnl|WGS:JAJKKE|F5B20DRAFT_mRNA471690	PF00069.32,PF07714.24	Partial	None
gene-F5B20DRAFT_574358	rna-gnl|WGS:JAJKKE|F5B20DRAFT_mRNA574358	PF10348.15,PF10775.15,PF16010.11	Complete	None
gene-F5B20DRAFT_471897	rna-gnl|WGS:JAJKKE|F5B20DRAFT_mRNA471897	PF00069.32,PF00168.37,PF00433.30,PF07714.24,PF14531.13	Complete	None
gene-F5B20DRAFT_471939	rna-gnl|WGS:JAJKKE|F5B20DRAFT_mRNA471939		None	None
gene-F5B20DRAFT_586650	rna-gnl|WGS:JAJKKE|F5B20DRAFT_mRNA586650	PF04828.23	Partial	None
gene-F5B20DRAFT_596660	rna-gnl|WGS:JAJKKE|F5B20DRAFT_mRNA596660		None	None
gene-F5B20DRAFT_564977	rna-gnl|WGS:JAJKKE|F5B20DRAFT_mRNA564977		None	None
gene-F5B20DRAFT_586653	rna-gnl|WGS:JAJKKE|F5B20DRAFT_mRNA586653	PF12752.13	Complete	None
gene-F5B20DRAFT_564985	rna-gnl|WGS:JAJKKE|F5B20DRAFT_mRNA564985	PF02906.20	Partial	None
gene-F5B20DRAFT_564988	rna-gnl|WGS:JAJKKE|F5B20DRAFT_mRNA564988	PF31053.1	Partial	None
gene-F5B20DRAFT_472204	rna-gnl|WGS:JAJKKE|F5B20DRAFT_mRNA472204		None	None
gene-F5B20DRAFT_472236	rna-gnl|WGS:JAJKKE|F5B20DRAFT_mRNA472236	PF00018.35,PF00018.35,PF00241.26,PF07653.24,PF07653.24,PF14604.13,PF14604.13	Complete	None
gene-F5B20DRAFT_564995	rna-gnl|WGS:JAJKKE|F5B20DRAFT_mRNA564995	PF00096.33,PF23561.2	Complete	None
gene-F5B20DRAFT_574363	rna-gnl|WGS:JAJKKE|F5B20DRAFT_mRNA574363		None	None
gene-F5B20DRAFT_565000	rna-gnl|WGS:JAJKKE|F5B20DRAFT_mRNA565000		None	None
gene-F5B20DRAFT_596664	rna-gnl|WGS:JAJKKE|F5B20DRAFT_mRNA596664	PF02170.29,PF02171.24,PF08699.16,PF16486.12	Complete	None
gene-F5B20DRAFT_565006	rna-gnl|WGS:JAJKKE|F5B20DRAFT_mRNA565006		None	None
gene-F5B20DRAFT_472347	rna-gnl|WGS:JAJKKE|F5B20DRAFT_mRNA472347	PF01773.26,PF07662.19,PF07670.20	Complete	None
gene-F5B20DRAFT_472547	rna-gnl|WGS:JAJKKE|F5B20DRAFT_mRNA472547	PF00083.31,PF05631.20,PF07690.22,PF12832.14	Partial	None
gene-F5B20DRAFT_596666	rna-gnl|WGS:JAJKKE|F5B20DRAFT_mRNA596666	PF08241.19,PF08242.19,PF13489.13,PF13649.13	Partial	None
gene-F5B20DRAFT_565028	rna-gnl|WGS:JAJKKE|F5B20DRAFT_mRNA565028	PF04427.24	Partial	None
gene-F5B20DRAFT_565029	rna-gnl|WGS:JAJKKE|F5B20DRAFT_mRNA565029	PF00270.36,PF00271.38,PF04851.22	Complete	None
gene-F5B20DRAFT_586667	rna-gnl|WGS:JAJKKE|F5B20DRAFT_mRNA586667		None	None
gene-F5B20DRAFT_574370	rna-gnl|WGS:JAJKKE|F5B20DRAFT_mRNA574370	PF00566.26,PF00566.26,PF23436.2	Complete	None
gene-F5B20DRAFT_565039	rna-gnl|WGS:JAJKKE|F5B20DRAFT_mRNA565039	PF00179.32	Partial	None
gene-F5B20DRAFT_565040	rna-gnl|WGS:JAJKKE|F5B20DRAFT_mRNA565040	PF04676.20,PF04677.21	Complete	None
gene-F5B20DRAFT_565042	rna-gnl|WGS:JAJKKE|F5B20DRAFT_mRNA565042	PF00382.25,PF00382.25,PF07741.19	Complete	None
gene-F5B20DRAFT_565043	rna-gnl|WGS:JAJKKE|F5B20DRAFT_mRNA565043	PF00717.29,PF31032.1	Complete	None
gene-F5B20DRAFT_574375	rna-gnl|WGS:JAJKKE|F5B20DRAFT_mRNA574375		None	None
gene-F5B20DRAFT_472847	rna-gnl|WGS:JAJKKE|F5B20DRAFT_mRNA472847	PF00651.38	Partial	None
gene-F5B20DRAFT_472940	rna-gnl|WGS:JAJKKE|F5B20DRAFT_mRNA472940		None	None
gene-F5B20DRAFT_565056	rna-gnl|WGS:JAJKKE|F5B20DRAFT_mRNA565056	PF03029.24	Partial	None
gene-F5B20DRAFT_565057	rna-gnl|WGS:JAJKKE|F5B20DRAFT_mRNA565057		None	None
gene-F5B20DRAFT_473227	rna-gnl|WGS:JAJKKE|F5B20DRAFT_mRNA473227	PF01230.30,PF11969.14	Partial	None
gene-F5B20DRAFT_473239	rna-gnl|WGS:JAJKKE|F5B20DRAFT_mRNA473239	PF00248.28	Partial	None
gene-F5B20DRAFT_596678	rna-gnl|WGS:JAJKKE|F5B20DRAFT_mRNA596678		None	None
gene-F5B20DRAFT_586682	rna-gnl|WGS:JAJKKE|F5B20DRAFT_mRNA586682	PF04828.23,PF04828.23	Partial	None
gene-F5B20DRAFT_473306	rna-gnl|WGS:JAJKKE|F5B20DRAFT_mRNA473306		None	None
gene-F5B20DRAFT_565074	rna-gnl|WGS:JAJKKE|F5B20DRAFT_mRNA565074	PF01602.27,PF07718.19,PF12717.14,PF14806.12	Complete	None
gene-F5B20DRAFT_586685	rna-gnl|WGS:JAJKKE|F5B20DRAFT_mRNA586685	PF02792.20	Partial	None
gene-F5B20DRAFT_473556	rna-gnl|WGS:JAJKKE|F5B20DRAFT_mRNA473556	PF09783.15	Partial	None
gene-F5B20DRAFT_565084	rna-gnl|WGS:JAJKKE|F5B20DRAFT_mRNA565084	PF01170.25,PF25904.1	Partial	None
gene-F5B20DRAFT_473601	rna-gnl|WGS:JAJKKE|F5B20DRAFT_mRNA473601	PF08584.17	Partial	None
gene-F5B20DRAFT_473594	rna-gnl|WGS:JAJKKE|F5B20DRAFT_mRNA473594	PF00023.37,PF13637.13	Partial	None
gene-F5B20DRAFT_565088	rna-gnl|WGS:JAJKKE|F5B20DRAFT_mRNA565088	PF08302.17,PF08303.18,PF09511.16	Complete	None
gene-F5B20DRAFT_565092	rna-gnl|WGS:JAJKKE|F5B20DRAFT_mRNA565092	PF00591.28,PF02885.23	Partial	None
gene-F5B20DRAFT_565093	rna-gnl|WGS:JAJKKE|F5B20DRAFT_mRNA565093	PF28227.1	Complete	None
gene-F5B20DRAFT_565097	rna-gnl|WGS:JAJKKE|F5B20DRAFT_mRNA565097		None	None
gene-F5B20DRAFT_596686	rna-gnl|WGS:JAJKKE|F5B20DRAFT_mRNA596686	PF00067.28	Partial	None
gene-F5B20DRAFT_565106	rna-gnl|WGS:JAJKKE|F5B20DRAFT_mRNA565106	PF01565.29	Partial	None
gene-F5B20DRAFT_596690	rna-gnl|WGS:JAJKKE|F5B20DRAFT_mRNA596690	PF20684.4	Partial	None
gene-F5B20DRAFT_565114	rna-gnl|WGS:JAJKKE|F5B20DRAFT_mRNA565114	PF04082.24	Partial	None
gene-F5B20DRAFT_473837	rna-gnl|WGS:JAJKKE|F5B20DRAFT_mRNA473837	PF01853.26,PF01853.26	Complete	None
gene-F5B20DRAFT_586700	rna-gnl|WGS:JAJKKE|F5B20DRAFT_mRNA586700	PF01399.34,PF08375.17,PF25573.1	Complete	None
gene-F5B20DRAFT_565120	rna-gnl|WGS:JAJKKE|F5B20DRAFT_mRNA565120	PF03847.21	Complete	None
gene-F5B20DRAFT_473913	rna-gnl|WGS:JAJKKE|F5B20DRAFT_mRNA473913		None	None
gene-F5B20DRAFT_565123	rna-gnl|WGS:JAJKKE|F5B20DRAFT_mRNA565123	PF08657.16,PF08657.16	Partial	None
gene-F5B20DRAFT_565124	rna-gnl|WGS:JAJKKE|F5B20DRAFT_mRNA565124	PF01323.27	Partial	None
gene-F5B20DRAFT_596694	rna-gnl|WGS:JAJKKE|F5B20DRAFT_mRNA596694	PF20150.5	Partial	None
gene-F5B20DRAFT_586706	rna-gnl|WGS:JAJKKE|F5B20DRAFT_mRNA586706	PF20150.5	Partial	None
gene-F5B20DRAFT_565130	rna-gnl|WGS:JAJKKE|F5B20DRAFT_mRNA565130	PF07690.22,PF07690.22	Partial	None
gene-F5B20DRAFT_565137	rna-gnl|WGS:JAJKKE|F5B20DRAFT_mRNA565137		None	None
gene-F5B20DRAFT_574397	rna-gnl|WGS:JAJKKE|F5B20DRAFT_mRNA574397	PF01494.26	Partial	None
gene-F5B20DRAFT_565146	rna-gnl|WGS:JAJKKE|F5B20DRAFT_mRNA565146		None	None
gene-F5B20DRAFT_565147	rna-gnl|WGS:JAJKKE|F5B20DRAFT_mRNA565147		None	None
gene-F5B20DRAFT_565149	rna-gnl|WGS:JAJKKE|F5B20DRAFT_mRNA565149	PF00564.31,PF00571.34,PF00571.34,PF00571.34,PF00571.34	Complete	None
gene-F5B20DRAFT_586713	rna-gnl|WGS:JAJKKE|F5B20DRAFT_mRNA586713		None	None
gene-F5B20DRAFT_474206	rna-gnl|WGS:JAJKKE|F5B20DRAFT_mRNA474206		None	None
gene-F5B20DRAFT_565174	rna-gnl|WGS:JAJKKE|F5B20DRAFT_mRNA565174	PF00067.28	Partial	None
gene-F5B20DRAFT_565183	rna-gnl|WGS:JAJKKE|F5B20DRAFT_mRNA565183	PF00583.32,PF09337.17,PF17921.8	Complete	None
gene-F5B20DRAFT_565189	rna-gnl|WGS:JAJKKE|F5B20DRAFT_mRNA565189	PF00324.28,PF13520.13	Partial	None
gene-F5B20DRAFT_565191	rna-gnl|WGS:JAJKKE|F5B20DRAFT_mRNA565191	PF00025.28,PF00503.27	Partial	None
gene-F5B20DRAFT_565194	rna-gnl|WGS:JAJKKE|F5B20DRAFT_mRNA565194		None	None
gene-F5B20DRAFT_565195	rna-gnl|WGS:JAJKKE|F5B20DRAFT_mRNA565195	PF03619.23	Partial	None
gene-F5B20DRAFT_565197	rna-gnl|WGS:JAJKKE|F5B20DRAFT_mRNA565197	PF05705.21	Partial	None
gene-F5B20DRAFT_565200	rna-gnl|WGS:JAJKKE|F5B20DRAFT_mRNA565200	PF00856.34	Partial	None
gene-F5B20DRAFT_565201	rna-gnl|WGS:JAJKKE|F5B20DRAFT_mRNA565201	PF06985.18,PF26639.1	Complete	None
gene-F5B20DRAFT_474366	rna-gnl|WGS:JAJKKE|F5B20DRAFT_mRNA474366	PF00136.27,PF03104.26,PF08490.18,PF10108.16,PF22634.2,PF22912.3,PF23250.2	Complete	None
gene-F5B20DRAFT_586723	rna-gnl|WGS:JAJKKE|F5B20DRAFT_mRNA586723	PF12597.14	Partial	None
gene-F5B20DRAFT_474373	rna-gnl|WGS:JAJKKE|F5B20DRAFT_mRNA474373		None	None
gene-F5B20DRAFT_574411	rna-gnl|WGS:JAJKKE|F5B20DRAFT_mRNA574411	PF00069.32	Partial	None
gene-F5B20DRAFT_474384	rna-gnl|WGS:JAJKKE|F5B20DRAFT_mRNA474384	PF01263.27	Partial	None
gene-F5B20DRAFT_586727	rna-gnl|WGS:JAJKKE|F5B20DRAFT_mRNA586727	PF01068.27,PF04675.20,PF04679.22	Complete	None
gene-F5B20DRAFT_474687	rna-gnl|WGS:JAJKKE|F5B20DRAFT_mRNA474687	PF20150.5	Partial	None
gene-F5B20DRAFT_474670	rna-gnl|WGS:JAJKKE|F5B20DRAFT_mRNA474670	PF00326.28,PF10503.15	Partial	None
gene-F5B20DRAFT_565224	rna-gnl|WGS:JAJKKE|F5B20DRAFT_mRNA565224		None	None
gene-F5B20DRAFT_474739	rna-gnl|WGS:JAJKKE|F5B20DRAFT_mRNA474739	PF00023.37	Complete	None
gene-F5B20DRAFT_565228	rna-gnl|WGS:JAJKKE|F5B20DRAFT_mRNA565228		None	None
gene-F5B20DRAFT_574415	rna-gnl|WGS:JAJKKE|F5B20DRAFT_mRNA574415	PF06985.18,PF26640.1	Complete	None
gene-F5B20DRAFT_586734	rna-gnl|WGS:JAJKKE|F5B20DRAFT_mRNA586734	PF00067.28	Partial	None
gene-F5B20DRAFT_565233	rna-gnl|WGS:JAJKKE|F5B20DRAFT_mRNA565233	PF20684.4	Partial	None
gene-F5B20DRAFT_565248	rna-gnl|WGS:JAJKKE|F5B20DRAFT_mRNA565248		None	None
gene-F5B20DRAFT_596738	rna-gnl|WGS:JAJKKE|F5B20DRAFT_mRNA596738	PF02464.24	Partial	None
gene-F5B20DRAFT_586739	rna-gnl|WGS:JAJKKE|F5B20DRAFT_mRNA586739		None	None
gene-F5B20DRAFT_474923	rna-gnl|WGS:JAJKKE|F5B20DRAFT_mRNA474923	PF28663.1	Partial	None
gene-F5B20DRAFT_474933	rna-gnl|WGS:JAJKKE|F5B20DRAFT_mRNA474933	PF06772.17	Partial	None
gene-F5B20DRAFT_574421	rna-gnl|WGS:JAJKKE|F5B20DRAFT_mRNA574421	PF03663.21	Partial	None
gene-F5B20DRAFT_565265	rna-gnl|WGS:JAJKKE|F5B20DRAFT_mRNA565265		None	None
gene-F5B20DRAFT_596740	rna-gnl|WGS:JAJKKE|F5B20DRAFT_mRNA596740	PF12224.14	Partial	None
gene-F5B20DRAFT_565267	rna-gnl|WGS:JAJKKE|F5B20DRAFT_mRNA565267		None	None
gene-F5B20DRAFT_565269	rna-gnl|WGS:JAJKKE|F5B20DRAFT_mRNA565269	PF00106.32,PF08659.17,PF13561.13	Partial	None
gene-F5B20DRAFT_565270	rna-gnl|WGS:JAJKKE|F5B20DRAFT_mRNA565270	PF00535.33,PF13641.13	Partial	None
gene-F5B20DRAFT_475096	rna-gnl|WGS:JAJKKE|F5B20DRAFT_mRNA475096	PF00122.26,PF00689.27,PF00690.32,PF00702.33,PF08282.19,PF13246.13	Complete	None
gene-F5B20DRAFT_475076	rna-gnl|WGS:JAJKKE|F5B20DRAFT_mRNA475076		None	None
gene-F5B20DRAFT_475142	rna-gnl|WGS:JAJKKE|F5B20DRAFT_mRNA475142	PF02714.21,PF13967.12,PF14703.13	Partial	None
gene-F5B20DRAFT_475162	rna-gnl|WGS:JAJKKE|F5B20DRAFT_mRNA475162		None	None
gene-F5B20DRAFT_574428	rna-gnl|WGS:JAJKKE|F5B20DRAFT_mRNA574428	PF00931.29,PF17107.12	Partial	None
gene-F5B20DRAFT_596747	rna-gnl|WGS:JAJKKE|F5B20DRAFT_mRNA596747	PF00067.28	Partial	None
gene-F5B20DRAFT_565295	rna-gnl|WGS:JAJKKE|F5B20DRAFT_mRNA565295	PF00083.31,PF06609.19,PF07690.22	Partial	None
gene-F5B20DRAFT_565298	rna-gnl|WGS:JAJKKE|F5B20DRAFT_mRNA565298	PF07690.22	Partial	None
gene-F5B20DRAFT_565311	rna-gnl|WGS:JAJKKE|F5B20DRAFT_mRNA565311	PF00106.32,PF13561.13	Partial	None
gene-F5B20DRAFT_475427	rna-gnl|WGS:JAJKKE|F5B20DRAFT_mRNA475427	PF01565.29,PF08031.18	Complete	None
gene-F5B20DRAFT_475458	rna-gnl|WGS:JAJKKE|F5B20DRAFT_mRNA475458		None	None
gene-F5B20DRAFT_475460	rna-gnl|WGS:JAJKKE|F5B20DRAFT_mRNA475460		None	None
gene-F5B20DRAFT_565323	rna-gnl|WGS:JAJKKE|F5B20DRAFT_mRNA565323	PF04749.23	Partial	None
gene-F5B20DRAFT_586760	rna-gnl|WGS:JAJKKE|F5B20DRAFT_mRNA586760		None	None
gene-F5B20DRAFT_475491	rna-gnl|WGS:JAJKKE|F5B20DRAFT_mRNA475491	PF30968.1	Partial	None
gene-F5B20DRAFT_475496	rna-gnl|WGS:JAJKKE|F5B20DRAFT_mRNA475496	PF07859.20,PF20434.6	Partial	None
gene-F5B20DRAFT_565327	rna-gnl|WGS:JAJKKE|F5B20DRAFT_mRNA565327	PF00152.26,PF09924.16	Complete	None
gene-F5B20DRAFT_586764	rna-gnl|WGS:JAJKKE|F5B20DRAFT_mRNA586764		None	None
gene-F5B20DRAFT_574438	rna-gnl|WGS:JAJKKE|F5B20DRAFT_mRNA574438	PF00083.31,PF06609.19,PF07690.22	Partial	None
gene-F5B20DRAFT_475552	rna-gnl|WGS:JAJKKE|F5B20DRAFT_mRNA475552		None	None
gene-F5B20DRAFT_565336	rna-gnl|WGS:JAJKKE|F5B20DRAFT_mRNA565336		None	None
gene-F5B20DRAFT_586768	rna-gnl|WGS:JAJKKE|F5B20DRAFT_mRNA586768		None	None
gene-F5B20DRAFT_586769	rna-gnl|WGS:JAJKKE|F5B20DRAFT_mRNA586769	PF09812.15	Partial	None
gene-F5B20DRAFT_475685	rna-gnl|WGS:JAJKKE|F5B20DRAFT_mRNA475685	PF00025.28,PF00071.29,PF08477.20	Partial	None
gene-F5B20DRAFT_565342	rna-gnl|WGS:JAJKKE|F5B20DRAFT_mRNA565342	PF13945.12	Partial	None
gene-F5B20DRAFT_586772	rna-gnl|WGS:JAJKKE|F5B20DRAFT_mRNA586772		None	None
gene-F5B20DRAFT_475934	rna-gnl|WGS:JAJKKE|F5B20DRAFT_mRNA475934		None	None
gene-F5B20DRAFT_565351	rna-gnl|WGS:JAJKKE|F5B20DRAFT_mRNA565351	PF01472.27,PF17832.8	Partial	None
gene-F5B20DRAFT_586775	rna-gnl|WGS:JAJKKE|F5B20DRAFT_mRNA586775		None	None
gene-F5B20DRAFT_586776	rna-gnl|WGS:JAJKKE|F5B20DRAFT_mRNA586776	PF00651.38	Partial	None
gene-F5B20DRAFT_596761	rna-gnl|WGS:JAJKKE|F5B20DRAFT_mRNA596761	PF00107.33,PF08240.18	Partial	None
gene-F5B20DRAFT_476021	rna-gnl|WGS:JAJKKE|F5B20DRAFT_mRNA476021		None	None
gene-F5B20DRAFT_596779	rna-gnl|WGS:JAJKKE|F5B20DRAFT_mRNA596779		None	None
gene-F5B20DRAFT_475963	rna-gnl|WGS:JAJKKE|F5B20DRAFT_mRNA475963	PF00083.31,PF07690.22,PF07690.22	Partial	None
gene-F5B20DRAFT_596781	rna-gnl|WGS:JAJKKE|F5B20DRAFT_mRNA596781		None	None
gene-F5B20DRAFT_476152	rna-gnl|WGS:JAJKKE|F5B20DRAFT_mRNA476152	PF00646.39	Partial	None
gene-F5B20DRAFT_565386	rna-gnl|WGS:JAJKKE|F5B20DRAFT_mRNA565386		None	None
gene-F5B20DRAFT_476249	rna-gnl|WGS:JAJKKE|F5B20DRAFT_mRNA476249	PF00043.31,PF02798.27,PF13409.13,PF13410.12,PF13417.13,PF14497.12	Complete	None
gene-F5B20DRAFT_476232	rna-gnl|WGS:JAJKKE|F5B20DRAFT_mRNA476232	PF00389.37,PF02826.26	Partial	None
gene-F5B20DRAFT_586786	rna-gnl|WGS:JAJKKE|F5B20DRAFT_mRNA586786	PF00005.34,PF00005.34,PF12698.14	Complete	None
gene-F5B20DRAFT_574454	rna-gnl|WGS:JAJKKE|F5B20DRAFT_mRNA574454	PF02845.23	Partial	None
gene-F5B20DRAFT_476347	rna-gnl|WGS:JAJKKE|F5B20DRAFT_mRNA476347		None	None
gene-F5B20DRAFT_596799	rna-gnl|WGS:JAJKKE|F5B20DRAFT_mRNA596799	PF24681.2	Complete	None
gene-F5B20DRAFT_596801	rna-gnl|WGS:JAJKKE|F5B20DRAFT_mRNA596801		None	None
gene-F5B20DRAFT_586791	rna-gnl|WGS:JAJKKE|F5B20DRAFT_mRNA586791	PF01476.27,PF01476.27	Complete	None
gene-F5B20DRAFT_596803	rna-gnl|WGS:JAJKKE|F5B20DRAFT_mRNA596803	PF00067.28	Partial	None
gene-F5B20DRAFT_565403	rna-gnl|WGS:JAJKKE|F5B20DRAFT_mRNA565403	PF09362.16	Partial	None
gene-F5B20DRAFT_565404	rna-gnl|WGS:JAJKKE|F5B20DRAFT_mRNA565404		None	None
gene-F5B20DRAFT_565406	rna-gnl|WGS:JAJKKE|F5B20DRAFT_mRNA565406	PF00443.36	Partial	None
gene-F5B20DRAFT_476644	rna-gnl|WGS:JAJKKE|F5B20DRAFT_mRNA476644	PF00324.28,PF13520.13	Partial	None
gene-F5B20DRAFT_476553	rna-gnl|WGS:JAJKKE|F5B20DRAFT_mRNA476553	PF20684.4	Partial	None
gene-F5B20DRAFT_476699	rna-gnl|WGS:JAJKKE|F5B20DRAFT_mRNA476699	PF00561.27,PF12146.16,PF12697.14	Partial	None
gene-F5B20DRAFT_565440	rna-gnl|WGS:JAJKKE|F5B20DRAFT_mRNA565440	PF11807.14	Partial	None
gene-F5B20DRAFT_476755	rna-gnl|WGS:JAJKKE|F5B20DRAFT_mRNA476755		None	None
gene-F5B20DRAFT_586797	rna-gnl|WGS:JAJKKE|F5B20DRAFT_mRNA586797	PF00854.28	Partial	None
gene-F5B20DRAFT_586798	rna-gnl|WGS:JAJKKE|F5B20DRAFT_mRNA586798	PF00171.28	Partial	None
gene-F5B20DRAFT_586799	rna-gnl|WGS:JAJKKE|F5B20DRAFT_mRNA586799		None	None
gene-F5B20DRAFT_596817	rna-gnl|WGS:JAJKKE|F5B20DRAFT_mRNA596817		None	None
gene-F5B20DRAFT_476807	rna-gnl|WGS:JAJKKE|F5B20DRAFT_mRNA476807	PF00732.26,PF00890.31,PF05199.20	Complete	None
gene-F5B20DRAFT_586802	rna-gnl|WGS:JAJKKE|F5B20DRAFT_mRNA586802		None	None
gene-F5B20DRAFT_586803	rna-gnl|WGS:JAJKKE|F5B20DRAFT_mRNA586803	PF01281.26	Partial	None
gene-F5B20DRAFT_586804	rna-gnl|WGS:JAJKKE|F5B20DRAFT_mRNA586804	PF07690.22	Partial	None
gene-F5B20DRAFT_596821	rna-gnl|WGS:JAJKKE|F5B20DRAFT_mRNA596821	PF00172.24,PF04082.24	Partial	None
gene-F5B20DRAFT_477047	rna-gnl|WGS:JAJKKE|F5B20DRAFT_mRNA477047		None	None
gene-F5B20DRAFT_476917	rna-gnl|WGS:JAJKKE|F5B20DRAFT_mRNA476917	PF05837.18	Partial	None
gene-F5B20DRAFT_574469	rna-gnl|WGS:JAJKKE|F5B20DRAFT_mRNA574469		None	None
gene-F5B20DRAFT_596827	rna-gnl|WGS:JAJKKE|F5B20DRAFT_mRNA596827	PF23074.2,PF23076.2	Complete	None
gene-F5B20DRAFT_596835	rna-gnl|WGS:JAJKKE|F5B20DRAFT_mRNA596835	PF00248.28	Partial	None
gene-F5B20DRAFT_477533	rna-gnl|WGS:JAJKKE|F5B20DRAFT_mRNA477533		None	None
gene-F5B20DRAFT_477536	rna-gnl|WGS:JAJKKE|F5B20DRAFT_mRNA477536		None	None
gene-F5B20DRAFT_565531	rna-gnl|WGS:JAJKKE|F5B20DRAFT_mRNA565531	PF01968.25,PF05378.20,PF06032.19,PF20906.4	Complete	None
gene-F5B20DRAFT_565553	rna-gnl|WGS:JAJKKE|F5B20DRAFT_mRNA565553	PF22893.3	Partial	None
gene-F5B20DRAFT_477636	rna-gnl|WGS:JAJKKE|F5B20DRAFT_mRNA477636		None	None
gene-F5B20DRAFT_574473	rna-gnl|WGS:JAJKKE|F5B20DRAFT_mRNA574473	PF01544.24,PF25438.2	Complete	None
gene-F5B20DRAFT_477812	rna-gnl|WGS:JAJKKE|F5B20DRAFT_mRNA477812		None	None
gene-F5B20DRAFT_596843	rna-gnl|WGS:JAJKKE|F5B20DRAFT_mRNA596843		None	None
gene-F5B20DRAFT_477832	rna-gnl|WGS:JAJKKE|F5B20DRAFT_mRNA477832	PF05127.22,PF08351.19,PF13718.13,PF13725.13	Complete	None
gene-F5B20DRAFT_574475	rna-gnl|WGS:JAJKKE|F5B20DRAFT_mRNA574475	PF23155.2	Partial	None
gene-F5B20DRAFT_478149	rna-gnl|WGS:JAJKKE|F5B20DRAFT_mRNA478149	PF06779.21,PF07690.22	Partial	None
gene-F5B20DRAFT_477840	rna-gnl|WGS:JAJKKE|F5B20DRAFT_mRNA477840	PF00135.35,PF07859.20,PF20434.6	Partial	None
gene-F5B20DRAFT_477823	rna-gnl|WGS:JAJKKE|F5B20DRAFT_mRNA477823	PF06985.18,PF26639.1	Complete	None
gene-F5B20DRAFT_565593	rna-gnl|WGS:JAJKKE|F5B20DRAFT_mRNA565593	PF20150.5	Partial	None
gene-F5B20DRAFT_596854	rna-gnl|WGS:JAJKKE|F5B20DRAFT_mRNA596854	PF12708.13,PF12708.13	Complete	None
gene-F5B20DRAFT_586822	rna-gnl|WGS:JAJKKE|F5B20DRAFT_mRNA586822		None	None
gene-F5B20DRAFT_565596	rna-gnl|WGS:JAJKKE|F5B20DRAFT_mRNA565596	PF02878.23,PF02879.24,PF02880.23,PF24947.2	Complete	None
gene-F5B20DRAFT_565598	rna-gnl|WGS:JAJKKE|F5B20DRAFT_mRNA565598	PF00929.32	Partial	None
gene-F5B20DRAFT_596860	rna-gnl|WGS:JAJKKE|F5B20DRAFT_mRNA596860	PF08241.19,PF08242.19,PF13489.13,PF13649.13	Partial	None
gene-F5B20DRAFT_565604	rna-gnl|WGS:JAJKKE|F5B20DRAFT_mRNA565604		None	None
gene-F5B20DRAFT_596864	rna-gnl|WGS:JAJKKE|F5B20DRAFT_mRNA596864		None	None
gene-F5B20DRAFT_586828	rna-gnl|WGS:JAJKKE|F5B20DRAFT_mRNA586828	PF00795.28	Partial	None
gene-F5B20DRAFT_574485	rna-gnl|WGS:JAJKKE|F5B20DRAFT_mRNA574485	PF00172.24	Partial	None
gene-F5B20DRAFT_565617	rna-gnl|WGS:JAJKKE|F5B20DRAFT_mRNA565617		None	None
gene-F5B20DRAFT_565622	rna-gnl|WGS:JAJKKE|F5B20DRAFT_mRNA565622	PF01040.24	Partial	None
gene-F5B20DRAFT_478444	rna-gnl|WGS:JAJKKE|F5B20DRAFT_mRNA478444	PF20684.4	Partial	None
gene-F5B20DRAFT_478457	rna-gnl|WGS:JAJKKE|F5B20DRAFT_mRNA478457	PF00501.35,PF00550.32,PF01370.28,PF07993.19,PF23562.3	Complete	None
gene-F5B20DRAFT_596870	rna-gnl|WGS:JAJKKE|F5B20DRAFT_mRNA596870	PF05577.19,PF05577.19	Partial	None
gene-F5B20DRAFT_586835	rna-gnl|WGS:JAJKKE|F5B20DRAFT_mRNA586835		None	None
gene-F5B20DRAFT_t102	gene-F5B20DRAFT_t102		None	None
gene-F5B20DRAFT_478520	rna-gnl|WGS:JAJKKE|F5B20DRAFT_mRNA478520	PF03820.23	Partial	None
gene-F5B20DRAFT_565645	rna-gnl|WGS:JAJKKE|F5B20DRAFT_mRNA565645		None	None
gene-F5B20DRAFT_478678	rna-gnl|WGS:JAJKKE|F5B20DRAFT_mRNA478678	PF00069.32,PF07714.24	Partial	None
gene-F5B20DRAFT_478771	rna-gnl|WGS:JAJKKE|F5B20DRAFT_mRNA478771		None	None
gene-F5B20DRAFT_574493	rna-gnl|WGS:JAJKKE|F5B20DRAFT_mRNA574493	PF00248.28	Partial	None
gene-F5B20DRAFT_565664	rna-gnl|WGS:JAJKKE|F5B20DRAFT_mRNA565664	PF12697.14	Partial	None
gene-F5B20DRAFT_565665	rna-gnl|WGS:JAJKKE|F5B20DRAFT_mRNA565665		None	None
gene-F5B20DRAFT_565669	rna-gnl|WGS:JAJKKE|F5B20DRAFT_mRNA565669	PF12706.14,PF13691.13,PF23023.2	Complete	None
gene-F5B20DRAFT_565671	rna-gnl|WGS:JAJKKE|F5B20DRAFT_mRNA565671	PF00722.29	Partial	None
gene-F5B20DRAFT_574499	rna-gnl|WGS:JAJKKE|F5B20DRAFT_mRNA574499	PF00106.32,PF08659.17,PF13561.13	Partial	None
gene-F5B20DRAFT_565680	rna-gnl|WGS:JAJKKE|F5B20DRAFT_mRNA565680		None	None
gene-F5B20DRAFT_565682	rna-gnl|WGS:JAJKKE|F5B20DRAFT_mRNA565682		None	None
gene-F5B20DRAFT_565685	rna-gnl|WGS:JAJKKE|F5B20DRAFT_mRNA565685	PF12697.14	Partial	None
gene-F5B20DRAFT_565687	rna-gnl|WGS:JAJKKE|F5B20DRAFT_mRNA565687		None	None
gene-F5B20DRAFT_574501	rna-gnl|WGS:JAJKKE|F5B20DRAFT_mRNA574501	PF01613.25	Partial	None
gene-F5B20DRAFT_479016	rna-gnl|WGS:JAJKKE|F5B20DRAFT_mRNA479016	PF02112.22	Partial	None
gene-F5B20DRAFT_479014	rna-gnl|WGS:JAJKKE|F5B20DRAFT_mRNA479014		None	None
gene-F5B20DRAFT_596882	rna-gnl|WGS:JAJKKE|F5B20DRAFT_mRNA596882		None	None
gene-F5B20DRAFT_479086	rna-gnl|WGS:JAJKKE|F5B20DRAFT_mRNA479086	PF00501.35,PF00501.35,PF23024.2,PF24919.1	Complete	None
gene-F5B20DRAFT_565710	rna-gnl|WGS:JAJKKE|F5B20DRAFT_mRNA565710		None	None
gene-F5B20DRAFT_565713	rna-gnl|WGS:JAJKKE|F5B20DRAFT_mRNA565713	PF00199.25,PF06628.18	Complete	None
gene-F5B20DRAFT_586854	rna-gnl|WGS:JAJKKE|F5B20DRAFT_mRNA586854	PF00025.28,PF00071.29,PF01926.30,PF04670.19,PF08477.20,PF09439.17	Partial	None
gene-F5B20DRAFT_565722	rna-gnl|WGS:JAJKKE|F5B20DRAFT_mRNA565722		None	None
gene-F5B20DRAFT_565724	rna-gnl|WGS:JAJKKE|F5B20DRAFT_mRNA565724	PF01466.25,PF03931.22	Complete	None
gene-F5B20DRAFT_479420	rna-gnl|WGS:JAJKKE|F5B20DRAFT_mRNA479420	PF13886.13	Partial	None
gene-F5B20DRAFT_574511	rna-gnl|WGS:JAJKKE|F5B20DRAFT_mRNA574511		None	None
gene-F5B20DRAFT_586858	rna-gnl|WGS:JAJKKE|F5B20DRAFT_mRNA586858	PF10256.15	Complete	None
gene-F5B20DRAFT_565735	rna-gnl|WGS:JAJKKE|F5B20DRAFT_mRNA565735		None	None
gene-F5B20DRAFT_565738	rna-gnl|WGS:JAJKKE|F5B20DRAFT_mRNA565738	PF02076.23	Partial	None
gene-F5B20DRAFT_596900	rna-gnl|WGS:JAJKKE|F5B20DRAFT_mRNA596900	PF01636.30	Partial	None
gene-F5B20DRAFT_565742	rna-gnl|WGS:JAJKKE|F5B20DRAFT_mRNA565742	PF00025.28,PF00503.27	Complete	None
gene-F5B20DRAFT_479604	rna-gnl|WGS:JAJKKE|F5B20DRAFT_mRNA479604	PF00890.31,PF01266.31,PF01494.26,PF08491.17,PF13450.13	Partial	None
gene-F5B20DRAFT_565747	rna-gnl|WGS:JAJKKE|F5B20DRAFT_mRNA565747	PF30553.1	Complete	None
gene-F5B20DRAFT_565748	rna-gnl|WGS:JAJKKE|F5B20DRAFT_mRNA565748		None	None
gene-F5B20DRAFT_565753	rna-gnl|WGS:JAJKKE|F5B20DRAFT_mRNA565753		None	None
gene-F5B20DRAFT_565754	rna-gnl|WGS:JAJKKE|F5B20DRAFT_mRNA565754	PF01261.31	Partial	None
gene-F5B20DRAFT_492799	rna-gnl|WGS:JAJKKE|F5B20DRAFT_mRNA492799	PF00266.26	Partial	None
gene-F5B20DRAFT_565758	rna-gnl|WGS:JAJKKE|F5B20DRAFT_mRNA565758		None	None
gene-F5B20DRAFT_565760	rna-gnl|WGS:JAJKKE|F5B20DRAFT_mRNA565760		None	None
gene-F5B20DRAFT_574517	rna-gnl|WGS:JAJKKE|F5B20DRAFT_mRNA574517		None	None
gene-F5B20DRAFT_574518	rna-gnl|WGS:JAJKKE|F5B20DRAFT_mRNA574518		None	None
gene-F5B20DRAFT_565766	rna-gnl|WGS:JAJKKE|F5B20DRAFT_mRNA565766	PF07690.22	Partial	None
gene-F5B20DRAFT_565767	rna-gnl|WGS:JAJKKE|F5B20DRAFT_mRNA565767	PF07971.19,PF17678.8	Partial	None
gene-F5B20DRAFT_597191	rna-gnl|WGS:JAJKKE|F5B20DRAFT_mRNA597191	PF08487.17,PF13768.13	Complete	None
gene-F5B20DRAFT_597194	rna-gnl|WGS:JAJKKE|F5B20DRAFT_mRNA597194		None	None
gene-F5B20DRAFT_492976	rna-gnl|WGS:JAJKKE|F5B20DRAFT_mRNA492976		None	None
gene-F5B20DRAFT_492978	rna-gnl|WGS:JAJKKE|F5B20DRAFT_mRNA492978	PF28325.1	Partial	None
gene-F5B20DRAFT_492980	rna-gnl|WGS:JAJKKE|F5B20DRAFT_mRNA492980		None	None
gene-F5B20DRAFT_565791	rna-gnl|WGS:JAJKKE|F5B20DRAFT_mRNA565791	PF00172.24,PF04082.24	Complete	None
gene-F5B20DRAFT_565793	rna-gnl|WGS:JAJKKE|F5B20DRAFT_mRNA565793		None	None
gene-F5B20DRAFT_574525	rna-gnl|WGS:JAJKKE|F5B20DRAFT_mRNA574525	PF07690.22	Partial	None
gene-F5B20DRAFT_493061	rna-gnl|WGS:JAJKKE|F5B20DRAFT_mRNA493061	PF01557.24,PF09298.17	Partial	None
gene-F5B20DRAFT_586887	rna-gnl|WGS:JAJKKE|F5B20DRAFT_mRNA586887		None	None
gene-F5B20DRAFT_565822	rna-gnl|WGS:JAJKKE|F5B20DRAFT_mRNA565822		None	None
gene-F5B20DRAFT_565823	rna-gnl|WGS:JAJKKE|F5B20DRAFT_mRNA565823	PF01636.30	Partial	None
gene-F5B20DRAFT_574529	rna-gnl|WGS:JAJKKE|F5B20DRAFT_mRNA574529	PF00141.29	Partial	None
gene-F5B20DRAFT_565826	rna-gnl|WGS:JAJKKE|F5B20DRAFT_mRNA565826	PF01738.25	Partial	None
gene-F5B20DRAFT_493266	rna-gnl|WGS:JAJKKE|F5B20DRAFT_mRNA493266	PF05960.18	Partial	None
gene-F5B20DRAFT_586892	rna-gnl|WGS:JAJKKE|F5B20DRAFT_mRNA586892	PF13810.13	Partial	None
gene-F5B20DRAFT_493227	rna-gnl|WGS:JAJKKE|F5B20DRAFT_mRNA493227	PF01112.24,PF01112.24	Partial	None
gene-F5B20DRAFT_574534	rna-gnl|WGS:JAJKKE|F5B20DRAFT_mRNA574534	PF02466.25	Partial	None
gene-F5B20DRAFT_493320	rna-gnl|WGS:JAJKKE|F5B20DRAFT_mRNA493320	PF00400.39,PF00400.39,PF01546.34,PF04389.23	Complete	None
gene-F5B20DRAFT_493307	rna-gnl|WGS:JAJKKE|F5B20DRAFT_mRNA493307		None	None
gene-F5B20DRAFT_586896	rna-gnl|WGS:JAJKKE|F5B20DRAFT_mRNA586896		None	None
gene-F5B20DRAFT_574536	rna-gnl|WGS:JAJKKE|F5B20DRAFT_mRNA574536	PF00106.32	Partial	None
gene-F5B20DRAFT_565840	rna-gnl|WGS:JAJKKE|F5B20DRAFT_mRNA565840	PF00083.31,PF07690.22	Partial	None
gene-F5B20DRAFT_565844	rna-gnl|WGS:JAJKKE|F5B20DRAFT_mRNA565844	PF05935.18,PF14269.13	Partial	None
gene-F5B20DRAFT_565847	rna-gnl|WGS:JAJKKE|F5B20DRAFT_mRNA565847		None	None
gene-F5B20DRAFT_565848	rna-gnl|WGS:JAJKKE|F5B20DRAFT_mRNA565848	PF03403.20,PF03403.20	Partial	None
gene-F5B20DRAFT_493405	rna-gnl|WGS:JAJKKE|F5B20DRAFT_mRNA493405	PF27986.1	Partial	None
gene-F5B20DRAFT_597223	rna-gnl|WGS:JAJKKE|F5B20DRAFT_mRNA597223	PF00106.32,PF13561.13	Partial	None
gene-F5B20DRAFT_565874	rna-gnl|WGS:JAJKKE|F5B20DRAFT_mRNA565874	PF01494.26	Partial	None
gene-F5B20DRAFT_586906	rna-gnl|WGS:JAJKKE|F5B20DRAFT_mRNA586906		None	None
gene-F5B20DRAFT_565878	rna-gnl|WGS:JAJKKE|F5B20DRAFT_mRNA565878	PF00387.26,PF00388.26,PF23617.2	Complete	None
gene-F5B20DRAFT_586908	rna-gnl|WGS:JAJKKE|F5B20DRAFT_mRNA586908	PF12706.14,PF23023.2	Partial	None
gene-F5B20DRAFT_574545	rna-gnl|WGS:JAJKKE|F5B20DRAFT_mRNA574545	PF14479.12	Partial	None
gene-F5B20DRAFT_493645	rna-gnl|WGS:JAJKKE|F5B20DRAFT_mRNA493645	PF04072.21	Partial	None
gene-F5B20DRAFT_493638	rna-gnl|WGS:JAJKKE|F5B20DRAFT_mRNA493638	PF22847.4	Partial	None
gene-F5B20DRAFT_565885	rna-gnl|WGS:JAJKKE|F5B20DRAFT_mRNA565885	PF00331.27	Partial	None
gene-F5B20DRAFT_586913	rna-gnl|WGS:JAJKKE|F5B20DRAFT_mRNA586913		None	None
gene-F5B20DRAFT_597233	rna-gnl|WGS:JAJKKE|F5B20DRAFT_mRNA597233		None	None
gene-F5B20DRAFT_493707	rna-gnl|WGS:JAJKKE|F5B20DRAFT_mRNA493707	PF10445.15	Partial	None
gene-F5B20DRAFT_493693	rna-gnl|WGS:JAJKKE|F5B20DRAFT_mRNA493693	PF00171.28	Partial	None
gene-F5B20DRAFT_586917	rna-gnl|WGS:JAJKKE|F5B20DRAFT_mRNA586917	PF01485.28,PF01485.28,PF22191.3	Complete	None
gene-F5B20DRAFT_565902	rna-gnl|WGS:JAJKKE|F5B20DRAFT_mRNA565902	PF01095.26	Partial	None
gene-F5B20DRAFT_493831	rna-gnl|WGS:JAJKKE|F5B20DRAFT_mRNA493831	PF01546.34,PF07687.20	Complete	None
gene-F5B20DRAFT_493833	rna-gnl|WGS:JAJKKE|F5B20DRAFT_mRNA493833	PF24852.2,PF24852.2	Complete	None
gene-F5B20DRAFT_586922	rna-gnl|WGS:JAJKKE|F5B20DRAFT_mRNA586922		None	None
gene-F5B20DRAFT_565907	rna-gnl|WGS:JAJKKE|F5B20DRAFT_mRNA565907	PF00561.27,PF12697.14	Partial	None
gene-F5B20DRAFT_565908	rna-gnl|WGS:JAJKKE|F5B20DRAFT_mRNA565908	PF00484.25	Partial	None
gene-F5B20DRAFT_565910	rna-gnl|WGS:JAJKKE|F5B20DRAFT_mRNA565910	PF09612.16	Partial	None
gene-F5B20DRAFT_565911	rna-gnl|WGS:JAJKKE|F5B20DRAFT_mRNA565911	PF01554.24,PF01554.24	Complete	None
gene-F5B20DRAFT_493867	rna-gnl|WGS:JAJKKE|F5B20DRAFT_mRNA493867	PF05346.17	Partial	None
gene-F5B20DRAFT_597241	rna-gnl|WGS:JAJKKE|F5B20DRAFT_mRNA597241	PF00144.30,PF26335.1	Complete	None
gene-F5B20DRAFT_586930	rna-gnl|WGS:JAJKKE|F5B20DRAFT_mRNA586930		None	None
gene-F5B20DRAFT_565918	rna-gnl|WGS:JAJKKE|F5B20DRAFT_mRNA565918	PF00067.28	Partial	None
gene-F5B20DRAFT_565919	rna-gnl|WGS:JAJKKE|F5B20DRAFT_mRNA565919	PF01244.29	Partial	None
gene-F5B20DRAFT_565922	rna-gnl|WGS:JAJKKE|F5B20DRAFT_mRNA565922	PF00432.28	Partial	None
gene-F5B20DRAFT_565924	rna-gnl|WGS:JAJKKE|F5B20DRAFT_mRNA565924	PF05899.19,PF06249.19	Partial	None
gene-F5B20DRAFT_565929	rna-gnl|WGS:JAJKKE|F5B20DRAFT_mRNA565929	PF00106.32,PF08659.17,PF13561.13,PF28827.1	Complete	None
gene-F5B20DRAFT_574565	rna-gnl|WGS:JAJKKE|F5B20DRAFT_mRNA574565	PF00743.26,PF01494.26,PF07992.21,PF13434.13,PF13738.13	Partial	None
gene-F5B20DRAFT_597255	rna-gnl|WGS:JAJKKE|F5B20DRAFT_mRNA597255		None	None
gene-F5B20DRAFT_565933	rna-gnl|WGS:JAJKKE|F5B20DRAFT_mRNA565933	PF13191.13,PF24913.2	Complete	None
gene-F5B20DRAFT_494050	rna-gnl|WGS:JAJKKE|F5B20DRAFT_mRNA494050	PF20717.3	Partial	None
gene-F5B20DRAFT_494051	rna-gnl|WGS:JAJKKE|F5B20DRAFT_mRNA494051		None	None
gene-F5B20DRAFT_565935	rna-gnl|WGS:JAJKKE|F5B20DRAFT_mRNA565935	PF12006.14	Partial	None
gene-F5B20DRAFT_565937	rna-gnl|WGS:JAJKKE|F5B20DRAFT_mRNA565937	PF00176.30,PF00271.38,PF04851.22,PF07529.19	Complete	None
gene-F5B20DRAFT_494081	rna-gnl|WGS:JAJKKE|F5B20DRAFT_mRNA494081	PF05821.17	Partial	None
gene-F5B20DRAFT_494173	rna-gnl|WGS:JAJKKE|F5B20DRAFT_mRNA494173	PF29061.1	Partial	None
gene-F5B20DRAFT_565944	rna-gnl|WGS:JAJKKE|F5B20DRAFT_mRNA565944	PF04479.19	Partial	None
gene-F5B20DRAFT_565946	rna-gnl|WGS:JAJKKE|F5B20DRAFT_mRNA565946	PF02129.25,PF12146.16,PF12697.14	Partial	None
gene-F5B20DRAFT_586947	rna-gnl|WGS:JAJKKE|F5B20DRAFT_mRNA586947	PF00106.32,PF00107.33,PF00109.33,PF00550.32,PF00698.27,PF02801.29,PF08240.18,PF08659.17,PF13602.13,PF14765.13,PF16197.12,PF21089.4,PF22336.3,PF22621.3,PF23114.1	Complete	None
gene-F5B20DRAFT_597261	rna-gnl|WGS:JAJKKE|F5B20DRAFT_mRNA597261		None	None
gene-F5B20DRAFT_565957	rna-gnl|WGS:JAJKKE|F5B20DRAFT_mRNA565957	PF01425.27	Partial	None
gene-F5B20DRAFT_494362	rna-gnl|WGS:JAJKKE|F5B20DRAFT_mRNA494362	PF01814.29	Partial	None
gene-F5B20DRAFT_494371	rna-gnl|WGS:JAJKKE|F5B20DRAFT_mRNA494371		None	None
gene-F5B20DRAFT_565965	rna-gnl|WGS:JAJKKE|F5B20DRAFT_mRNA565965		None	None
gene-F5B20DRAFT_494395	rna-gnl|WGS:JAJKKE|F5B20DRAFT_mRNA494395	PF01494.26	Partial	None
gene-F5B20DRAFT_t103	gene-F5B20DRAFT_t103		None	None
gene-F5B20DRAFT_494522	rna-gnl|WGS:JAJKKE|F5B20DRAFT_mRNA494522		None	None
gene-F5B20DRAFT_586954	rna-gnl|WGS:JAJKKE|F5B20DRAFT_mRNA586954	PF00172.24,PF04082.24	Partial	None
gene-F5B20DRAFT_494570	rna-gnl|WGS:JAJKKE|F5B20DRAFT_mRNA494570	PF06609.19,PF07690.22	Partial	None
gene-F5B20DRAFT_565982	rna-gnl|WGS:JAJKKE|F5B20DRAFT_mRNA565982	PF00172.24	Complete	None
gene-F5B20DRAFT_565986	rna-gnl|WGS:JAJKKE|F5B20DRAFT_mRNA565986	PF00646.39,PF12937.13	Partial	None
gene-F5B20DRAFT_494711	rna-gnl|WGS:JAJKKE|F5B20DRAFT_mRNA494711	PF01841.26	Complete	None
gene-F5B20DRAFT_597267	rna-gnl|WGS:JAJKKE|F5B20DRAFT_mRNA597267		None	None
gene-F5B20DRAFT_494946	rna-gnl|WGS:JAJKKE|F5B20DRAFT_mRNA494946		None	None
gene-F5B20DRAFT_494797	rna-gnl|WGS:JAJKKE|F5B20DRAFT_mRNA494797	PF00686.26,PF00723.28	Complete	None
gene-F5B20DRAFT_574582	rna-gnl|WGS:JAJKKE|F5B20DRAFT_mRNA574582	PF02535.29	Partial	None
gene-F5B20DRAFT_574583	rna-gnl|WGS:JAJKKE|F5B20DRAFT_mRNA574583		None	None
gene-F5B20DRAFT_494965	rna-gnl|WGS:JAJKKE|F5B20DRAFT_mRNA494965	PF06772.17	Partial	None
gene-F5B20DRAFT_566036	rna-gnl|WGS:JAJKKE|F5B20DRAFT_mRNA566036	PF00441.30,PF02770.25,PF02771.22,PF08028.17	Complete	None
gene-F5B20DRAFT_566038	rna-gnl|WGS:JAJKKE|F5B20DRAFT_mRNA566038	PF00164.32	Partial	None
gene-F5B20DRAFT_495128	rna-gnl|WGS:JAJKKE|F5B20DRAFT_mRNA495128	PF01793.24	Partial	None
gene-F5B20DRAFT_566042	rna-gnl|WGS:JAJKKE|F5B20DRAFT_mRNA566042	PF09770.16	Partial	None
gene-F5B20DRAFT_495147	rna-gnl|WGS:JAJKKE|F5B20DRAFT_mRNA495147	PF04801.19,PF04801.19	Partial	None
gene-F5B20DRAFT_495187	rna-gnl|WGS:JAJKKE|F5B20DRAFT_mRNA495187	PF06985.18	Partial	None
gene-F5B20DRAFT_586970	rna-gnl|WGS:JAJKKE|F5B20DRAFT_mRNA586970	PF00106.32,PF00106.32,PF00107.33,PF00109.33,PF00698.27,PF02801.29,PF08240.18,PF08241.19,PF08242.19,PF08659.17,PF13489.13,PF13561.13,PF13561.13,PF13602.13,PF13649.13,PF13847.13,PF14765.13,PF16197.12,PF21089.4,PF23114.1,PF23297.2	Complete	None
gene-F5B20DRAFT_586971	rna-gnl|WGS:JAJKKE|F5B20DRAFT_mRNA586971	PF20684.4	Partial	None
gene-F5B20DRAFT_495336	rna-gnl|WGS:JAJKKE|F5B20DRAFT_mRNA495336	PF00067.28	Partial	None
gene-F5B20DRAFT_495320	rna-gnl|WGS:JAJKKE|F5B20DRAFT_mRNA495320		None	None
gene-F5B20DRAFT_586974	rna-gnl|WGS:JAJKKE|F5B20DRAFT_mRNA586974	PF00106.32,PF08659.17,PF13561.13	Partial	None
gene-F5B20DRAFT_586975	rna-gnl|WGS:JAJKKE|F5B20DRAFT_mRNA586975		None	None
gene-F5B20DRAFT_597268	rna-gnl|WGS:JAJKKE|F5B20DRAFT_mRNA597268		None	None
gene-F5B20DRAFT_586977	rna-gnl|WGS:JAJKKE|F5B20DRAFT_mRNA586977		None	None
gene-F5B20DRAFT_566076	rna-gnl|WGS:JAJKKE|F5B20DRAFT_mRNA566076	PF00465.26,PF25137.1	Partial	None
gene-F5B20DRAFT_495445	rna-gnl|WGS:JAJKKE|F5B20DRAFT_mRNA495445		None	None
gene-F5B20DRAFT_566080	rna-gnl|WGS:JAJKKE|F5B20DRAFT_mRNA566080	PF07690.22	Partial	None
gene-F5B20DRAFT_566081	rna-gnl|WGS:JAJKKE|F5B20DRAFT_mRNA566081	PF00076.29	Partial	None
gene-F5B20DRAFT_566085	rna-gnl|WGS:JAJKKE|F5B20DRAFT_mRNA566085		None	None
gene-F5B20DRAFT_495485	rna-gnl|WGS:JAJKKE|F5B20DRAFT_mRNA495485		None	None
gene-F5B20DRAFT_566089	rna-gnl|WGS:JAJKKE|F5B20DRAFT_mRNA566089	PF14099.14	Partial	None
gene-F5B20DRAFT_495514	rna-gnl|WGS:JAJKKE|F5B20DRAFT_mRNA495514	PF05978.23,PF07690.22	Partial	None
gene-F5B20DRAFT_495517	rna-gnl|WGS:JAJKKE|F5B20DRAFT_mRNA495517		None	None
gene-F5B20DRAFT_586987	rna-gnl|WGS:JAJKKE|F5B20DRAFT_mRNA586987	PF00583.32	Partial	None
gene-F5B20DRAFT_574599	rna-gnl|WGS:JAJKKE|F5B20DRAFT_mRNA574599	PF07690.22	Partial	None
gene-F5B20DRAFT_597278	rna-gnl|WGS:JAJKKE|F5B20DRAFT_mRNA597278	PF01494.26	Partial	None
gene-F5B20DRAFT_495536	rna-gnl|WGS:JAJKKE|F5B20DRAFT_mRNA495536	PF01266.31	Partial	None
gene-F5B20DRAFT_566099	rna-gnl|WGS:JAJKKE|F5B20DRAFT_mRNA566099	PF00326.28,PF00930.28	Complete	None
gene-F5B20DRAFT_597280	rna-gnl|WGS:JAJKKE|F5B20DRAFT_mRNA597280		None	None
gene-F5B20DRAFT_574603	rna-gnl|WGS:JAJKKE|F5B20DRAFT_mRNA574603		None	None
gene-F5B20DRAFT_574604	rna-gnl|WGS:JAJKKE|F5B20DRAFT_mRNA574604	PF00891.25,PF08100.19	Partial	None
gene-F5B20DRAFT_574605	rna-gnl|WGS:JAJKKE|F5B20DRAFT_mRNA574605	PF07690.22	Partial	None
gene-F5B20DRAFT_566108	rna-gnl|WGS:JAJKKE|F5B20DRAFT_mRNA566108		None	None
gene-F5B20DRAFT_566109	rna-gnl|WGS:JAJKKE|F5B20DRAFT_mRNA566109	PF00011.28	Partial	None
gene-F5B20DRAFT_566112	rna-gnl|WGS:JAJKKE|F5B20DRAFT_mRNA566112	PF00067.28	Partial	None
gene-F5B20DRAFT_566117	rna-gnl|WGS:JAJKKE|F5B20DRAFT_mRNA566117	PF20684.4	Partial	None
gene-F5B20DRAFT_495837	rna-gnl|WGS:JAJKKE|F5B20DRAFT_mRNA495837	PF06985.18	Partial	None
gene-F5B20DRAFT_597283	rna-gnl|WGS:JAJKKE|F5B20DRAFT_mRNA597283	PF20415.4	Partial	None
gene-F5B20DRAFT_495934	rna-gnl|WGS:JAJKKE|F5B20DRAFT_mRNA495934		None	None
gene-F5B20DRAFT_597285	rna-gnl|WGS:JAJKKE|F5B20DRAFT_mRNA597285		None	None
gene-F5B20DRAFT_587004	rna-gnl|WGS:JAJKKE|F5B20DRAFT_mRNA587004	PF12396.15,PF12396.15,PF12396.15,PF12396.15,PF12396.15,PF12396.15,PF12396.15,PF12396.15,PF12396.15,PF12396.15,PF22485.2	Complete	None
gene-F5B20DRAFT_574611	rna-gnl|WGS:JAJKKE|F5B20DRAFT_mRNA574611	PF12396.15	Complete	None
gene-F5B20DRAFT_495972	rna-gnl|WGS:JAJKKE|F5B20DRAFT_mRNA495972		None	None
gene-F5B20DRAFT_496047	rna-gnl|WGS:JAJKKE|F5B20DRAFT_mRNA496047	PF28325.1	Partial	None
gene-F5B20DRAFT_495951	rna-gnl|WGS:JAJKKE|F5B20DRAFT_mRNA495951		None	None
gene-F5B20DRAFT_496343	rna-gnl|WGS:JAJKKE|F5B20DRAFT_mRNA496343	PF00626.28,PF04810.21,PF04811.22,PF04815.21,PF08033.18	Complete	None
gene-F5B20DRAFT_496406	rna-gnl|WGS:JAJKKE|F5B20DRAFT_mRNA496406	PF13181.13,PF13374.13,PF13844.13,PF13844.13	Complete	None
gene-F5B20DRAFT_496886	rna-gnl|WGS:JAJKKE|F5B20DRAFT_mRNA496886	PF00249.38,PF00249.38,PF13921.13	Partial	None
gene-F5B20DRAFT_496550	rna-gnl|WGS:JAJKKE|F5B20DRAFT_mRNA496550		None	None
gene-F5B20DRAFT_496567	rna-gnl|WGS:JAJKKE|F5B20DRAFT_mRNA496567	PF10309.16	Partial	None
gene-F5B20DRAFT_496897	rna-gnl|WGS:JAJKKE|F5B20DRAFT_mRNA496897		None	None
gene-F5B20DRAFT_574617	rna-gnl|WGS:JAJKKE|F5B20DRAFT_mRNA574617	PF00172.24,PF02037.34,PF02735.23,PF03730.20,PF03731.22	Complete	None
gene-F5B20DRAFT_566212	rna-gnl|WGS:JAJKKE|F5B20DRAFT_mRNA566212	PF00762.25	Partial	None
gene-F5B20DRAFT_497037	rna-gnl|WGS:JAJKKE|F5B20DRAFT_mRNA497037	PF00083.31,PF07690.22	Partial	None
gene-F5B20DRAFT_497090	rna-gnl|WGS:JAJKKE|F5B20DRAFT_mRNA497090	PF00083.31,PF00083.31,PF07690.22	Partial	None
gene-F5B20DRAFT_597297	rna-gnl|WGS:JAJKKE|F5B20DRAFT_mRNA597297	PF00106.32,PF13561.13	Partial	None
gene-F5B20DRAFT_597299	rna-gnl|WGS:JAJKKE|F5B20DRAFT_mRNA597299	PF00005.34,PF00005.34,PF00664.29,PF00664.29	Complete	None
gene-F5B20DRAFT_497171	rna-gnl|WGS:JAJKKE|F5B20DRAFT_mRNA497171	PF01230.30	Partial	None
gene-F5B20DRAFT_497164	rna-gnl|WGS:JAJKKE|F5B20DRAFT_mRNA497164	PF00004.36,PF13401.13	Complete	None
gene-F5B20DRAFT_587026	rna-gnl|WGS:JAJKKE|F5B20DRAFT_mRNA587026		None	None
gene-F5B20DRAFT_566238	rna-gnl|WGS:JAJKKE|F5B20DRAFT_mRNA566238	PF00005.34,PF00005.34,PF00005.34,PF17947.7,PF24984.2,PF24987.2	Complete	None
gene-F5B20DRAFT_566243	rna-gnl|WGS:JAJKKE|F5B20DRAFT_mRNA566243		None	None
gene-F5B20DRAFT_566247	rna-gnl|WGS:JAJKKE|F5B20DRAFT_mRNA566247	PF11309.14,PF11309.14	Partial	None
gene-F5B20DRAFT_566250	rna-gnl|WGS:JAJKKE|F5B20DRAFT_mRNA566250		None	None
gene-F5B20DRAFT_497341	rna-gnl|WGS:JAJKKE|F5B20DRAFT_mRNA497341		None	None
gene-F5B20DRAFT_497349	rna-gnl|WGS:JAJKKE|F5B20DRAFT_mRNA497349		None	None
gene-F5B20DRAFT_566257	rna-gnl|WGS:JAJKKE|F5B20DRAFT_mRNA566257	PF02798.27,PF13409.13,PF13417.13	Partial	None
gene-F5B20DRAFT_566261	rna-gnl|WGS:JAJKKE|F5B20DRAFT_mRNA566261	PF14420.12	Complete	None
gene-F5B20DRAFT_566265	rna-gnl|WGS:JAJKKE|F5B20DRAFT_mRNA566265		None	None
gene-F5B20DRAFT_566266	rna-gnl|WGS:JAJKKE|F5B20DRAFT_mRNA566266	PF19086.6	Partial	None
gene-F5B20DRAFT_566270	rna-gnl|WGS:JAJKKE|F5B20DRAFT_mRNA566270	PF00107.33,PF13602.13,PF16884.11	Partial	None
gene-F5B20DRAFT_566271	rna-gnl|WGS:JAJKKE|F5B20DRAFT_mRNA566271	PF00326.28,PF10503.15	Partial	None
gene-F5B20DRAFT_597306	rna-gnl|WGS:JAJKKE|F5B20DRAFT_mRNA597306	PF03664.21	Partial	None
gene-F5B20DRAFT_497492	rna-gnl|WGS:JAJKKE|F5B20DRAFT_mRNA497492	PF00067.28	Partial	None
gene-F5B20DRAFT_497534	rna-gnl|WGS:JAJKKE|F5B20DRAFT_mRNA497534	PF04116.20	Partial	None
gene-F5B20DRAFT_497541	rna-gnl|WGS:JAJKKE|F5B20DRAFT_mRNA497541	PF27522.2	Partial	None
gene-F5B20DRAFT_566280	rna-gnl|WGS:JAJKKE|F5B20DRAFT_mRNA566280		None	None
gene-F5B20DRAFT_566282	rna-gnl|WGS:JAJKKE|F5B20DRAFT_mRNA566282	PF00106.32,PF08659.17,PF13561.13	Partial	None
gene-F5B20DRAFT_497594	rna-gnl|WGS:JAJKKE|F5B20DRAFT_mRNA497594	PF00387.26,PF00388.26	Complete	None
gene-F5B20DRAFT_566287	rna-gnl|WGS:JAJKKE|F5B20DRAFT_mRNA566287	PF00004.36,PF08740.17,PF25426.2	Complete	None
gene-F5B20DRAFT_497604	rna-gnl|WGS:JAJKKE|F5B20DRAFT_mRNA497604	PF07110.18	Partial	None
gene-F5B20DRAFT_566292	rna-gnl|WGS:JAJKKE|F5B20DRAFT_mRNA566292	PF09351.16	Partial	None
gene-F5B20DRAFT_566294	rna-gnl|WGS:JAJKKE|F5B20DRAFT_mRNA566294		None	None
gene-F5B20DRAFT_566297	rna-gnl|WGS:JAJKKE|F5B20DRAFT_mRNA566297		None	None
gene-F5B20DRAFT_587050	rna-gnl|WGS:JAJKKE|F5B20DRAFT_mRNA587050		None	None
gene-F5B20DRAFT_497650	rna-gnl|WGS:JAJKKE|F5B20DRAFT_mRNA497650	PF00797.24	Partial	None
gene-F5B20DRAFT_566300	rna-gnl|WGS:JAJKKE|F5B20DRAFT_mRNA566300	PF16546.11	Partial	None
gene-F5B20DRAFT_497752	rna-gnl|WGS:JAJKKE|F5B20DRAFT_mRNA497752	PF00005.34,PF00664.29	Complete	None
gene-F5B20DRAFT_497660	rna-gnl|WGS:JAJKKE|F5B20DRAFT_mRNA497660		None	None
gene-F5B20DRAFT_566312	rna-gnl|WGS:JAJKKE|F5B20DRAFT_mRNA566312	PF27671.1	Partial	None
gene-F5B20DRAFT_566320	rna-gnl|WGS:JAJKKE|F5B20DRAFT_mRNA566320	PF00457.25	Partial	None
gene-F5B20DRAFT_587056	rna-gnl|WGS:JAJKKE|F5B20DRAFT_mRNA587056	PF00071.29,PF01926.30,PF08477.20	Partial	None
gene-F5B20DRAFT_566323	rna-gnl|WGS:JAJKKE|F5B20DRAFT_mRNA566323		None	None
gene-F5B20DRAFT_497908	rna-gnl|WGS:JAJKKE|F5B20DRAFT_mRNA497908		None	None
gene-F5B20DRAFT_497937	rna-gnl|WGS:JAJKKE|F5B20DRAFT_mRNA497937	PF02146.24	Partial	None
gene-F5B20DRAFT_597323	rna-gnl|WGS:JAJKKE|F5B20DRAFT_mRNA597323	PF07883.18	Partial	None
gene-F5B20DRAFT_574648	rna-gnl|WGS:JAJKKE|F5B20DRAFT_mRNA574648		None	None
gene-F5B20DRAFT_497994	rna-gnl|WGS:JAJKKE|F5B20DRAFT_mRNA497994		None	None
gene-F5B20DRAFT_497997	rna-gnl|WGS:JAJKKE|F5B20DRAFT_mRNA497997		None	None
gene-F5B20DRAFT_587064	rna-gnl|WGS:JAJKKE|F5B20DRAFT_mRNA587064	PF02225.28,PF04389.23	Partial	None
gene-F5B20DRAFT_498033	rna-gnl|WGS:JAJKKE|F5B20DRAFT_mRNA498033		None	None
gene-F5B20DRAFT_574650	rna-gnl|WGS:JAJKKE|F5B20DRAFT_mRNA574650	PF20684.4	Partial	None
gene-F5B20DRAFT_498056	rna-gnl|WGS:JAJKKE|F5B20DRAFT_mRNA498056	PF01565.29,PF08031.18	Complete	None
gene-F5B20DRAFT_498057	rna-gnl|WGS:JAJKKE|F5B20DRAFT_mRNA498057		None	None
gene-F5B20DRAFT_498080	rna-gnl|WGS:JAJKKE|F5B20DRAFT_mRNA498080	PF01529.26	Partial	None
gene-F5B20DRAFT_566357	rna-gnl|WGS:JAJKKE|F5B20DRAFT_mRNA566357		None	None
gene-F5B20DRAFT_498142	rna-gnl|WGS:JAJKKE|F5B20DRAFT_mRNA498142	PF07690.22	Partial	None
gene-F5B20DRAFT_498169	rna-gnl|WGS:JAJKKE|F5B20DRAFT_mRNA498169	PF21959.3	Partial	None
gene-F5B20DRAFT_574654	rna-gnl|WGS:JAJKKE|F5B20DRAFT_mRNA574654		None	None
gene-F5B20DRAFT_498256	rna-gnl|WGS:JAJKKE|F5B20DRAFT_mRNA498256	PF03694.19	Partial	None
gene-F5B20DRAFT_574655	rna-gnl|WGS:JAJKKE|F5B20DRAFT_mRNA574655	PF01485.28,PF22605.3	Complete	None
gene-F5B20DRAFT_587074	rna-gnl|WGS:JAJKKE|F5B20DRAFT_mRNA587074		None	None
gene-F5B20DRAFT_587075	rna-gnl|WGS:JAJKKE|F5B20DRAFT_mRNA587075		None	None
gene-F5B20DRAFT_498326	rna-gnl|WGS:JAJKKE|F5B20DRAFT_mRNA498326		None	None
gene-F5B20DRAFT_587077	rna-gnl|WGS:JAJKKE|F5B20DRAFT_mRNA587077	PF00462.31,PF13417.13	Complete	None
gene-F5B20DRAFT_587078	rna-gnl|WGS:JAJKKE|F5B20DRAFT_mRNA587078		None	None
gene-F5B20DRAFT_498457	rna-gnl|WGS:JAJKKE|F5B20DRAFT_mRNA498457		None	None
gene-F5B20DRAFT_498506	rna-gnl|WGS:JAJKKE|F5B20DRAFT_mRNA498506	PF00067.28	Partial	None
gene-F5B20DRAFT_587081	rna-gnl|WGS:JAJKKE|F5B20DRAFT_mRNA587081		None	None
gene-F5B20DRAFT_498564	rna-gnl|WGS:JAJKKE|F5B20DRAFT_mRNA498564		None	None
gene-F5B20DRAFT_574658	rna-gnl|WGS:JAJKKE|F5B20DRAFT_mRNA574658	PF01565.29,PF08031.18	Complete	None
gene-F5B20DRAFT_498585	rna-gnl|WGS:JAJKKE|F5B20DRAFT_mRNA498585	PF00566.26,PF22874.1,PF23436.2	Complete	None
gene-F5B20DRAFT_574660	rna-gnl|WGS:JAJKKE|F5B20DRAFT_mRNA574660	PF08662.18	Complete	None
gene-F5B20DRAFT_566399	rna-gnl|WGS:JAJKKE|F5B20DRAFT_mRNA566399	PF00118.30	Partial	None
gene-F5B20DRAFT_566402	rna-gnl|WGS:JAJKKE|F5B20DRAFT_mRNA566402		None	None
gene-F5B20DRAFT_498784	rna-gnl|WGS:JAJKKE|F5B20DRAFT_mRNA498784		None	None
gene-F5B20DRAFT_498729	rna-gnl|WGS:JAJKKE|F5B20DRAFT_mRNA498729	PF00487.31	Partial	None
gene-F5B20DRAFT_498669	rna-gnl|WGS:JAJKKE|F5B20DRAFT_mRNA498669		None	None
gene-F5B20DRAFT_566409	rna-gnl|WGS:JAJKKE|F5B20DRAFT_mRNA566409		None	None
gene-F5B20DRAFT_498832	rna-gnl|WGS:JAJKKE|F5B20DRAFT_mRNA498832	PF00069.32,PF06479.18,PF07714.24	Complete	None
gene-F5B20DRAFT_498850	rna-gnl|WGS:JAJKKE|F5B20DRAFT_mRNA498850	PF04681.18	Partial	None
gene-F5B20DRAFT_597354	rna-gnl|WGS:JAJKKE|F5B20DRAFT_mRNA597354	PF00005.34,PF00005.34,PF00664.29,PF00664.29	Complete	None
gene-F5B20DRAFT_498875	rna-gnl|WGS:JAJKKE|F5B20DRAFT_mRNA498875	PF00172.24,PF04082.24	Partial	None
gene-F5B20DRAFT_587097	rna-gnl|WGS:JAJKKE|F5B20DRAFT_mRNA587097	PF00557.30,PF00557.30	Complete	None
gene-F5B20DRAFT_566430	rna-gnl|WGS:JAJKKE|F5B20DRAFT_mRNA566430	PF00083.31,PF00083.31,PF07690.22,PF07690.22	Partial	None
gene-F5B20DRAFT_566434	rna-gnl|WGS:JAJKKE|F5B20DRAFT_mRNA566434		None	None
gene-F5B20DRAFT_587100	rna-gnl|WGS:JAJKKE|F5B20DRAFT_mRNA587100	PF24476.2	Partial	None
gene-F5B20DRAFT_566441	rna-gnl|WGS:JAJKKE|F5B20DRAFT_mRNA566441	PF05686.19	Complete	None
gene-F5B20DRAFT_574670	rna-gnl|WGS:JAJKKE|F5B20DRAFT_mRNA574670	PF02201.24,PF08766.17,PF23202.2,PF23230.1,PF25447.2	Complete	None
gene-F5B20DRAFT_499221	rna-gnl|WGS:JAJKKE|F5B20DRAFT_mRNA499221		None	None
gene-F5B20DRAFT_587105	rna-gnl|WGS:JAJKKE|F5B20DRAFT_mRNA587105	PF00001.27,PF11710.15	Partial	None
gene-F5B20DRAFT_566465	rna-gnl|WGS:JAJKKE|F5B20DRAFT_mRNA566465	PF00474.24	Partial	None
gene-F5B20DRAFT_566467	rna-gnl|WGS:JAJKKE|F5B20DRAFT_mRNA566467	PF00296.27	Partial	None
gene-F5B20DRAFT_597369	rna-gnl|WGS:JAJKKE|F5B20DRAFT_mRNA597369	PF00023.37,PF00023.37,PF05729.19,PF12796.14,PF12796.14,PF12796.14,PF13606.13,PF22939.3,PF24883.3	Complete	None
gene-F5B20DRAFT_587109	rna-gnl|WGS:JAJKKE|F5B20DRAFT_mRNA587109		None	None
gene-F5B20DRAFT_499356	rna-gnl|WGS:JAJKKE|F5B20DRAFT_mRNA499356	PF07989.17	Complete	None
gene-F5B20DRAFT_587112	rna-gnl|WGS:JAJKKE|F5B20DRAFT_mRNA587112		None	None
gene-F5B20DRAFT_499435	rna-gnl|WGS:JAJKKE|F5B20DRAFT_mRNA499435	PF01490.25	Partial	None
gene-F5B20DRAFT_499432	rna-gnl|WGS:JAJKKE|F5B20DRAFT_mRNA499432	PF00150.25,PF03442.21	Complete	None
gene-F5B20DRAFT_566527	rna-gnl|WGS:JAJKKE|F5B20DRAFT_mRNA566527	PF09351.16	Partial	None
gene-F5B20DRAFT_566528	rna-gnl|WGS:JAJKKE|F5B20DRAFT_mRNA566528		None	None
gene-F5B20DRAFT_574677	rna-gnl|WGS:JAJKKE|F5B20DRAFT_mRNA574677	PF01791.16	Partial	None
gene-F5B20DRAFT_587117	rna-gnl|WGS:JAJKKE|F5B20DRAFT_mRNA587117		None	None
gene-F5B20DRAFT_499817	rna-gnl|WGS:JAJKKE|F5B20DRAFT_mRNA499817	PF07350.20	Partial	None
gene-F5B20DRAFT_499785	rna-gnl|WGS:JAJKKE|F5B20DRAFT_mRNA499785		None	None
gene-F5B20DRAFT_499856	rna-gnl|WGS:JAJKKE|F5B20DRAFT_mRNA499856	PF00023.37,PF00023.37,PF00023.37,PF12796.14,PF12796.14,PF13606.13,PF13606.13,PF13637.13	Complete	None
gene-F5B20DRAFT_566546	rna-gnl|WGS:JAJKKE|F5B20DRAFT_mRNA566546		None	None
gene-F5B20DRAFT_566547	rna-gnl|WGS:JAJKKE|F5B20DRAFT_mRNA566547		None	None
gene-F5B20DRAFT_499956	rna-gnl|WGS:JAJKKE|F5B20DRAFT_mRNA499956	PF00398.27	Partial	None
gene-F5B20DRAFT_499986	rna-gnl|WGS:JAJKKE|F5B20DRAFT_mRNA499986	PF05686.19	Partial	None
gene-F5B20DRAFT_587123	rna-gnl|WGS:JAJKKE|F5B20DRAFT_mRNA587123		None	None
gene-F5B20DRAFT_500052	rna-gnl|WGS:JAJKKE|F5B20DRAFT_mRNA500052		None	None
gene-F5B20DRAFT_566569	rna-gnl|WGS:JAJKKE|F5B20DRAFT_mRNA566569	PF00491.27	Partial	None
gene-F5B20DRAFT_587126	rna-gnl|WGS:JAJKKE|F5B20DRAFT_mRNA587126	PF00295.24	Partial	None
gene-F5B20DRAFT_500203	rna-gnl|WGS:JAJKKE|F5B20DRAFT_mRNA500203		None	None
gene-F5B20DRAFT_500153	rna-gnl|WGS:JAJKKE|F5B20DRAFT_mRNA500153		None	None
gene-F5B20DRAFT_566580	rna-gnl|WGS:JAJKKE|F5B20DRAFT_mRNA566580	PF12756.14	Partial	None
gene-F5B20DRAFT_500222	rna-gnl|WGS:JAJKKE|F5B20DRAFT_mRNA500222	PF00326.28,PF10503.15	Partial	None
gene-F5B20DRAFT_566584	rna-gnl|WGS:JAJKKE|F5B20DRAFT_mRNA566584	PF13095.13	Partial	None
gene-F5B20DRAFT_587131	rna-gnl|WGS:JAJKKE|F5B20DRAFT_mRNA587131		None	None
gene-F5B20DRAFT_597377	rna-gnl|WGS:JAJKKE|F5B20DRAFT_mRNA597377		None	None
gene-F5B20DRAFT_566595	rna-gnl|WGS:JAJKKE|F5B20DRAFT_mRNA566595	PF00082.28,PF09286.17	Partial	None
gene-F5B20DRAFT_574690	rna-gnl|WGS:JAJKKE|F5B20DRAFT_mRNA574690	PF00890.31,PF01494.26,PF12831.14,PF13450.13	Partial	None
gene-F5B20DRAFT_597383	rna-gnl|WGS:JAJKKE|F5B20DRAFT_mRNA597383	PF00067.28	Partial	None
gene-F5B20DRAFT_597387	rna-gnl|WGS:JAJKKE|F5B20DRAFT_mRNA597387	PF08592.17	Partial	None
gene-F5B20DRAFT_597389	rna-gnl|WGS:JAJKKE|F5B20DRAFT_mRNA597389	PF12680.14	Partial	None
gene-F5B20DRAFT_597391	rna-gnl|WGS:JAJKKE|F5B20DRAFT_mRNA597391	PF01370.28,PF05368.20,PF13460.13	Partial	None
gene-F5B20DRAFT_574696	rna-gnl|WGS:JAJKKE|F5B20DRAFT_mRNA574696		None	None
gene-F5B20DRAFT_500834	rna-gnl|WGS:JAJKKE|F5B20DRAFT_mRNA500834		None	None
gene-F5B20DRAFT_574698	rna-gnl|WGS:JAJKKE|F5B20DRAFT_mRNA574698	PF20684.4	Partial	None
gene-F5B20DRAFT_574699	rna-gnl|WGS:JAJKKE|F5B20DRAFT_mRNA574699	PF02752.28	Complete	None
gene-F5B20DRAFT_501013	rna-gnl|WGS:JAJKKE|F5B20DRAFT_mRNA501013	PF00331.27	Partial	None
gene-F5B20DRAFT_501018	rna-gnl|WGS:JAJKKE|F5B20DRAFT_mRNA501018	PF07690.22,PF07690.22	Partial	None
gene-F5B20DRAFT_566638	rna-gnl|WGS:JAJKKE|F5B20DRAFT_mRNA566638		None	None
gene-F5B20DRAFT_501059	rna-gnl|WGS:JAJKKE|F5B20DRAFT_mRNA501059	PF00004.36	Complete	None
gene-F5B20DRAFT_587151	rna-gnl|WGS:JAJKKE|F5B20DRAFT_mRNA587151	PF03443.21	Partial	None
gene-F5B20DRAFT_574704	rna-gnl|WGS:JAJKKE|F5B20DRAFT_mRNA574704	PF01565.29	Partial	None
gene-F5B20DRAFT_501114	rna-gnl|WGS:JAJKKE|F5B20DRAFT_mRNA501114	PF00332.25,PF29664.1	Complete	None
gene-F5B20DRAFT_501097	rna-gnl|WGS:JAJKKE|F5B20DRAFT_mRNA501097		None	None
gene-F5B20DRAFT_501203	rna-gnl|WGS:JAJKKE|F5B20DRAFT_mRNA501203		None	None
gene-F5B20DRAFT_501182	rna-gnl|WGS:JAJKKE|F5B20DRAFT_mRNA501182		None	None
gene-F5B20DRAFT_566651	rna-gnl|WGS:JAJKKE|F5B20DRAFT_mRNA566651		None	None
gene-F5B20DRAFT_566653	rna-gnl|WGS:JAJKKE|F5B20DRAFT_mRNA566653	PF05368.20,PF13460.13	Partial	None
gene-F5B20DRAFT_597394	rna-gnl|WGS:JAJKKE|F5B20DRAFT_mRNA597394		None	None
gene-F5B20DRAFT_t104	gene-F5B20DRAFT_t104		None	None
gene-F5B20DRAFT_501266	rna-gnl|WGS:JAJKKE|F5B20DRAFT_mRNA501266		None	None
gene-F5B20DRAFT_587160	rna-gnl|WGS:JAJKKE|F5B20DRAFT_mRNA587160		None	None
gene-F5B20DRAFT_501261	rna-gnl|WGS:JAJKKE|F5B20DRAFT_mRNA501261	PF13639.13	Complete	None
gene-F5B20DRAFT_597395	rna-gnl|WGS:JAJKKE|F5B20DRAFT_mRNA597395	PF13086.13,PF13086.13,PF13087.13,PF13245.13,PF13604.13,PF25396.2	Complete	None
gene-F5B20DRAFT_566693	rna-gnl|WGS:JAJKKE|F5B20DRAFT_mRNA566693	PF00732.26,PF00890.31,PF01494.26,PF05199.20,PF16010.11	Complete	None
gene-F5B20DRAFT_587164	rna-gnl|WGS:JAJKKE|F5B20DRAFT_mRNA587164		None	None
gene-F5B20DRAFT_501547	rna-gnl|WGS:JAJKKE|F5B20DRAFT_mRNA501547	PF07971.19,PF17678.8	Partial	None
gene-F5B20DRAFT_501578	rna-gnl|WGS:JAJKKE|F5B20DRAFT_mRNA501578	PF13668.13	Partial	None
gene-F5B20DRAFT_501542	rna-gnl|WGS:JAJKKE|F5B20DRAFT_mRNA501542	PF00400.39,PF00400.39,PF23798.2,PF23798.2	Complete	None
gene-F5B20DRAFT_566706	rna-gnl|WGS:JAJKKE|F5B20DRAFT_mRNA566706		None	None
gene-F5B20DRAFT_597397	rna-gnl|WGS:JAJKKE|F5B20DRAFT_mRNA597397	PF30737.1	Partial	None
gene-F5B20DRAFT_574716	rna-gnl|WGS:JAJKKE|F5B20DRAFT_mRNA574716	PF07985.19	Partial	None
gene-F5B20DRAFT_574717	rna-gnl|WGS:JAJKKE|F5B20DRAFT_mRNA574717	PF20238.5	Partial	None
gene-F5B20DRAFT_501703	rna-gnl|WGS:JAJKKE|F5B20DRAFT_mRNA501703	PF00400.39,PF00400.39,PF00400.39,PF00400.39,PF00400.39,PF08324.18,PF09070.17	Complete	None
gene-F5B20DRAFT_574719	rna-gnl|WGS:JAJKKE|F5B20DRAFT_mRNA574719	PF00400.39,PF00400.39,PF00400.39,PF00400.39	Complete	None
gene-F5B20DRAFT_501725	rna-gnl|WGS:JAJKKE|F5B20DRAFT_mRNA501725		None	None
gene-F5B20DRAFT_574720	rna-gnl|WGS:JAJKKE|F5B20DRAFT_mRNA574720		None	None
gene-F5B20DRAFT_501760	rna-gnl|WGS:JAJKKE|F5B20DRAFT_mRNA501760	PF00724.27	Partial	None
gene-F5B20DRAFT_597399	rna-gnl|WGS:JAJKKE|F5B20DRAFT_mRNA597399	PF00583.32,PF13508.14,PF13673.14	Complete	None
gene-F5B20DRAFT_587179	rna-gnl|WGS:JAJKKE|F5B20DRAFT_mRNA587179	PF00984.25,PF03720.23,PF03721.22,PF03721.22	Complete	None
gene-F5B20DRAFT_597410	rna-gnl|WGS:JAJKKE|F5B20DRAFT_mRNA597410	PF00535.33,PF01670.24,PF13506.14,PF13632.13,PF13641.13	Complete	None
gene-F5B20DRAFT_501801	rna-gnl|WGS:JAJKKE|F5B20DRAFT_mRNA501801		None	None
gene-F5B20DRAFT_574724	rna-gnl|WGS:JAJKKE|F5B20DRAFT_mRNA574724	PF00069.32,PF07714.24	Partial	None
gene-F5B20DRAFT_512707	rna-gnl|WGS:JAJKKE|F5B20DRAFT_mRNA512707	PF16499.12,PF17801.8	Complete	None
gene-F5B20DRAFT_566747	rna-gnl|WGS:JAJKKE|F5B20DRAFT_mRNA566747	PF00400.39,PF00400.39,PF00400.39,PF00400.39,PF00400.39,PF08799.18	Complete	None
gene-F5B20DRAFT_597633	rna-gnl|WGS:JAJKKE|F5B20DRAFT_mRNA597633	PF00134.29	Partial	None
gene-F5B20DRAFT_512778	rna-gnl|WGS:JAJKKE|F5B20DRAFT_mRNA512778	PF01207.24	Partial	None
gene-F5B20DRAFT_566754	rna-gnl|WGS:JAJKKE|F5B20DRAFT_mRNA566754	PF00731.27,PF02222.28,PF07478.19,PF17769.8,PF22660.3	Complete	None
gene-F5B20DRAFT_512796	rna-gnl|WGS:JAJKKE|F5B20DRAFT_mRNA512796	PF00248.28	Partial	None
gene-F5B20DRAFT_512809	rna-gnl|WGS:JAJKKE|F5B20DRAFT_mRNA512809		None	None
gene-F5B20DRAFT_587190	rna-gnl|WGS:JAJKKE|F5B20DRAFT_mRNA587190		None	None
gene-F5B20DRAFT_566770	rna-gnl|WGS:JAJKKE|F5B20DRAFT_mRNA566770	PF00176.30,PF00271.38	Complete	None
gene-F5B20DRAFT_566772	rna-gnl|WGS:JAJKKE|F5B20DRAFT_mRNA566772		None	None
gene-F5B20DRAFT_574733	rna-gnl|WGS:JAJKKE|F5B20DRAFT_mRNA574733		None	None
gene-F5B20DRAFT_566780	rna-gnl|WGS:JAJKKE|F5B20DRAFT_mRNA566780		None	None
gene-F5B20DRAFT_587193	rna-gnl|WGS:JAJKKE|F5B20DRAFT_mRNA587193	PF07743.19	Complete	None
gene-F5B20DRAFT_566785	rna-gnl|WGS:JAJKKE|F5B20DRAFT_mRNA566785	PF00106.32,PF00109.33,PF00698.27,PF01209.25,PF01370.28,PF02801.29,PF07993.19,PF08241.19,PF08242.19,PF08659.17,PF13489.13,PF13649.13,PF13847.13,PF14765.13,PF16197.12,PF21089.4,PF22336.3,PF22621.3	Complete	None
gene-F5B20DRAFT_587195	rna-gnl|WGS:JAJKKE|F5B20DRAFT_mRNA587195	PF20684.4	Partial	None
gene-F5B20DRAFT_513011	rna-gnl|WGS:JAJKKE|F5B20DRAFT_mRNA513011	PF00067.28	Partial	None
gene-F5B20DRAFT_513108	rna-gnl|WGS:JAJKKE|F5B20DRAFT_mRNA513108	PF01565.29,PF08031.18	Complete	None
gene-F5B20DRAFT_566819	rna-gnl|WGS:JAJKKE|F5B20DRAFT_mRNA566819	PF00106.32,PF08659.17,PF13561.13	Partial	None
gene-F5B20DRAFT_513189	rna-gnl|WGS:JAJKKE|F5B20DRAFT_mRNA513189	PF08240.18	Partial	None
gene-F5B20DRAFT_513158	rna-gnl|WGS:JAJKKE|F5B20DRAFT_mRNA513158	PF00172.24,PF27599.1	Partial	None
gene-F5B20DRAFT_566832	rna-gnl|WGS:JAJKKE|F5B20DRAFT_mRNA566832	PF01135.26,PF01209.25,PF03141.23,PF05175.21,PF08241.19,PF08242.19,PF13489.13,PF13649.13,PF13847.13	Partial	None
gene-F5B20DRAFT_566837	rna-gnl|WGS:JAJKKE|F5B20DRAFT_mRNA566837		None	None
gene-F5B20DRAFT_566839	rna-gnl|WGS:JAJKKE|F5B20DRAFT_mRNA566839	PF00732.26,PF05199.20	Partial	None
gene-F5B20DRAFT_574739	rna-gnl|WGS:JAJKKE|F5B20DRAFT_mRNA574739	PF00106.32,PF08659.17,PF13561.13	Partial	None
gene-F5B20DRAFT_566843	rna-gnl|WGS:JAJKKE|F5B20DRAFT_mRNA566843	PF01399.34,PF22241.3	Complete	None
gene-F5B20DRAFT_566844	rna-gnl|WGS:JAJKKE|F5B20DRAFT_mRNA566844	PF00657.29,PF13472.13	Partial	None
gene-F5B20DRAFT_574741	rna-gnl|WGS:JAJKKE|F5B20DRAFT_mRNA574741	PF00169.36,PF25381.2	Partial	None
gene-F5B20DRAFT_587206	rna-gnl|WGS:JAJKKE|F5B20DRAFT_mRNA587206	PF00179.32	Partial	None
gene-F5B20DRAFT_587207	rna-gnl|WGS:JAJKKE|F5B20DRAFT_mRNA587207		None	None
gene-F5B20DRAFT_513548	rna-gnl|WGS:JAJKKE|F5B20DRAFT_mRNA513548	PF01545.27	Partial	None
gene-F5B20DRAFT_513530	rna-gnl|WGS:JAJKKE|F5B20DRAFT_mRNA513530	PF00153.33,PF00153.33,PF00153.33	Complete	None
gene-F5B20DRAFT_513598	rna-gnl|WGS:JAJKKE|F5B20DRAFT_mRNA513598		None	None
gene-F5B20DRAFT_574747	rna-gnl|WGS:JAJKKE|F5B20DRAFT_mRNA574747	PF01650.24,PF12657.14,PF12660.13	Complete	None
gene-F5B20DRAFT_574748	rna-gnl|WGS:JAJKKE|F5B20DRAFT_mRNA574748	PF07690.22	Partial	None
gene-F5B20DRAFT_566874	rna-gnl|WGS:JAJKKE|F5B20DRAFT_mRNA566874	PF01266.31	Partial	None
gene-F5B20DRAFT_587215	rna-gnl|WGS:JAJKKE|F5B20DRAFT_mRNA587215	PF12171.15,PF12874.14	Complete	None
gene-F5B20DRAFT_574751	rna-gnl|WGS:JAJKKE|F5B20DRAFT_mRNA574751	PF00590.26	Partial	None
gene-F5B20DRAFT_513850	rna-gnl|WGS:JAJKKE|F5B20DRAFT_mRNA513850		None	None
gene-F5B20DRAFT_513864	rna-gnl|WGS:JAJKKE|F5B20DRAFT_mRNA513864	PF07534.23	Complete	None
gene-F5B20DRAFT_597647	rna-gnl|WGS:JAJKKE|F5B20DRAFT_mRNA597647		None	None
gene-F5B20DRAFT_513880	rna-gnl|WGS:JAJKKE|F5B20DRAFT_mRNA513880	PF00400.39,PF00400.39,PF00400.39,PF00400.39,PF00400.39,PF04053.21,PF23953.2	Complete	None
gene-F5B20DRAFT_566881	rna-gnl|WGS:JAJKKE|F5B20DRAFT_mRNA566881	PF01232.30,PF08125.19	Partial	None
gene-F5B20DRAFT_597651	rna-gnl|WGS:JAJKKE|F5B20DRAFT_mRNA597651		None	None
gene-F5B20DRAFT_574755	rna-gnl|WGS:JAJKKE|F5B20DRAFT_mRNA574755	PF07690.22	Partial	None
gene-F5B20DRAFT_574756	rna-gnl|WGS:JAJKKE|F5B20DRAFT_mRNA574756	PF03577.21	Partial	None
gene-F5B20DRAFT_513985	rna-gnl|WGS:JAJKKE|F5B20DRAFT_mRNA513985	PF06985.18,PF26639.1	Complete	None
gene-F5B20DRAFT_513983	rna-gnl|WGS:JAJKKE|F5B20DRAFT_mRNA513983	PF00149.34	Partial	None
gene-F5B20DRAFT_574759	rna-gnl|WGS:JAJKKE|F5B20DRAFT_mRNA574759		None	None
gene-F5B20DRAFT_514005	rna-gnl|WGS:JAJKKE|F5B20DRAFT_mRNA514005	PF00342.25	Partial	None
gene-F5B20DRAFT_566919	rna-gnl|WGS:JAJKKE|F5B20DRAFT_mRNA566919	PF00069.32,PF00433.30,PF07714.24	Complete	None
gene-F5B20DRAFT_566925	rna-gnl|WGS:JAJKKE|F5B20DRAFT_mRNA566925	PF07519.18	Partial	None
gene-F5B20DRAFT_566928	rna-gnl|WGS:JAJKKE|F5B20DRAFT_mRNA566928	PF00149.34	Partial	None
gene-F5B20DRAFT_514219	rna-gnl|WGS:JAJKKE|F5B20DRAFT_mRNA514219		None	None
gene-F5B20DRAFT_574765	rna-gnl|WGS:JAJKKE|F5B20DRAFT_mRNA574765	PF00628.36,PF00856.34	Complete	None
gene-F5B20DRAFT_514332	rna-gnl|WGS:JAJKKE|F5B20DRAFT_mRNA514332		None	None
gene-F5B20DRAFT_566933	rna-gnl|WGS:JAJKKE|F5B20DRAFT_mRNA566933		None	None
gene-F5B20DRAFT_514402	rna-gnl|WGS:JAJKKE|F5B20DRAFT_mRNA514402	PF06985.18	Partial	None
gene-F5B20DRAFT_597655	rna-gnl|WGS:JAJKKE|F5B20DRAFT_mRNA597655	PF00732.26,PF05199.20	Complete	None
gene-F5B20DRAFT_566943	rna-gnl|WGS:JAJKKE|F5B20DRAFT_mRNA566943	PF01425.27	Partial	None
gene-F5B20DRAFT_514468	rna-gnl|WGS:JAJKKE|F5B20DRAFT_mRNA514468	PF04768.21	Complete	None
gene-F5B20DRAFT_514521	rna-gnl|WGS:JAJKKE|F5B20DRAFT_mRNA514521	PF00012.27,PF06723.20	Partial	None
gene-F5B20DRAFT_566961	rna-gnl|WGS:JAJKKE|F5B20DRAFT_mRNA566961		None	None
gene-F5B20DRAFT_514653	rna-gnl|WGS:JAJKKE|F5B20DRAFT_mRNA514653		None	None
gene-F5B20DRAFT_566965	rna-gnl|WGS:JAJKKE|F5B20DRAFT_mRNA566965	PF13023.13	Partial	None
gene-F5B20DRAFT_514710	rna-gnl|WGS:JAJKKE|F5B20DRAFT_mRNA514710	PF00018.35,PF14604.13	Complete	None
gene-F5B20DRAFT_514701	rna-gnl|WGS:JAJKKE|F5B20DRAFT_mRNA514701		None	None
gene-F5B20DRAFT_514749	rna-gnl|WGS:JAJKKE|F5B20DRAFT_mRNA514749	PF04410.21	Complete	None
gene-F5B20DRAFT_597657	rna-gnl|WGS:JAJKKE|F5B20DRAFT_mRNA597657	PF03901.24	Partial	None
gene-F5B20DRAFT_574775	rna-gnl|WGS:JAJKKE|F5B20DRAFT_mRNA574775	PF04616.21	Partial	None
gene-F5B20DRAFT_574776	rna-gnl|WGS:JAJKKE|F5B20DRAFT_mRNA574776	PF00083.31,PF07690.22	Partial	None
gene-F5B20DRAFT_566983	rna-gnl|WGS:JAJKKE|F5B20DRAFT_mRNA566983	PF02826.26,PF02826.26	Partial	None
gene-F5B20DRAFT_515027	rna-gnl|WGS:JAJKKE|F5B20DRAFT_mRNA515027	PF02535.29	Partial	None
gene-F5B20DRAFT_515002	rna-gnl|WGS:JAJKKE|F5B20DRAFT_mRNA515002	PF01545.27,PF16916.12	Complete	None
gene-F5B20DRAFT_515003	rna-gnl|WGS:JAJKKE|F5B20DRAFT_mRNA515003	PF02628.21	Partial	None
gene-F5B20DRAFT_515035	rna-gnl|WGS:JAJKKE|F5B20DRAFT_mRNA515035	PF00152.26,PF01336.32	Partial	None
gene-F5B20DRAFT_567000	rna-gnl|WGS:JAJKKE|F5B20DRAFT_mRNA567000	PF00023.37,PF12796.14,PF13637.13,PF13637.13,PF13857.13	Complete	None
gene-F5B20DRAFT_567004	rna-gnl|WGS:JAJKKE|F5B20DRAFT_mRNA567004	PF00005.34,PF01061.30,PF19055.7,PF19055.7	Complete	None
gene-F5B20DRAFT_567015	rna-gnl|WGS:JAJKKE|F5B20DRAFT_mRNA567015	PF00070.34,PF01593.31,PF13450.13	Partial	None
gene-F5B20DRAFT_567022	rna-gnl|WGS:JAJKKE|F5B20DRAFT_mRNA567022		None	None
gene-F5B20DRAFT_515324	rna-gnl|WGS:JAJKKE|F5B20DRAFT_mRNA515324	PF00722.29	Partial	None
gene-F5B20DRAFT_515540	rna-gnl|WGS:JAJKKE|F5B20DRAFT_mRNA515540	PF02146.24	Partial	None
gene-F5B20DRAFT_515535	rna-gnl|WGS:JAJKKE|F5B20DRAFT_mRNA515535	PF05631.20,PF07690.22	Partial	None
gene-F5B20DRAFT_515593	rna-gnl|WGS:JAJKKE|F5B20DRAFT_mRNA515593		None	None
gene-F5B20DRAFT_567037	rna-gnl|WGS:JAJKKE|F5B20DRAFT_mRNA567037	PF11913.14	Partial	None
gene-F5B20DRAFT_567042	rna-gnl|WGS:JAJKKE|F5B20DRAFT_mRNA567042		None	None
gene-F5B20DRAFT_515715	rna-gnl|WGS:JAJKKE|F5B20DRAFT_mRNA515715	PF00172.24,PF04082.24	Partial	None
gene-F5B20DRAFT_597665	rna-gnl|WGS:JAJKKE|F5B20DRAFT_mRNA597665		None	None
gene-F5B20DRAFT_515723	rna-gnl|WGS:JAJKKE|F5B20DRAFT_mRNA515723	PF02775.27,PF02776.24	Complete	None
gene-F5B20DRAFT_515773	rna-gnl|WGS:JAJKKE|F5B20DRAFT_mRNA515773	PF20684.4	Partial	None
gene-F5B20DRAFT_574796	rna-gnl|WGS:JAJKKE|F5B20DRAFT_mRNA574796	PF07690.22	Partial	None
gene-F5B20DRAFT_567071	rna-gnl|WGS:JAJKKE|F5B20DRAFT_mRNA567071	PF00067.28	Partial	None
gene-F5B20DRAFT_587269	rna-gnl|WGS:JAJKKE|F5B20DRAFT_mRNA587269	PF20684.4	Partial	None
gene-F5B20DRAFT_515899	rna-gnl|WGS:JAJKKE|F5B20DRAFT_mRNA515899	PF07690.22	Partial	None
gene-F5B20DRAFT_515903	rna-gnl|WGS:JAJKKE|F5B20DRAFT_mRNA515903	PF11204.14	Partial	None
gene-F5B20DRAFT_567082	rna-gnl|WGS:JAJKKE|F5B20DRAFT_mRNA567082	PF00201.25,PF03033.27,PF06722.19	Complete	None
gene-F5B20DRAFT_567083	rna-gnl|WGS:JAJKKE|F5B20DRAFT_mRNA567083		None	None
gene-F5B20DRAFT_574803	rna-gnl|WGS:JAJKKE|F5B20DRAFT_mRNA574803		None	None
gene-F5B20DRAFT_567086	rna-gnl|WGS:JAJKKE|F5B20DRAFT_mRNA567086	PF07690.22	Partial	None
gene-F5B20DRAFT_574805	rna-gnl|WGS:JAJKKE|F5B20DRAFT_mRNA574805	PF02146.24	Partial	None
gene-F5B20DRAFT_567089	rna-gnl|WGS:JAJKKE|F5B20DRAFT_mRNA567089	PF00328.28	Partial	None
gene-F5B20DRAFT_597695	rna-gnl|WGS:JAJKKE|F5B20DRAFT_mRNA597695	PF00544.26	Partial	None
gene-F5B20DRAFT_516036	rna-gnl|WGS:JAJKKE|F5B20DRAFT_mRNA516036		None	None
gene-F5B20DRAFT_567094	rna-gnl|WGS:JAJKKE|F5B20DRAFT_mRNA567094	PF00533.34,PF00533.34,PF00533.34,PF12738.14,PF12738.14,PF12738.14,PF16589.13	Complete	None
gene-F5B20DRAFT_516069	rna-gnl|WGS:JAJKKE|F5B20DRAFT_mRNA516069	PF26118.1	Complete	None
gene-F5B20DRAFT_516065	rna-gnl|WGS:JAJKKE|F5B20DRAFT_mRNA516065	PF10395.15,PF28770.1	Complete	None
gene-F5B20DRAFT_516132	rna-gnl|WGS:JAJKKE|F5B20DRAFT_mRNA516132	PF08528.17	Complete	None
gene-F5B20DRAFT_587287	rna-gnl|WGS:JAJKKE|F5B20DRAFT_mRNA587287	PF05433.21	Complete	None
gene-F5B20DRAFT_516127	rna-gnl|WGS:JAJKKE|F5B20DRAFT_mRNA516127	PF01425.27,PF26053.2	Partial	None
gene-F5B20DRAFT_574813	rna-gnl|WGS:JAJKKE|F5B20DRAFT_mRNA574813	PF00067.28	Partial	None
gene-F5B20DRAFT_516211	rna-gnl|WGS:JAJKKE|F5B20DRAFT_mRNA516211	PF00083.31,PF07690.22	Partial	None
gene-F5B20DRAFT_597701	rna-gnl|WGS:JAJKKE|F5B20DRAFT_mRNA597701	PF22807.3	Partial	None
gene-F5B20DRAFT_567111	rna-gnl|WGS:JAJKKE|F5B20DRAFT_mRNA567111		None	None
gene-F5B20DRAFT_567116	rna-gnl|WGS:JAJKKE|F5B20DRAFT_mRNA567116	PF12331.15,PF21046.3,PF21048.3	Complete	None
gene-F5B20DRAFT_516307	rna-gnl|WGS:JAJKKE|F5B20DRAFT_mRNA516307		None	None
gene-F5B20DRAFT_516291	rna-gnl|WGS:JAJKKE|F5B20DRAFT_mRNA516291	PF01148.26	Partial	None
gene-F5B20DRAFT_574818	rna-gnl|WGS:JAJKKE|F5B20DRAFT_mRNA574818	PF24864.1	Partial	None
gene-F5B20DRAFT_574819	rna-gnl|WGS:JAJKKE|F5B20DRAFT_mRNA574819	PF24864.1	Partial	None
gene-F5B20DRAFT_597705	rna-gnl|WGS:JAJKKE|F5B20DRAFT_mRNA597705		None	None
gene-F5B20DRAFT_587298	rna-gnl|WGS:JAJKKE|F5B20DRAFT_mRNA587298	PF00067.28	Partial	None
gene-F5B20DRAFT_567138	rna-gnl|WGS:JAJKKE|F5B20DRAFT_mRNA567138	PF00350.30,PF01031.26,PF02212.24	Complete	None
gene-F5B20DRAFT_574822	rna-gnl|WGS:JAJKKE|F5B20DRAFT_mRNA574822	PF00561.27,PF12146.16,PF12697.14	Partial	None
gene-F5B20DRAFT_567144	rna-gnl|WGS:JAJKKE|F5B20DRAFT_mRNA567144		None	None
gene-F5B20DRAFT_574824	rna-gnl|WGS:JAJKKE|F5B20DRAFT_mRNA574824	PF08719.18,PF08719.18	Partial	None
gene-F5B20DRAFT_597713	rna-gnl|WGS:JAJKKE|F5B20DRAFT_mRNA597713	PF04280.22	Complete	None
gene-F5B20DRAFT_516510	rna-gnl|WGS:JAJKKE|F5B20DRAFT_mRNA516510	PF00411.25	Partial	None
gene-F5B20DRAFT_516525	rna-gnl|WGS:JAJKKE|F5B20DRAFT_mRNA516525	PF05903.21	Partial	None
gene-F5B20DRAFT_567150	rna-gnl|WGS:JAJKKE|F5B20DRAFT_mRNA567150	PF01926.30,PF06071.20	Complete	None
gene-F5B20DRAFT_597719	rna-gnl|WGS:JAJKKE|F5B20DRAFT_mRNA597719		None	None
gene-F5B20DRAFT_567153	rna-gnl|WGS:JAJKKE|F5B20DRAFT_mRNA567153		None	None
gene-F5B20DRAFT_567156	rna-gnl|WGS:JAJKKE|F5B20DRAFT_mRNA567156		None	None
gene-F5B20DRAFT_567161	rna-gnl|WGS:JAJKKE|F5B20DRAFT_mRNA567161	PF00023.37,PF02204.24,PF12796.14,PF13857.13	Complete	None
gene-F5B20DRAFT_597721	rna-gnl|WGS:JAJKKE|F5B20DRAFT_mRNA597721	PF00646.39,PF12937.13	Partial	None
gene-F5B20DRAFT_587314	rna-gnl|WGS:JAJKKE|F5B20DRAFT_mRNA587314	PF00067.28	Partial	None
gene-F5B20DRAFT_567164	rna-gnl|WGS:JAJKKE|F5B20DRAFT_mRNA567164		None	None
gene-F5B20DRAFT_587315	rna-gnl|WGS:JAJKKE|F5B20DRAFT_mRNA587315	PF00501.35	Partial	None
gene-F5B20DRAFT_597729	rna-gnl|WGS:JAJKKE|F5B20DRAFT_mRNA597729		None	None
gene-F5B20DRAFT_574831	rna-gnl|WGS:JAJKKE|F5B20DRAFT_mRNA574831		None	None
gene-F5B20DRAFT_574832	rna-gnl|WGS:JAJKKE|F5B20DRAFT_mRNA574832	PF00106.32,PF08659.17,PF13561.13	Partial	None
gene-F5B20DRAFT_587318	rna-gnl|WGS:JAJKKE|F5B20DRAFT_mRNA587318		None	None
gene-F5B20DRAFT_587319	rna-gnl|WGS:JAJKKE|F5B20DRAFT_mRNA587319		None	None
gene-F5B20DRAFT_574835	rna-gnl|WGS:JAJKKE|F5B20DRAFT_mRNA574835	PF00069.32,PF00498.32,PF07714.24,PF14531.13	Partial	None
gene-F5B20DRAFT_574836	rna-gnl|WGS:JAJKKE|F5B20DRAFT_mRNA574836	PF00075.31	Partial	None
gene-F5B20DRAFT_516741	rna-gnl|WGS:JAJKKE|F5B20DRAFT_mRNA516741	PF00657.29	Partial	None
gene-F5B20DRAFT_567203	rna-gnl|WGS:JAJKKE|F5B20DRAFT_mRNA567203	PF24864.1	Partial	None
gene-F5B20DRAFT_567206	rna-gnl|WGS:JAJKKE|F5B20DRAFT_mRNA567206	PF00106.32,PF01370.28,PF08643.17,PF08659.17,PF13561.13	Partial	None
gene-F5B20DRAFT_567208	rna-gnl|WGS:JAJKKE|F5B20DRAFT_mRNA567208	PF26118.1	Complete	None
gene-F5B20DRAFT_517045	rna-gnl|WGS:JAJKKE|F5B20DRAFT_mRNA517045	PF02353.27,PF08241.19,PF13489.13,PF13649.13	Complete	None
gene-F5B20DRAFT_517174	rna-gnl|WGS:JAJKKE|F5B20DRAFT_mRNA517174	PF00067.28	Partial	None
gene-F5B20DRAFT_517080	rna-gnl|WGS:JAJKKE|F5B20DRAFT_mRNA517080	PF13449.13	Partial	None
gene-F5B20DRAFT_574843	rna-gnl|WGS:JAJKKE|F5B20DRAFT_mRNA574843	PF07859.20,PF20434.6	Partial	None
gene-F5B20DRAFT_597741	rna-gnl|WGS:JAJKKE|F5B20DRAFT_mRNA597741	PF01636.30,PF03881.21	Partial	None
gene-F5B20DRAFT_517235	rna-gnl|WGS:JAJKKE|F5B20DRAFT_mRNA517235		None	None
gene-F5B20DRAFT_t105	gene-F5B20DRAFT_t105		None	None
gene-F5B20DRAFT_517250	rna-gnl|WGS:JAJKKE|F5B20DRAFT_mRNA517250	PF06985.18,PF26640.1	Complete	None
gene-F5B20DRAFT_567252	rna-gnl|WGS:JAJKKE|F5B20DRAFT_mRNA567252	PF00258.31,PF01077.28,PF01855.25,PF03460.23,PF03460.23	Complete	None
gene-F5B20DRAFT_574848	rna-gnl|WGS:JAJKKE|F5B20DRAFT_mRNA574848	PF00067.28	Partial	None
gene-F5B20DRAFT_517356	rna-gnl|WGS:JAJKKE|F5B20DRAFT_mRNA517356	PF06026.21	Partial	None
gene-F5B20DRAFT_567263	rna-gnl|WGS:JAJKKE|F5B20DRAFT_mRNA567263	PF00009.34,PF00025.28,PF00071.29,PF01926.30,PF08477.20	Partial	None
gene-F5B20DRAFT_567266	rna-gnl|WGS:JAJKKE|F5B20DRAFT_mRNA567266	PF07767.17	Partial	None
gene-F5B20DRAFT_567267	rna-gnl|WGS:JAJKKE|F5B20DRAFT_mRNA567267	PF00036.39,PF00070.34,PF07992.21,PF22366.2	Complete	None
gene-F5B20DRAFT_567270	rna-gnl|WGS:JAJKKE|F5B20DRAFT_mRNA567270	PF00097.32,PF13445.13,PF13639.13	Complete	None
gene-F5B20DRAFT_587343	rna-gnl|WGS:JAJKKE|F5B20DRAFT_mRNA587343	PF14856.12	Partial	None
gene-F5B20DRAFT_567299	rna-gnl|WGS:JAJKKE|F5B20DRAFT_mRNA567299		None	None
gene-F5B20DRAFT_517586	rna-gnl|WGS:JAJKKE|F5B20DRAFT_mRNA517586		None	None
gene-F5B20DRAFT_517594	rna-gnl|WGS:JAJKKE|F5B20DRAFT_mRNA517594		None	None
gene-F5B20DRAFT_574856	rna-gnl|WGS:JAJKKE|F5B20DRAFT_mRNA574856	PF02845.23	Complete	None
gene-F5B20DRAFT_567311	rna-gnl|WGS:JAJKKE|F5B20DRAFT_mRNA567311	PF00338.28	Partial	None
gene-F5B20DRAFT_567312	rna-gnl|WGS:JAJKKE|F5B20DRAFT_mRNA567312	PF00642.31,PF18044.8,PF18345.8	Partial	None
gene-F5B20DRAFT_517725	rna-gnl|WGS:JAJKKE|F5B20DRAFT_mRNA517725	PF00150.25	Partial	None
gene-F5B20DRAFT_587351	rna-gnl|WGS:JAJKKE|F5B20DRAFT_mRNA587351	PF00067.28	Partial	None
gene-F5B20DRAFT_567325	rna-gnl|WGS:JAJKKE|F5B20DRAFT_mRNA567325		None	None
gene-F5B20DRAFT_567330	rna-gnl|WGS:JAJKKE|F5B20DRAFT_mRNA567330	PF24883.3	Complete	None
gene-F5B20DRAFT_35440	rna-gnl|WGS:JAJKKE|F5B20DRAFT_mRNA35440	PF20246.4	Partial	None
gene-F5B20DRAFT_567334	rna-gnl|WGS:JAJKKE|F5B20DRAFT_mRNA567334		None	None
gene-F5B20DRAFT_587359	rna-gnl|WGS:JAJKKE|F5B20DRAFT_mRNA587359		None	None
gene-F5B20DRAFT_588014	rna-gnl|WGS:JAJKKE|F5B20DRAFT_mRNA588014	PF00067.28	Partial	None
gene-F5B20DRAFT_567369	rna-gnl|WGS:JAJKKE|F5B20DRAFT_mRNA567369	PF13695.13	Partial	None
gene-F5B20DRAFT_567372	rna-gnl|WGS:JAJKKE|F5B20DRAFT_mRNA567372	PF24803.2	Partial	None
gene-F5B20DRAFT_47848	rna-gnl|WGS:JAJKKE|F5B20DRAFT_mRNA47848	PF04116.20	Partial	None
gene-F5B20DRAFT_47874	rna-gnl|WGS:JAJKKE|F5B20DRAFT_mRNA47874		None	None
