gene_id	transcript_id	pfam_ids	domain_annotation	domain_changes
gene-VNE69_01001	rna-XM_065472132.1		None	None
gene-VNE69_01002	rna-XM_065472133.1		None	None
gene-VNE69_01003	rna-XM_065472134.1		None	None
gene-VNE69_01004	rna-XM_065472135.1		None	None
gene-VNE69_01005	rna-XM_065472136.1		None	None
gene-VNE69_01006	rna-XM_065472137.1		None	None
gene-VNE69_01007	rna-XM_065472138.1		None	None
gene-VNE69_01008	rna-XM_065472139.1	PF00632.31	Partial	None
gene-VNE69_01009	rna-XM_065472140.1		None	None
gene-VNE69_01010	rna-XM_065472141.1	PF00125.31	Partial	None
gene-VNE69_01011	rna-XM_065472142.1		None	None
gene-VNE69_01012	rna-XM_065472143.1		None	None
gene-VNE69_01013	rna-XM_065472144.1	PF07061.17	Partial	None
gene-VNE69_01014	rna-XM_065472145.1		None	None
gene-VNE69_01901	gene-VNE69_01901		None	None
gene-VNE69_01015	rna-XM_065472146.1		None	None
gene-VNE69_01016	rna-XM_065472147.1		None	None
gene-VNE69_01017	rna-XM_065472148.1		None	None
gene-VNE69_01018	rna-XM_065472149.1		None	None
gene-VNE69_01019	rna-XM_065472150.1		None	None
gene-VNE69_01020	rna-XM_065472151.1		None	None
gene-VNE69_01021	rna-XM_065472152.1		None	None
gene-VNE69_01022	rna-XM_065472153.1		None	None
gene-VNE69_01023	rna-XM_065472154.1	PF02170.29,PF02171.24,PF16486.12	Complete	None
gene-VNE69_01024	rna-XM_065472155.1		None	None
gene-VNE69_01024	rna-XM_065472156.1		None	None
gene-VNE69_01025	rna-XM_065472157.1		None	None
gene-VNE69_01902	gene-VNE69_01902		None	None
gene-VNE69_01026	rna-XM_065472158.1	PF03129.26,PF13393.12	Complete	None
gene-VNE69_01027	rna-XM_065472159.1		None	None
gene-VNE69_01028	rna-XM_065472160.1	PF00406.30,PF13207.13,PF13238.13,PF13671.13	Partial	None
gene-VNE69_01029	rna-XM_065472161.1	PF17015.11	Partial	None
gene-VNE69_01030	rna-XM_065472162.1	PF00169.36	Complete	None
gene-VNE69_01031	rna-XM_065472163.1		None	None
gene-VNE69_01032	rna-XM_065472164.1	PF03095.21	Partial	None
gene-VNE69_01033	rna-XM_065472165.1	PF00268.28	Partial	None
gene-VNE69_01034	rna-XM_065472166.1		None	None
gene-VNE69_01035	rna-XM_065472167.1		None	None
gene-VNE69_01036	rna-XM_065472168.1		None	None
gene-VNE69_01037	rna-XM_065472169.1		None	None
gene-VNE69_01038	rna-XM_065472170.1		None	None
gene-VNE69_01039	rna-XM_065472171.1		None	None
gene-VNE69_01040	rna-XM_065472172.1		None	None
gene-VNE69_01041	rna-XM_065472173.1		None	None
gene-VNE69_01042	rna-XM_065472174.1	PF01167.25	Partial	None
gene-VNE69_01043	rna-XM_065472175.1		None	None
gene-VNE69_01044	rna-XM_065472176.1	PF01282.26	Partial	None
gene-VNE69_01045	rna-XM_065472177.1		None	None
gene-VNE69_01046	rna-XM_065472178.1		None	None
gene-VNE69_01047	rna-XM_065472179.1		None	None
gene-VNE69_01048	rna-XM_065472180.1		None	None
gene-VNE69_01049	rna-XM_065472181.1		None	None
gene-VNE69_01050	rna-XM_065472182.1		None	None
gene-VNE69_01051	rna-XM_065472183.1		None	None
gene-VNE69_01052	rna-XM_065472184.1		None	None
gene-VNE69_01053	rna-XM_065472185.1	PF00005.34,PF19055.7	Partial	None
gene-VNE69_01903	gene-VNE69_01903		None	None
gene-VNE69_01054	rna-XM_065472186.1		None	None
gene-VNE69_01055	rna-XM_065472187.1		None	None
gene-VNE69_01904	gene-VNE69_01904		None	None
gene-VNE69_01056	rna-XM_065472188.1		None	None
gene-VNE69_01905	gene-VNE69_01905		None	None
gene-VNE69_01057	rna-XM_065472189.1	PF10551.16	Partial	None
gene-VNE69_01058	rna-XM_065472190.1	PF04500.23	Partial	None
gene-VNE69_01059	rna-XM_065472191.1	PF00566.26,PF23436.2	Partial	None
gene-VNE69_01060	rna-XM_065472192.1		None	None
gene-VNE69_01801	gene-VNE69_01801		None	None
gene-VNE69_01802	gene-VNE69_01802		None	None
gene-VNE69_01061	rna-XM_065472193.1		None	None
gene-VNE69_01062	rna-XM_065472194.1	PF00125.31	Partial	None
gene-VNE69_01063	rna-XM_065472195.1		None	None
gene-VNE69_01064	rna-XM_065472196.1	PF10551.16	Partial	None
gene-VNE69_01064	rna-XM_065472197.1		None	None
gene-VNE69_01064	rna-XM_065472198.1	PF10551.16	Partial	None
gene-VNE69_01065	rna-XM_065472199.1		None	None
gene-VNE69_01066	rna-XM_065472200.1		None	None
gene-VNE69_01067	rna-XM_065472201.1		None	None
gene-VNE69_01068	rna-XM_065472202.1		None	None
gene-VNE69_01069	rna-XM_065472203.1	PF00248.28	Partial	None
gene-VNE69_01070	rna-XM_065472204.1		None	None
gene-VNE69_01071	rna-XM_065472205.1		None	None
gene-VNE69_01072	rna-XM_065472206.1		None	None
gene-VNE69_01073	rna-XM_065472207.1		None	None
gene-VNE69_01074	rna-XM_065472208.1	PF00248.28	Partial	None
gene-VNE69_01075	rna-XM_065472209.1		None	None
gene-VNE69_01076	rna-XM_065472210.1	PF02200.23	Partial	None
gene-VNE69_01077	rna-XM_065472211.1	PF00225.30,PF16796.12	Partial	None
gene-VNE69_01078	rna-XM_065472212.1		None	None
gene-VNE69_01079	rna-XM_065472213.1	PF13304.13,PF13476.13,PF13514.13	Partial	None
gene-VNE69_01080	rna-XM_065472214.1		None	None
gene-VNE69_01081	rna-XM_065472215.1		None	None
gene-VNE69_01082	rna-XM_065472216.1		None	None
gene-VNE69_01083	rna-XM_065472217.1	PF00179.32,PF05773.28	Partial	None
gene-VNE69_01084	rna-XM_065472218.1		None	None
gene-VNE69_01085	rna-XM_065472219.1		None	None
gene-VNE69_01086	rna-XM_065472220.1		None	None
gene-VNE69_01087	rna-XM_065472221.1		None	None
gene-VNE69_01088	rna-XM_065472222.1		None	None
gene-VNE69_01089	rna-XM_065472223.1		None	None
gene-VNE69_01090	rna-XM_065472224.1		None	None
gene-VNE69_01091	rna-XM_065472225.1		None	None
gene-VNE69_01092	rna-XM_065472226.1	PF00735.25	Partial	None
gene-VNE69_01093	rna-XM_065472227.1	PF04511.21	Partial	None
gene-VNE69_01094	rna-XM_065472228.1	PF03439.19,PF23042.3,PF23290.2	Complete	None
gene-VNE69_01095	rna-XM_065472229.1	PF09133.16	Partial	None
gene-VNE69_01096	rna-XM_065472230.1		None	None
gene-VNE69_01097	rna-XM_065472231.1	PF09133.16	Partial	None
gene-VNE69_01098	rna-XM_065472232.1	PF00575.30,PF03876.23	Partial	None
gene-VNE69_01099	rna-XM_065472233.1	PF00400.39,PF00400.39,PF00400.39,PF00400.39,PF00400.39,PF04494.21,PF12894.14,PF30361.1	Complete	None
gene-VNE69_01100	rna-XM_065472234.1	PF01490.25	Partial	None
gene-VNE69_01101	rna-XM_065472235.1	PF00806.26,PF00806.26,PF00806.26,PF00806.26,PF00806.26,PF00806.26,PF00806.26,PF00806.26	Complete	None
gene-VNE69_01102	rna-XM_065472236.1		None	None
gene-VNE69_01103	rna-XM_065472237.1	PF01026.28	Partial	None
gene-VNE69_01104	rna-XM_065472238.1		None	None
gene-VNE69_01105	rna-XM_065472239.1	PF00735.25,PF01926.30	Partial	None
gene-VNE69_01106	rna-XM_065472240.1		None	None
gene-VNE69_01107	rna-XM_065472241.1	PF00566.26,PF23436.2	Partial	None
gene-VNE69_01108	rna-XM_065472242.1	PF00249.38,PF00249.38,PF13921.13,PF13921.13	Partial	None
gene-VNE69_01109	rna-XM_065472243.1		None	None
gene-VNE69_01110	rna-XM_065472244.1	PF00227.32	Partial	None
gene-VNE69_01111	rna-XM_065472245.1	PF00076.29	Partial	None
gene-VNE69_01112	rna-XM_065472246.1		None	None
gene-VNE69_01113	rna-XM_065472247.1	PF00293.35	Partial	None
gene-VNE69_01114	rna-XM_065472248.1	PF10032.15	Partial	None
gene-VNE69_01115	rna-XM_065472249.1	PF01090.26	Partial	None
gene-VNE69_01116	rna-XM_065472250.1	PF01416.26	Complete	None
gene-VNE69_01116	rna-XM_065472251.1		None	None
gene-VNE69_01117	rna-XM_065472252.1		None	None
gene-VNE69_01118	rna-XM_065472253.1		None	None
gene-VNE69_01119	rna-XM_065472254.1		None	None
gene-VNE69_01120	rna-XM_065472255.1	PF05495.18	Complete	None
gene-VNE69_01121	rna-XM_065472256.1	PF00005.34,PF00005.34,PF00037.33,PF04068.21	Complete	None
gene-VNE69_01122	rna-XM_065472257.1	PF07738.20	Partial	None
gene-VNE69_01123	rna-XM_065472258.1		None	None
gene-VNE69_01124	rna-XM_065472259.1	PF01261.31	Partial	None
gene-VNE69_01125	rna-XM_065472260.1	PF05739.27	Complete	None
gene-VNE69_01126	rna-XM_065472261.1	PF01545.27,PF16916.12	Complete	None
gene-VNE69_01127	rna-XM_065472262.1	PF02390.24	Partial	None
gene-VNE69_01128	rna-XM_065472263.1		None	None
gene-VNE69_01129	rna-XM_065472264.1	PF00069.32,PF07714.24,PF17667.8	Partial	None
gene-VNE69_01130	rna-XM_065472265.1	PF04037.19,PF04046.22	Complete	None
gene-VNE69_01131	rna-XM_065472266.1		None	None
gene-VNE69_01132	rna-XM_065472267.1		None	None
gene-VNE69_01133	rna-XM_065472268.1	PF00009.34,PF00679.31,PF03144.32,PF03764.25,PF14492.13,PF22042.3	Complete	None
gene-VNE69_01134	rna-XM_065472269.1	PF00400.39,PF00400.39	Complete	None
gene-VNE69_01135	rna-XM_065472270.1	PF29840.1,PF29841.1,PF29842.1,PF29844.1	Complete	None
gene-VNE69_01136	rna-XM_065472271.1	PF00004.36,PF00004.36,PF00158.33,PF02861.26,PF07724.21,PF07728.21,PF10431.16,PF17871.8,PF23569.2	Complete	None
gene-VNE69_01137	rna-XM_065472272.1	PF00636.32,PF00636.32,PF03368.20,PF14622.12,PF14622.12	Complete	None
gene-VNE69_01138	rna-XM_065472273.1		None	None
gene-VNE69_01139	rna-XM_065472274.1		None	None
gene-VNE69_01140	rna-XM_065472275.1	PF01119.26,PF02518.32,PF13589.13	Complete	None
gene-VNE69_01141	rna-XM_065472276.1		None	None
gene-VNE69_01142	rna-XM_065472277.1		None	None
gene-VNE69_01143	rna-XM_065472278.1	PF10551.16	Partial	None
gene-VNE69_01145	rna-XM_065472279.1	PF04118.21	Partial	None
gene-VNE69_01146	rna-XM_065472280.1		None	None
gene-VNE69_01147	rna-XM_065472281.1	PF00004.36,PF00004.36,PF00158.33,PF02861.26,PF07724.21,PF07728.21,PF10431.16,PF17871.8,PF23569.2	Complete	None
gene-VNE69_01148	rna-XM_065472282.1	PF22466.2	Partial	None
gene-VNE69_01149	rna-XM_065472283.1		None	None
gene-VNE69_01150	rna-XM_065472284.1	PF22466.2	Partial	None
gene-VNE69_01151	rna-XM_065472285.1		None	None
gene-VNE69_01152	rna-XM_065472286.1		None	None
gene-VNE69_01153	rna-XM_065472287.1	PF00827.23	Partial	None
gene-VNE69_01154	rna-XM_065472288.1	PF00250.25	Complete	None
gene-VNE69_01155	rna-XM_065472289.1	PF04051.22	Partial	None
gene-VNE69_01156	rna-XM_065472290.1	PF01652.25	Partial	None
gene-VNE69_01157	rna-XM_065472291.1		None	None
gene-VNE69_01158	rna-XM_065472292.1		None	None
gene-VNE69_01159	rna-XM_065472293.1		None	None
gene-VNE69_01160	rna-XM_065472294.1	PF00106.32,PF13561.13	Partial	None
gene-VNE69_01161	rna-XM_065472295.1	PF00854.28,PF00854.28	Partial	None
gene-VNE69_01162	rna-XM_065472296.1		None	None
gene-VNE69_01163	rna-XM_065472297.1		None	None
gene-VNE69_01164	rna-XM_065472298.1		None	None
gene-VNE69_01165	rna-XM_065472299.1	PF00562.34,PF04560.26,PF04561.20,PF04563.21,PF04565.22,PF04566.19,PF04567.23	Complete	None
gene-VNE69_01166	rna-XM_065472300.1	PF04099.19	Partial	None
gene-VNE69_01167	rna-XM_065472301.1		None	None
gene-VNE69_01906	gene-VNE69_01906		None	None
gene-VNE69_01168	rna-XM_065472302.1	PF10256.15	Partial	None
gene-VNE69_01169	rna-XM_065472303.1		None	None
gene-VNE69_01170	rna-XM_065472304.1		None	None
gene-VNE69_01171	rna-XM_065472305.1	PF03372.30,PF22669.3	Partial	None
gene-VNE69_01172	rna-XM_065472306.1	PF01411.25,PF01411.25,PF07973.20	Complete	None
gene-VNE69_01173	rna-XM_065472307.1	PF00957.28	Partial	None
gene-VNE69_01174	rna-XM_065472308.1	PF04059.19	Complete	None
gene-VNE69_01175	rna-XM_065472309.1	PF06058.20	Partial	None
gene-VNE69_01176	rna-XM_065472310.1	PF00069.32,PF07714.24	Partial	None
gene-VNE69_01177	rna-XM_065472311.1		None	None
gene-VNE69_01178	rna-XM_065472312.1	PF01248.32	Partial	None
gene-VNE69_01179	rna-XM_065472313.1		None	None
gene-VNE69_01180	rna-XM_065472314.1	PF00575.30,PF07541.18	Partial	None
gene-VNE69_01907	gene-VNE69_01907		None	None
gene-VNE69_01181	rna-XM_065472315.1	PF04615.19	Partial	None
gene-VNE69_01182	rna-XM_065472316.1		None	None
gene-VNE69_01183	rna-XM_065472317.1		None	None
gene-VNE69_01184	rna-XM_065472318.1		None	None
gene-VNE69_01185	rna-XM_065472319.1	PF03178.22	Complete	None
gene-VNE69_01186	rna-XM_065472320.1	PF01066.27	Partial	None
gene-VNE69_01187	rna-XM_065472321.1	PF00152.26	Partial	None
gene-VNE69_01188	rna-XM_065472322.1		None	None
gene-VNE69_01189	rna-XM_065472323.1		None	None
gene-VNE69_01190	rna-XM_065472324.1		None	None
gene-VNE69_01191	rna-XM_065472325.1		None	None
gene-VNE69_01192	rna-XM_065472326.1		None	None
gene-VNE69_01193	rna-XM_065472327.1		None	None
gene-VNE69_01194	rna-XM_065472328.1	PF00635.33	Partial	None
gene-VNE69_01195	rna-XM_065472329.1		None	None
gene-VNE69_01196	rna-XM_065472330.1	PF00149.34,PF16891.11	Partial	None
gene-VNE69_01197	rna-XM_065472331.1	PF08662.18	Partial	None
gene-VNE69_01198	rna-XM_065472332.1		None	None
gene-VNE69_01199	rna-XM_065472333.1		None	None
gene-VNE69_01200	rna-XM_065472334.1		None	None
gene-VNE69_01201	rna-XM_065472335.1		None	None
gene-VNE69_01202	rna-XM_065472336.1		None	None
gene-VNE69_01203	rna-XM_065472337.1		None	None
gene-VNE69_01204	rna-XM_065472338.1	PF02383.24	Partial	None
gene-VNE69_01205	rna-XM_065472339.1	PF00132.31,PF00483.30,PF12804.14,PF25084.2,PF25087.2	Complete	None
gene-VNE69_01206	rna-XM_065472340.1	PF17004.12	Partial	None
gene-VNE69_01207	rna-XM_065472341.1	PF00270.36,PF00271.38,PF04408.30,PF04851.22,PF07717.23,PF13245.13,PF21010.3	Complete	None
gene-VNE69_01208	rna-XM_065472342.1	PF05179.21	Partial	None
gene-VNE69_01209	rna-XM_065472343.1	PF22891.3	Partial	None
gene-VNE69_01210	rna-XM_065472344.1	PF01398.27,PF14464.12,PF23594.2	Complete	None
gene-VNE69_01211	rna-XM_065472345.1	PF03372.30,PF13855.13,PF13855.13	Partial	None
gene-VNE69_01212	rna-XM_065472346.1		None	None
gene-VNE69_01213	rna-XM_065472347.1	PF04811.22,PF04815.21,PF08033.18	Complete	None
gene-VNE69_01213	rna-XM_065472348.1	PF04811.22,PF04815.21,PF08033.18	Complete	None
gene-VNE69_01214	rna-XM_065472349.1		None	None
gene-VNE69_01215	rna-XM_065472350.1	PF00493.30,PF07728.21,PF17207.10,PF17855.8,PF25051.2	Complete	None
gene-VNE69_01216	rna-XM_065472351.1	PF01201.28	Partial	None
gene-VNE69_01217	rna-XM_065472352.1	PF00154.28,PF08423.18,PF14520.13	Partial	None
gene-VNE69_01218	rna-XM_065472353.1	PF13091.13	Partial	None
gene-VNE69_01219	rna-XM_065472354.1	PF03540.20	Partial	None
gene-VNE69_01220	rna-XM_065472355.1		None	None
gene-VNE69_01221	rna-XM_065472356.1		None	None
gene-VNE69_01222	rna-XM_065472357.1	PF04851.22,PF06733.22,PF13307.13	Complete	None
gene-VNE69_01223	rna-XM_065472358.1		None	None
gene-VNE69_01224	rna-XM_065472359.1	PF04427.24	Partial	None
gene-VNE69_01225	rna-XM_065472360.1	PF01412.24	Partial	None
gene-VNE69_01226	rna-XM_065472361.1	PF00012.27,PF06723.20	Partial	None
gene-VNE69_01227	rna-XM_065472362.1		None	None
gene-VNE69_01228	rna-XM_065472363.1		None	None
gene-VNE69_01229	rna-XM_065472364.1	PF00808.30	Partial	None
gene-VNE69_01230	rna-XM_065472365.1	PF00338.28	Partial	None
gene-VNE69_01231	rna-XM_065472366.1	PF01467.33,PF01467.33	Partial	None
gene-VNE69_01232	rna-XM_065472367.1	PF00752.24,PF00867.24	Partial	None
gene-VNE69_01233	rna-XM_065472368.1		None	None
gene-VNE69_01234	rna-XM_065472369.1		None	None
gene-VNE69_01235	rna-XM_065472370.1		None	None
gene-VNE69_01236	rna-XM_065472371.1		None	None
gene-VNE69_01237	rna-XM_065472372.1	PF00534.27,PF08288.19,PF13439.13,PF13477.13,PF13524.13,PF13579.13,PF13692.13,PF20706.4	Partial	None
gene-VNE69_01238	rna-XM_065472373.1	PF01522.27	Partial	None
gene-VNE69_01239	rna-XM_065472374.1	PF00117.35,PF06418.21,PF07722.20	Partial	None
gene-VNE69_01240	rna-XM_065472375.1	PF00225.30,PF07647.25,PF16796.12	Partial	None
gene-VNE69_01241	rna-XM_065472376.1	PF06732.17	Partial	None
gene-VNE69_01242	rna-XM_065472377.1		None	None
gene-VNE69_01243	rna-XM_065472378.1		None	None
gene-VNE69_01244	rna-XM_065472379.1	PF00614.30,PF13091.13	Complete	None
gene-VNE69_01245	rna-XM_065472380.1	PF09384.16	Complete	None
gene-VNE69_01246	rna-XM_065472381.1		None	None
gene-VNE69_01247	rna-XM_065472382.1	PF00583.32,PF13508.14,PF13673.14	Partial	None
gene-VNE69_01248	rna-XM_065472383.1	PF04061.20	Partial	None
gene-VNE69_01249	rna-XM_065472384.1		None	None
gene-VNE69_01250	rna-XM_065472385.1	PF00097.32,PF13445.13,PF13639.13,PF13920.13,PF13923.13,PF14447.13,PF14634.13	Partial	None
gene-VNE69_01251	rna-XM_065472386.1	PF00009.34	Partial	None
gene-VNE69_01252	rna-XM_065472387.1		None	None
gene-VNE69_01253	rna-XM_065472388.1	PF00133.29,PF00133.29,PF08264.20,PF09334.18	Complete	None
gene-VNE69_01254	rna-XM_065472389.1		None	None
gene-VNE69_01255	rna-XM_065472390.1		None	None
gene-VNE69_01256	rna-XM_065472391.1		None	None
gene-VNE69_01257	rna-XM_065472392.1	PF12842.13,PF16415.12,PF16417.12,PF16418.12,PF25097.2	Complete	None
gene-VNE69_01258	rna-XM_065472393.1	PF07992.21,PF13450.13	Partial	None
gene-VNE69_01259	rna-XM_065472394.1		None	None
gene-VNE69_01260	rna-XM_065472395.1	PF00006.32,PF02874.30,PF16886.12,PF22919.2	Complete	None
gene-VNE69_01261	rna-XM_065472396.1	PF06068.20	Partial	None
gene-VNE69_01262	rna-XM_065472397.1	PF29448.1	Partial	None
gene-VNE69_01263	rna-XM_065472398.1		None	None
gene-VNE69_01264	rna-XM_065472399.1	PF00005.34,PF00664.29	Complete	None
gene-VNE69_01265	rna-XM_065472400.1		None	None
gene-VNE69_01266	rna-XM_065472401.1		None	None
gene-VNE69_01267	rna-XM_065472402.1		None	None
gene-VNE69_01268	rna-XM_065472403.1		None	None
gene-VNE69_01269	rna-XM_065472404.1		None	None
gene-VNE69_01270	rna-XM_065472405.1	PF01351.26	Partial	None
gene-VNE69_01271	rna-XM_065472406.1	PF10406.15	Complete	None
gene-VNE69_01272	rna-XM_065472407.1	PF08234.18	Complete	None
gene-VNE69_01273	rna-XM_065472408.1	PF01119.26,PF08676.17,PF13589.13	Complete	None
gene-VNE69_01274	rna-XM_065472409.1	PF00005.34,PF00664.29	Complete	None
gene-VNE69_01275	rna-XM_065472410.1	PF00005.34,PF00664.29	Complete	None
gene-VNE69_01276	rna-XM_065472411.1	PF00005.34,PF00664.29	Complete	None
gene-VNE69_01908	gene-VNE69_01908		None	None
gene-VNE69_01277	rna-XM_065472412.1	PF00562.34,PF04560.26,PF04561.20,PF04563.21,PF04565.22,PF04566.19,PF04567.23	Complete	None
gene-VNE69_01278	rna-XM_065472413.1		None	None
gene-VNE69_01279	rna-XM_065472414.1		None	None
gene-VNE69_01280	rna-XM_065472415.1		None	None
gene-VNE69_01909	gene-VNE69_01909		None	None
gene-VNE69_01281	rna-XM_065472416.1	PF01409.26,PF18553.8	Partial	None
gene-VNE69_01282	rna-XM_065472417.1		None	None
gene-VNE69_01283	rna-XM_065472418.1	PF06046.20	Partial	None
gene-VNE69_01284	rna-XM_065472419.1	PF04148.19	Partial	None
gene-VNE69_01285	rna-XM_065472420.1		None	None
gene-VNE69_01286	rna-XM_065472421.1	PF13638.13	Partial	None
gene-VNE69_01287	rna-XM_065472422.1	PF00005.34,PF00664.29	Complete	None
gene-VNE69_01288	rna-XM_065472423.1		None	None
gene-VNE69_01289	rna-XM_065472424.1	PF00121.25	Partial	None
gene-VNE69_01290	rna-XM_065472425.1	PF03810.26,PF08389.19,PF08767.18,PF18784.7,PF18787.8	Complete	None
gene-VNE69_01291	rna-XM_065472426.1	PF02269.23	Partial	None
gene-VNE69_01292	rna-XM_065472427.1		None	None
gene-VNE69_01293	rna-XM_065472428.1		None	None
gene-VNE69_01294	rna-XM_065472429.1	PF00097.32,PF06391.19,PF17121.12	Partial	None
gene-VNE69_01295	rna-XM_065472430.1		None	None
gene-VNE69_01296	rna-XM_065472431.1		None	None
gene-VNE69_01297	rna-XM_065472432.1		None	None
gene-VNE69_01298	rna-XM_065472433.1		None	None
gene-VNE69_01299	rna-XM_065472434.1		None	None
gene-VNE69_01300	rna-XM_065472435.1	PF00078.33,PF00098.29,PF17919.8	Complete	None
gene-VNE69_01301	rna-XM_065472436.1		None	None
gene-VNE69_01302	rna-XM_065472437.1		None	None
gene-VNE69_01303	rna-XM_065472438.1		None	None
gene-VNE69_01304	rna-XM_065472439.1		None	None
gene-VNE69_01305	rna-XM_065472440.1		None	None
gene-VNE69_01306	rna-XM_065472441.1		None	None
gene-VNE69_01307	rna-XM_065472442.1		None	None
gene-VNE69_01308	rna-XM_065472443.1		None	None
gene-VNE69_01309	rna-XM_065472444.1		None	None
gene-VNE69_01310	rna-XM_065472445.1	PF00298.25,PF03946.20	Partial	None
gene-VNE69_01311	rna-XM_065472446.1	PF02671.27,PF02671.27,PF08295.18,PF16879.11	Complete	None
gene-VNE69_01312	rna-XM_065472447.1	PF00069.32,PF07714.24	Partial	None
gene-VNE69_01313	rna-XM_065472448.1		None	None
gene-VNE69_01314	rna-XM_065472449.1		None	None
gene-VNE69_01315	rna-XM_065472450.1		None	None
gene-VNE69_01316	rna-XM_065472451.1	PF01233.26,PF02799.22	Partial	None
gene-VNE69_01317	rna-XM_065472452.1		None	None
gene-VNE69_01318	rna-XM_065472453.1	PF00004.36,PF07728.21,PF17862.8,PF20720.4,PF21236.4	Complete	None
gene-VNE69_01319	rna-XM_065472454.1		None	None
gene-VNE69_01910	gene-VNE69_01910		None	None
gene-VNE69_01320	rna-XM_065472455.1	PF01981.22	Partial	None
gene-VNE69_01321	rna-XM_065472456.1	PF02270.23,PF17683.7	Complete	None
gene-VNE69_01322	rna-XM_065472457.1		None	None
gene-VNE69_01323	rna-XM_065472458.1		None	None
gene-VNE69_01324	rna-XM_065472459.1	PF17903.8,PF21800.5,PF22891.3	Partial	None
gene-VNE69_01325	rna-XM_065472460.1		None	None
gene-VNE69_01326	rna-XM_065472461.1	PF00204.32,PF00521.27,PF01751.29,PF02518.32,PF16898.11	Complete	None
gene-VNE69_01327	rna-XM_065472462.1		None	None
gene-VNE69_01327	rna-XM_065472463.1		None	None
gene-VNE69_01328	rna-XM_065472464.1		None	None
gene-VNE69_01329	rna-XM_065472465.1	PF01769.22	Partial	None
gene-VNE69_01330	rna-XM_065472466.1	PF00447.24	Partial	None
gene-VNE69_01331	rna-XM_065472467.1	PF01428.24	Partial	None
gene-VNE69_01911	gene-VNE69_01911		None	None
gene-VNE69_01332	rna-XM_065472468.1	PF04056.21	Partial	None
gene-VNE69_01912	gene-VNE69_01912		None	None
gene-VNE69_01333	rna-XM_065472469.1		None	None
gene-VNE69_01334	rna-XM_065472470.1		None	None
gene-VNE69_01335	rna-XM_065472471.1		None	None
gene-VNE69_01336	rna-XM_065472472.1		None	None
gene-VNE69_01337	rna-XM_065472473.1	PF00270.36,PF00271.38,PF04851.22	Complete	None
gene-VNE69_01338	rna-XM_065472474.1	PF01529.26	Partial	None
gene-VNE69_01339	rna-XM_065472475.1	PF17014.11	Partial	None
gene-VNE69_01340	rna-XM_065472476.1	PF00493.30,PF17207.10,PF17855.8	Complete	None
gene-VNE69_01341	rna-XM_065472477.1	PF00249.38,PF22941.2,PF25299.2	Complete	None
gene-VNE69_01342	rna-XM_065472478.1	PF07393.18	Partial	None
gene-VNE69_01343	rna-XM_065472479.1	PF00318.26	Partial	None
gene-VNE69_01344	rna-XM_065472480.1		None	None
gene-VNE69_01913	gene-VNE69_01913		None	None
gene-VNE69_01345	rna-XM_065472481.1	PF05024.21	Partial	None
gene-VNE69_01346	rna-XM_065472482.1	PF01398.27,PF13012.12	Partial	None
gene-VNE69_01347	rna-XM_065472483.1	PF08449.18	Partial	None
gene-VNE69_01348	rna-XM_065472484.1		None	None
gene-VNE69_01914	gene-VNE69_01914		None	None
gene-VNE69_01349	rna-XM_065472485.1	PF17017.12	Partial	None
gene-VNE69_01350	rna-XM_065472486.1	PF00581.26,PF00899.28	Complete	None
gene-VNE69_01351	rna-XM_065472487.1		None	None
gene-VNE69_01352	rna-XM_065472488.1		None	None
gene-VNE69_01353	rna-XM_065472489.1	PF02224.25,PF13189.13	Partial	None
gene-VNE69_01354	rna-XM_065472490.1	PF01105.30	Partial	None
gene-VNE69_01915	gene-VNE69_01915		None	None
gene-VNE69_01355	rna-XM_065472491.1	PF01171.28	Partial	None
gene-VNE69_01356	rna-XM_065472492.1		None	None
gene-VNE69_01357	rna-XM_065472493.1		None	None
gene-VNE69_01358	rna-XM_065472494.1	PF00152.26,PF01336.32	Partial	None
gene-VNE69_01359	rna-XM_065472495.1	PF00557.30,PF01321.25,PF16188.11,PF16189.12	Complete	None
gene-VNE69_01360	rna-XM_065472496.1		None	None
gene-VNE69_01361	rna-XM_065472497.1		None	None
gene-VNE69_01362	rna-XM_065472498.1	PF00632.31,PF16558.11	Partial	None
gene-VNE69_01363	rna-XM_065472499.1		None	None
gene-VNE69_01364	rna-XM_065472500.1	PF01764.32	Complete	None
gene-VNE69_01365	rna-XM_065472501.1	PF17781.8,PF18051.7	Complete	None
gene-VNE69_01366	rna-XM_065472502.1	PF01603.27	Partial	None
gene-VNE69_01367	rna-XM_065472503.1		None	None
gene-VNE69_01368	rna-XM_065472504.1	PF01777.26	Partial	None
gene-VNE69_01369	rna-XM_065472505.1	PF01096.24,PF07500.20	Complete	None
gene-VNE69_01370	rna-XM_065472506.1		None	None
gene-VNE69_01371	rna-XM_065472507.1	PF00077.26,PF08284.17,PF12384.13,PF13650.12,PF13975.12,PF30863.1	Complete	None
gene-VNE69_01371	rna-XM_065472508.1		None	None
gene-VNE69_01372	rna-XM_065472509.1	PF00125.31	Partial	None
gene-VNE69_01373	rna-XM_065472510.1		None	None
gene-VNE69_01374	rna-XM_065472511.1	PF00149.34	Partial	None
gene-VNE69_01375	rna-XM_065472512.1		None	None
gene-VNE69_01376	rna-XM_065472513.1	PF00025.28,PF00071.29,PF01926.30,PF08477.20	Partial	None
gene-VNE69_01377	rna-XM_065472514.1		None	None
gene-VNE69_01378	rna-XM_065472515.1	PF00179.32	Partial	None
gene-VNE69_01379	rna-XM_065472516.1	PF00366.27,PF16205.11	Partial	None
gene-VNE69_01380	rna-XM_065472517.1		None	None
gene-VNE69_01381	rna-XM_065472518.1		None	None
gene-VNE69_01382	rna-XM_065472519.1	PF02475.24,PF25133.2	Partial	None
gene-VNE69_01383	rna-XM_065472520.1	PF00097.32,PF12678.14,PF13639.13,PF13923.13,PF17123.12	Complete	None
gene-VNE69_01384	rna-XM_065472521.1		None	None
gene-VNE69_01385	rna-XM_065472522.1	PF00097.32,PF13639.13,PF13923.13,PF17123.12	Complete	None
gene-VNE69_01386	rna-XM_065472523.1		None	None
gene-VNE69_01387	rna-XM_065472524.1		None	None
gene-VNE69_01388	rna-XM_065472525.1	PF01256.23	Partial	None
gene-VNE69_01389	rna-XM_065472526.1	PF03465.21,PF26356.1	Complete	None
gene-VNE69_01390	rna-XM_065472527.1	PF00850.25	Partial	None
gene-VNE69_01391	rna-XM_065472528.1		None	None
gene-VNE69_01392	rna-XM_065472529.1	PF01743.27,PF12627.13	Complete	None
gene-VNE69_01393	rna-XM_065472530.1		None	None
gene-VNE69_01394	rna-XM_065472531.1	PF00004.36,PF00004.36,PF17862.8	Complete	None
gene-VNE69_01395	rna-XM_065472532.1		None	None
gene-VNE69_01396	rna-XM_065472533.1	PF00009.34,PF00025.28,PF00071.29,PF01926.30,PF04670.19,PF08477.20,PF09439.17	Partial	None
gene-VNE69_01397	rna-XM_065472534.1	PF00581.26	Partial	None
gene-VNE69_01398	rna-XM_065472535.1		None	None
gene-VNE69_01399	rna-XM_065472536.1	PF01764.32	Partial	None
gene-VNE69_01400	rna-XM_065472537.1	PF00096.33,PF00096.33	Complete	None
gene-VNE69_01401	rna-XM_065472538.1		None	None
gene-VNE69_01402	rna-XM_065472539.1	PF00012.27	Partial	None
gene-VNE69_01403	rna-XM_065472540.1		None	None
gene-VNE69_01404	rna-XM_065472541.1		None	None
gene-VNE69_01405	rna-XM_065472542.1		None	None
gene-VNE69_01406	rna-XM_065472543.1		None	None
gene-VNE69_01407	rna-XM_065472544.1		None	None
gene-VNE69_01408	rna-XM_065472545.1		None	None
gene-VNE69_01409	rna-XM_065472546.1		None	None
gene-VNE69_02001	rna-XM_065472547.1		None	None
gene-VNE69_02002	rna-XM_065472548.1	PF00348.23	Partial	None
gene-VNE69_02003	rna-XM_065472549.1		None	None
gene-VNE69_02004	rna-XM_065472550.1		None	None
gene-VNE69_02005	rna-XM_065472551.1		None	None
gene-VNE69_02006	rna-XM_065472552.1	PF30048.1	Partial	None
gene-VNE69_02007	rna-XM_065472553.1		None	None
gene-VNE69_02008	rna-XM_065472554.1		None	None
gene-VNE69_02009	rna-XM_065472555.1		None	None
gene-VNE69_02010	rna-XM_065472556.1	PF01217.27	Partial	None
gene-VNE69_02011	rna-XM_065472557.1	PF08538.17	Partial	None
gene-VNE69_02012	rna-XM_065472558.1		None	None
gene-VNE69_02013	rna-XM_065472559.1	PF13499.13	Partial	None
gene-VNE69_02014	rna-XM_065472560.1	PF06978.17,PF08170.18	Complete	None
gene-VNE69_02015	rna-XM_065472561.1		None	None
gene-VNE69_02016	rna-XM_065472562.1	PF00122.26,PF00702.33	Complete	None
gene-VNE69_02017	rna-XM_065472563.1	PF00493.30,PF01078.28,PF14551.12,PF17207.10,PF17855.8	Complete	None
gene-VNE69_02018	rna-XM_065472564.1	PF01876.24	Partial	None
gene-VNE69_02019	rna-XM_065472565.1		None	None
gene-VNE69_02020	rna-XM_065472566.1	PF03224.21,PF11698.15	Complete	None
gene-VNE69_02021	rna-XM_065472567.1		None	None
gene-VNE69_02022	rna-XM_065472568.1	PF00134.29,PF02984.25	Partial	None
gene-VNE69_02023	rna-XM_065472569.1	PF01784.25,PF01784.25	Partial	None
gene-VNE69_02024	rna-XM_065472570.1		None	None
gene-VNE69_02025	rna-XM_065472571.1		None	None
gene-VNE69_02026	rna-XM_065472572.1		None	None
gene-VNE69_02027	rna-XM_065472573.1		None	None
gene-VNE69_02028	rna-XM_065472574.1		None	None
gene-VNE69_02029	rna-XM_065472575.1		None	None
gene-VNE69_02030	rna-XM_065472576.1		None	None
gene-VNE69_02031	rna-XM_065472577.1	PF01926.30	Complete	None
gene-VNE69_02032	rna-XM_065472578.1	PF00069.32,PF07714.24,PF12330.15,PF14531.13	Partial	None
gene-VNE69_02033	rna-XM_065472579.1		None	None
gene-VNE69_02034	rna-XM_065472580.1		None	None
gene-VNE69_02035	rna-XM_065472581.1		None	None
gene-VNE69_02036	rna-XM_065472582.1		None	None
gene-VNE69_02037	rna-XM_065472583.1		None	None
gene-VNE69_02038	rna-XM_065472584.1	PF12894.14	Partial	None
gene-VNE69_02039	rna-XM_065472585.1		None	None
gene-VNE69_02040	rna-XM_065472586.1		None	None
gene-VNE69_02041	rna-XM_065472587.1	PF00203.27	Partial	None
gene-VNE69_02042	rna-XM_065472588.1		None	None
gene-VNE69_02043	rna-XM_065472589.1	PF00928.27	Partial	None
gene-VNE69_02044	rna-XM_065472590.1		None	None
gene-VNE69_02045	rna-XM_065472591.1		None	None
gene-VNE69_02046	rna-XM_065472592.1		None	None
gene-VNE69_02047	rna-XM_065472593.1		None	None
gene-VNE69_02048	rna-XM_065472594.1	PF00005.34	Partial	None
gene-VNE69_02049	rna-XM_065472595.1	PF00467.36,PF16906.12	Partial	None
gene-VNE69_02050	rna-XM_065472596.1	PF00076.29,PF14327.12	Partial	None
gene-VNE69_02051	rna-XM_065472597.1	PF01490.25	Partial	None
gene-VNE69_02052	rna-XM_065472598.1	PF00085.27	Partial	None
gene-VNE69_02053	rna-XM_065472599.1		None	None
gene-VNE69_02054	rna-XM_065472600.1	PF02845.23	Partial	None
gene-VNE69_02055	rna-XM_065472601.1		None	None
gene-VNE69_02056	rna-XM_065472602.1		None	None
gene-VNE69_02057	rna-XM_065472603.1		None	None
gene-VNE69_02058	rna-XM_065472604.1		None	None
gene-VNE69_02059	rna-XM_065472605.1		None	None
gene-VNE69_02060	rna-XM_065472606.1		None	None
gene-VNE69_02061	rna-XM_065472607.1		None	None
gene-VNE69_02062	rna-XM_065472608.1	PF00085.27	Partial	None
gene-VNE69_02063	rna-XM_065472609.1		None	None
gene-VNE69_02064	rna-XM_065472610.1	PF00505.26,PF00505.26,PF09011.17	Complete	None
gene-VNE69_02065	rna-XM_065472611.1		None	None
gene-VNE69_02901	gene-VNE69_02901		None	None
gene-VNE69_02066	rna-XM_065472612.1	PF03151.23	Partial	None
gene-VNE69_02067	rna-XM_065472613.1	PF03029.24	Partial	None
gene-VNE69_02068	rna-XM_065472614.1	PF12906.14	Partial	None
gene-VNE69_02069	rna-XM_065472615.1	PF01866.23	Partial	None
gene-VNE69_02070	rna-XM_065472616.1		None	None
gene-VNE69_02071	rna-XM_065472617.1		None	None
gene-VNE69_02072	rna-XM_065472618.1	PF00155.28	Partial	None
gene-VNE69_02073	rna-XM_065472619.1		None	None
gene-VNE69_02074	rna-XM_065472620.1		None	None
gene-VNE69_02075	rna-XM_065472621.1		None	None
gene-VNE69_02076	rna-XM_065472622.1		None	None
gene-VNE69_02077	rna-XM_065472623.1		None	None
gene-VNE69_02078	rna-XM_065472624.1	PF00632.31	Complete	None
gene-VNE69_02079	rna-XM_065472625.1	PF01000.32,PF01193.30	Partial	None
gene-VNE69_02902	gene-VNE69_02902		None	None
gene-VNE69_02080	rna-XM_065472626.1		None	None
gene-VNE69_02081	rna-XM_065472627.1		None	None
gene-VNE69_02082	rna-XM_065472628.1		None	None
gene-VNE69_02083	rna-XM_065472629.1		None	None
gene-VNE69_02084	rna-XM_065472630.1	PF00102.33	Partial	None
gene-VNE69_02085	rna-XM_065472631.1		None	None
gene-VNE69_02086	rna-XM_065472632.1		None	None
gene-VNE69_02087	rna-XM_065472633.1		None	None
gene-VNE69_02088	rna-XM_065472634.1		None	None
gene-VNE69_02089	rna-XM_065472635.1		None	None
gene-VNE69_02090	rna-XM_065472636.1		None	None
gene-VNE69_02091	rna-XM_065472637.1	PF00382.25,PF00382.25,PF08271.18	Complete	None
gene-VNE69_02092	rna-XM_065472638.1	PF00416.28	Partial	None
gene-VNE69_02093	rna-XM_065472639.1		None	None
gene-VNE69_02094	rna-XM_065472640.1	PF00249.38,PF00249.38,PF13921.13,PF13921.13	Complete	None
gene-VNE69_02095	rna-XM_065472641.1	PF01137.27,PF05189.19	Partial	None
gene-VNE69_02096	rna-XM_065472642.1	PF00834.26	Partial	None
gene-VNE69_02097	rna-XM_065472643.1	PF04777.19	Partial	None
gene-VNE69_02098	rna-XM_065472644.1	PF01280.27,PF25476.2	Partial	None
gene-VNE69_02099	rna-XM_065472645.1		None	None
gene-VNE69_02100	rna-XM_065472646.1	PF00097.32,PF13639.13,PF13920.13,PF13923.13	Partial	None
gene-VNE69_02100	rna-XM_065472647.1		None	None
gene-VNE69_02101	rna-XM_065472648.1		None	None
gene-VNE69_02102	rna-XM_065472649.1	PF00118.30	Partial	None
gene-VNE69_02103	rna-XM_065472650.1	PF00211.26	Partial	None
gene-VNE69_02104	rna-XM_065472651.1	PF00108.30,PF02803.25	Complete	None
gene-VNE69_02105	rna-XM_065472652.1	PF00122.26,PF00702.33,PF13246.13,PF16209.11,PF16212.12	Complete	None
gene-VNE69_02106	rna-XM_065472653.1		None	None
gene-VNE69_02107	rna-XM_065472654.1	PF14204.12,PF17144.10	Complete	None
gene-VNE69_02108	rna-XM_065472655.1		None	None
gene-VNE69_02109	rna-XM_065472656.1		None	None
gene-VNE69_02903	gene-VNE69_02903		None	None
gene-VNE69_02110	rna-XM_065472657.1		None	None
gene-VNE69_02111	rna-XM_065472658.1		None	None
gene-VNE69_02111	rna-XM_065472659.1		None	None
gene-VNE69_02112	rna-XM_065472660.1		None	None
gene-VNE69_02113	rna-XM_065472661.1		None	None
gene-VNE69_02114	rna-XM_065472662.1		None	None
gene-VNE69_02115	rna-XM_065472663.1		None	None
gene-VNE69_02116	rna-XM_065472664.1		None	None
gene-VNE69_02117	rna-XM_065472665.1		None	None
gene-VNE69_02118	rna-XM_065472666.1		None	None
gene-VNE69_02119	rna-XM_065472667.1	PF00665.33	Partial	None
gene-VNE69_02120	rna-XM_065472668.1		None	None
gene-VNE69_02121	rna-XM_065472669.1		None	None
gene-VNE69_02122	rna-XM_065472670.1	PF00226.37,PF02889.22	Partial	None
gene-VNE69_02123	rna-XM_065472671.1	PF00248.28	Partial	None
gene-VNE69_02124	rna-XM_065472672.1		None	None
gene-VNE69_02124	rna-XM_065472673.1		None	None
gene-VNE69_02125	rna-XM_065472674.1		None	None
gene-VNE69_02126	rna-XM_065472675.1		None	None
gene-VNE69_02127	rna-XM_065472676.1	PF00443.36	Partial	None
gene-VNE69_02128	rna-XM_065472677.1	PF00270.36,PF00271.38,PF04851.22	Complete	None
gene-VNE69_02129	rna-XM_065472678.1	PF01399.34,PF18055.9	Complete	None
gene-VNE69_02130	rna-XM_065472679.1		None	None
gene-VNE69_02131	rna-XM_065472680.1		None	None
gene-VNE69_02132	rna-XM_065472681.1		None	None
gene-VNE69_02133	rna-XM_065472682.1		None	None
gene-VNE69_02134	rna-XM_065472683.1	PF12906.14	Partial	None
gene-VNE69_02135	rna-XM_065472684.1	PF00176.30	Partial	None
gene-VNE69_02136	rna-XM_065472685.1	PF00271.38	Partial	None
gene-VNE69_02137	rna-XM_065472686.1		None	None
gene-VNE69_02138	rna-XM_065472687.1		None	None
gene-VNE69_02139	rna-XM_065472688.1		None	None
gene-VNE69_02140	rna-XM_065472689.1		None	None
gene-VNE69_02141	rna-XM_065472690.1		None	None
gene-VNE69_02142	rna-XM_065472691.1		None	None
gene-VNE69_02143	rna-XM_065472692.1	PF00076.29,PF00076.29	Complete	None
gene-VNE69_02144	rna-XM_065472693.1		None	None
gene-VNE69_02145	rna-XM_065472694.1		None	None
gene-VNE69_02146	rna-XM_065472695.1	PF01096.24	Partial	None
gene-VNE69_02904	gene-VNE69_02904		None	None
gene-VNE69_02147	rna-XM_065472696.1		None	None
gene-VNE69_02148	rna-XM_065472697.1	PF03199.22,PF03917.24	Partial	None
gene-VNE69_02149	rna-XM_065472698.1		None	None
gene-VNE69_02150	rna-XM_065472699.1		None	None
gene-VNE69_02151	rna-XM_065472700.1		None	None
gene-VNE69_02152	rna-XM_065472701.1		None	None
gene-VNE69_02153	rna-XM_065472702.1		None	None
gene-VNE69_02154	rna-XM_065472703.1		None	None
gene-VNE69_02155	rna-XM_065472704.1	PF01368.28	Partial	None
gene-VNE69_02156	rna-XM_065472705.1	PF00079.26	Partial	None
gene-VNE69_02157	rna-XM_065472706.1	PF00916.27,PF00916.27	Partial	None
gene-VNE69_02158	rna-XM_065472707.1		None	None
gene-VNE69_02159	rna-XM_065472708.1	PF00270.36,PF00271.38,PF04851.22	Complete	None
gene-VNE69_02160	rna-XM_065472709.1		None	None
gene-VNE69_02160	rna-XM_065472710.1		None	None
gene-VNE69_02160	rna-XM_065472711.1		None	None
gene-VNE69_02161	rna-XM_065472712.1		None	None
gene-VNE69_02162	rna-XM_065472713.1		None	None
gene-VNE69_02163	rna-XM_065472714.1		None	None
gene-VNE69_02164	rna-XM_065472715.1	PF02037.34	Complete	None
gene-VNE69_02165	rna-XM_065472716.1	PF00488.28,PF01624.26,PF05190.24,PF05192.24	Complete	None
gene-VNE69_02905	gene-VNE69_02905		None	None
gene-VNE69_02166	rna-XM_065472717.1	PF00046.36	Partial	None
gene-VNE69_02167	rna-XM_065472718.1	PF12762.14	Partial	None
gene-VNE69_02168	rna-XM_065472719.1		None	None
gene-VNE69_02169	rna-XM_065472720.1		None	None
gene-VNE69_02170	rna-XM_065472721.1		None	None
gene-VNE69_02171	rna-XM_065472722.1		None	None
gene-VNE69_02172	rna-XM_065472723.1	PF00233.26	Partial	None
gene-VNE69_02173	rna-XM_065472724.1		None	None
gene-VNE69_02174	rna-XM_065472725.1		None	None
gene-VNE69_02175	rna-XM_065472726.1	PF00233.26	Partial	None
gene-VNE69_02176	rna-XM_065472727.1		None	None
gene-VNE69_02177	rna-XM_065472728.1		None	None
gene-VNE69_02178	rna-XM_065472729.1	PF00233.26	Partial	None
gene-VNE69_02906	gene-VNE69_02906		None	None
gene-VNE69_02801	gene-VNE69_02801		None	None
gene-VNE69_02802	gene-VNE69_02802		None	None
gene-VNE69_02179	rna-XM_065472730.1	PF00817.26,PF11799.14	Complete	None
gene-VNE69_02180	rna-XM_065472731.1		None	None
gene-VNE69_02180	rna-XM_065472732.1	PF00078.33	Complete	None
gene-VNE69_02181	rna-XM_065472733.1		None	None
gene-VNE69_02182	rna-XM_065472734.1		None	None
gene-VNE69_02183	rna-XM_065472735.1		None	None
gene-VNE69_02184	rna-XM_065472736.1		None	None
gene-VNE69_02185	rna-XM_065472737.1		None	None
gene-VNE69_02186	rna-XM_065472738.1		None	None
gene-VNE69_02187	rna-XM_065472739.1	PF05193.27,PF22456.2	Complete	None
gene-VNE69_02188	rna-XM_065472740.1		None	None
gene-VNE69_02189	rna-XM_065472741.1		None	None
gene-VNE69_02190	rna-XM_065472742.1		None	None
gene-VNE69_02191	rna-XM_065472743.1		None	None
gene-VNE69_02192	rna-XM_065472744.1	PF01189.24,PF01728.26,PF17125.11,PF22458.2	Partial	None
gene-VNE69_02193	rna-XM_065472745.1		None	None
gene-VNE69_02194	rna-XM_065472746.1	PF00249.38	Complete	None
gene-VNE69_02195	rna-XM_065472747.1	PF12678.14,PF12861.14,PF13639.13	Partial	None
gene-VNE69_02196	rna-XM_065472748.1		None	None
gene-VNE69_02197	rna-XM_065472749.1		None	None
gene-VNE69_02198	rna-XM_065472750.1	PF10198.15	Partial	None
gene-VNE69_02199	rna-XM_065472751.1	PF01139.23	Partial	None
gene-VNE69_02200	rna-XM_065472752.1	PF00082.28,PF05922.22	Partial	None
gene-VNE69_02201	rna-XM_065472753.1		None	None
gene-VNE69_02202	rna-XM_065472754.1		None	None
gene-VNE69_02203	rna-XM_065472755.1		None	None
gene-VNE69_02204	rna-XM_065472756.1	PF02463.26,PF06470.19	Complete	None
gene-VNE69_02205	rna-XM_065472757.1	PF00924.25	Complete	None
gene-VNE69_02206	rna-XM_065472758.1		None	None
gene-VNE69_02207	rna-XM_065472759.1		None	None
gene-VNE69_02208	rna-XM_065472760.1		None	None
gene-VNE69_02209	rna-XM_065472761.1		None	None
gene-VNE69_02210	rna-XM_065472762.1		None	None
gene-VNE69_02211	rna-XM_065472763.1		None	None
gene-VNE69_02212	rna-XM_065472764.1		None	None
gene-VNE69_02213	rna-XM_065472765.1		None	None
gene-VNE69_02214	rna-XM_065472766.1		None	None
gene-VNE69_02215	rna-XM_065472767.1		None	None
gene-VNE69_02216	rna-XM_065472768.1		None	None
gene-VNE69_02217	rna-XM_065472769.1	PF00348.23	Partial	None
gene-VNE69_02218	rna-XM_065472770.1		None	None
gene-VNE69_02219	rna-XM_065472771.1		None	None
gene-VNE69_02220	rna-XM_065472772.1		None	None
gene-VNE69_02220	rna-XM_065472773.1		None	None
gene-VNE69_02220	rna-XM_065472774.1		None	None
gene-VNE69_02221	rna-XM_065472775.1		None	None
gene-VNE69_02222	rna-XM_065472776.1	PF16531.11	Partial	None
gene-VNE69_02223	rna-XM_065472777.1		None	None
gene-VNE69_02224	rna-XM_065472778.1		None	None
gene-VNE69_02225	rna-XM_065472779.1		None	None
gene-VNE69_02226	rna-XM_065472780.1		None	None
gene-VNE69_02227	rna-XM_065472781.1		None	None
gene-VNE69_02228	rna-XM_065472782.1		None	None
gene-VNE69_02229	rna-XM_065472783.1		None	None
gene-VNE69_02230	rna-XM_065472784.1		None	None
gene-VNE69_02231	rna-XM_065472785.1		None	None
gene-VNE69_02232	rna-XM_065472786.1	PF00625.28,PF00910.29,PF13238.13	Partial	None
gene-VNE69_02233	rna-XM_065472787.1	PF00632.31	Partial	None
gene-VNE69_02234	rna-XM_065472788.1	PF00400.39,PF00400.39,PF00400.39,PF00400.39,PF06957.18,PF23953.2	Complete	None
gene-VNE69_02235	rna-XM_065472789.1	PF00168.37,PF00168.37,PF25669.2	Complete	None
gene-VNE69_02236	rna-XM_065472790.1	PF04969.23	Partial	None
gene-VNE69_02237	rna-XM_065472791.1	PF00924.25	Complete	None
gene-VNE69_02238	rna-XM_065472792.1	PF00004.36,PF00004.36,PF05496.19,PF07728.21,PF17862.8,PF17862.8	Complete	None
gene-VNE69_02239	rna-XM_065472793.1		None	None
gene-VNE69_02240	rna-XM_065472794.1		None	None
gene-VNE69_02241	rna-XM_065472795.1		None	None
gene-VNE69_02242	rna-XM_065472796.1		None	None
gene-VNE69_02243	rna-XM_065472797.1		None	None
gene-VNE69_02244	rna-XM_065472798.1		None	None
gene-VNE69_02245	rna-XM_065472799.1		None	None
gene-VNE69_02246	rna-XM_065472800.1		None	None
gene-VNE69_02247	rna-XM_065472801.1		None	None
gene-VNE69_02248	rna-XM_065472802.1		None	None
gene-VNE69_02249	rna-XM_065472803.1		None	None
gene-VNE69_02250	rna-XM_065472804.1		None	None
gene-VNE69_02251	rna-XM_065472805.1	PF00400.39,PF00400.39,PF00400.39,PF00400.39	Complete	None
gene-VNE69_02252	rna-XM_065472806.1	PF01491.23	Partial	None
gene-VNE69_02253	rna-XM_065472807.1	PF00069.32,PF00130.29,PF07714.24,PF14531.13	Complete	None
gene-VNE69_02254	rna-XM_065472808.1	PF02291.22,PF07524.20,PF15630.13	Partial	None
gene-VNE69_02255	rna-XM_065472809.1		None	None
gene-VNE69_02256	rna-XM_065472810.1		None	None
gene-VNE69_02257	rna-XM_065472811.1		None	None
gene-VNE69_02258	rna-XM_065472812.1		None	None
gene-VNE69_02259	rna-XM_065472813.1		None	None
gene-VNE69_02260	rna-XM_065472814.1		None	None
gene-VNE69_02261	rna-XM_065472815.1		None	None
gene-VNE69_02262	rna-XM_065472816.1		None	None
gene-VNE69_02263	rna-XM_065472817.1		None	None
gene-VNE69_02264	rna-XM_065472818.1		None	None
gene-VNE69_02265	rna-XM_065472819.1		None	None
gene-VNE69_02266	rna-XM_065472820.1	PF02463.26,PF06470.19,PF13175.13,PF13476.13,PF13555.13	Complete	None
gene-VNE69_02267	rna-XM_065472821.1	PF04410.21	Partial	None
gene-VNE69_02268	rna-XM_065472822.1	PF00620.33	Partial	None
gene-VNE69_02907	gene-VNE69_02907		None	None
gene-VNE69_02269	rna-XM_065472823.1		None	None
gene-VNE69_02270	rna-XM_065472824.1		None	None
gene-VNE69_02271	rna-XM_065472825.1	PF00226.37	Complete	None
gene-VNE69_02272	rna-XM_065472826.1	PF04104.20,PF26466.1	Partial	None
gene-VNE69_02273	rna-XM_065472827.1		None	None
gene-VNE69_02274	rna-XM_065472828.1	PF01125.23	Partial	None
gene-VNE69_02275	rna-XM_065472829.1		None	None
gene-VNE69_02276	rna-XM_065472830.1		None	None
gene-VNE69_02277	rna-XM_065472831.1		None	None
gene-VNE69_02278	rna-XM_065472832.1		None	None
gene-VNE69_02279	rna-XM_065472833.1		None	None
gene-VNE69_02280	rna-XM_065472834.1		None	None
gene-VNE69_02281	rna-XM_065472835.1		None	None
gene-VNE69_02282	rna-XM_065472836.1	PF00177.28	Partial	None
gene-VNE69_02283	rna-XM_065472837.1		None	None
gene-VNE69_02284	rna-XM_065472838.1	PF00118.30	Partial	None
gene-VNE69_02285	rna-XM_065472839.1	PF00046.36	Partial	None
gene-VNE69_02286	rna-XM_065472840.1		None	None
gene-VNE69_02287	rna-XM_065472841.1	PF03874.22	Partial	None
gene-VNE69_02288	rna-XM_065472842.1		None	None
gene-VNE69_02289	rna-XM_065472843.1	PF00735.25	Partial	None
gene-VNE69_02290	rna-XM_065472844.1	PF00514.30,PF00514.30,PF01749.27	Complete	None
gene-VNE69_02291	rna-XM_065472845.1	PF00155.28,PF00266.26,PF01041.24,PF01212.28	Partial	None
gene-VNE69_02292	rna-XM_065472846.1		None	None
gene-VNE69_02293	rna-XM_065472847.1	PF09174.16	Partial	None
gene-VNE69_02294	rna-XM_065472848.1		None	None
gene-VNE69_02295	rna-XM_065472849.1		None	None
gene-VNE69_02296	rna-XM_065472850.1		None	None
gene-VNE69_02297	rna-XM_065472851.1		None	None
gene-VNE69_03001	rna-XM_065472852.1	PF00077.26,PF00078.33,PF00665.33,PF13975.12,PF17917.8,PF17919.8,PF17921.8	Complete	None
gene-VNE69_03001	rna-XM_065472853.1	PF00077.26,PF13975.12	Complete	None
gene-VNE69_03002	rna-XM_065472854.1		None	None
gene-VNE69_03003	rna-XM_065472855.1	PF00046.36	Partial	None
gene-VNE69_03004	rna-XM_065472856.1		None	None
gene-VNE69_03005	rna-XM_065472857.1		None	None
gene-VNE69_03006	rna-XM_065472858.1		None	None
gene-VNE69_03007	rna-XM_065472859.1		None	None
gene-VNE69_03008	rna-XM_065472860.1		None	None
gene-VNE69_03009	rna-XM_065472861.1		None	None
gene-VNE69_03010	rna-XM_065472862.1		None	None
gene-VNE69_03011	rna-XM_065472863.1	PF00046.36,PF05920.18	Partial	None
gene-VNE69_03012	rna-XM_065472864.1	PF04468.18	Partial	None
gene-VNE69_03013	rna-XM_065472865.1	PF24894.2	Complete	None
gene-VNE69_03014	rna-XM_065472866.1	PF01472.27,PF26292.1	Partial	None
gene-VNE69_03015	rna-XM_065472867.1	PF01435.25	Partial	None
gene-VNE69_03016	rna-XM_065472868.1	PF00227.32,PF10584.15	Partial	None
gene-VNE69_03017	rna-XM_065472869.1		None	None
gene-VNE69_03018	rna-XM_065472870.1	PF12295.14	Complete	None
gene-VNE69_03019	rna-XM_065472871.1		None	None
gene-VNE69_03020	rna-XM_065472872.1	PF15469.13	Partial	None
gene-VNE69_03021	rna-XM_065472873.1	PF03062.25	Partial	None
gene-VNE69_03022	rna-XM_065472874.1		None	None
gene-VNE69_03023	rna-XM_065472875.1	PF04387.20	Partial	None
gene-VNE69_03024	rna-XM_065472876.1	PF00076.29	Partial	None
gene-VNE69_03025	rna-XM_065472877.1		None	None
gene-VNE69_03026	rna-XM_065472878.1	PF00270.36,PF00271.38,PF04851.22	Complete	None
gene-VNE69_03027	rna-XM_065472879.1		None	None
gene-VNE69_03028	rna-XM_065472880.1		None	None
gene-VNE69_03029	rna-XM_065472881.1	PF00163.25	Partial	None
gene-VNE69_03030	rna-XM_065472882.1	PF07535.19	Partial	None
gene-VNE69_03031	rna-XM_065472883.1	PF00227.32	Partial	None
gene-VNE69_03032	rna-XM_065472884.1	PF01148.26	Partial	None
gene-VNE69_03033	rna-XM_065472885.1	PF01423.29	Partial	None
gene-VNE69_03034	rna-XM_065472886.1		None	None
gene-VNE69_03035	rna-XM_065472887.1	PF04097.21	Partial	None
gene-VNE69_03036	rna-XM_065472888.1	PF00118.30	Partial	None
gene-VNE69_03037	rna-XM_065472889.1	PF00125.31,PF00808.30	Partial	None
gene-VNE69_03038	rna-XM_065472890.1		None	None
gene-VNE69_03039	rna-XM_065472891.1		None	None
gene-VNE69_03040	rna-XM_065472892.1		None	None
gene-VNE69_03041	rna-XM_065472893.1		None	None
gene-VNE69_03042	rna-XM_065472894.1	PF00136.27,PF03104.26,PF14260.12	Complete	None
gene-VNE69_03043	rna-XM_065472895.1	PF00227.32	Partial	None
gene-VNE69_03044	rna-XM_065472896.1	PF00097.32,PF08783.18,PF13445.13,PF13696.12,PF13920.13,PF13923.13,PF30896.1	Complete	None
gene-VNE69_03045	rna-XM_065472897.1	PF07540.17	Partial	None
gene-VNE69_03046	rna-XM_065472898.1	PF08772.17,PF17146.11	Complete	None
gene-VNE69_03047	rna-XM_065472899.1		None	None
gene-VNE69_03048	rna-XM_065472900.1	PF00307.37,PF00307.37	Partial	None
gene-VNE69_03049	rna-XM_065472901.1		None	None
gene-VNE69_03050	rna-XM_065472902.1	PF05236.21	Partial	None
gene-VNE69_03051	rna-XM_065472903.1	PF17006.11	Partial	None
gene-VNE69_03052	rna-XM_065472904.1	PF08221.18	Partial	None
gene-VNE69_03053	rna-XM_065472905.1	PF03690.19	Partial	None
gene-VNE69_03054	rna-XM_065472906.1	PF00004.36,PF07728.21	Partial	None
gene-VNE69_03055	rna-XM_065472907.1		None	None
gene-VNE69_03056	rna-XM_065472908.1		None	None
gene-VNE69_03057	rna-XM_065472909.1		None	None
gene-VNE69_03058	rna-XM_065472910.1	PF01981.22	Partial	None
gene-VNE69_03059	rna-XM_065472911.1		None	None
gene-VNE69_03060	rna-XM_065472912.1	PF01529.26	Partial	None
gene-VNE69_03061	rna-XM_065472913.1	PF17016.11	Partial	None
gene-VNE69_03062	rna-XM_065472914.1		None	None
gene-VNE69_03901	gene-VNE69_03901		None	None
gene-VNE69_03063	rna-XM_065472915.1	PF00078.33,PF12009.14	Complete	None
gene-VNE69_03064	rna-XM_065472916.1	PF01331.26,PF03919.22	Complete	None
gene-VNE69_03065	rna-XM_065472917.1	PF00560.40,PF12799.14,PF13855.13,PF13855.13	Complete	None
gene-VNE69_03066	rna-XM_065472918.1	PF00929.32	Partial	None
gene-VNE69_03067	rna-XM_065472919.1		None	None
gene-VNE69_03068	rna-XM_065472920.1	PF00025.28,PF00071.29,PF01926.30,PF04670.19,PF08477.20	Partial	None
gene-VNE69_03069	rna-XM_065472921.1		None	None
gene-VNE69_03070	rna-XM_065472922.1	PF02301.24,PF02301.24	Partial	None
gene-VNE69_03071	rna-XM_065472923.1		None	None
gene-VNE69_03072	rna-XM_065472924.1		None	None
gene-VNE69_03073	rna-XM_065472925.1		None	None
gene-VNE69_03074	rna-XM_065472926.1	PF00317.27,PF02867.21	Complete	None
gene-VNE69_03075	rna-XM_065472927.1	PF13855.13	Complete	None
gene-VNE69_03076	rna-XM_065472928.1		None	None
gene-VNE69_03077	rna-XM_065472929.1	PF00270.36,PF00271.38,PF04851.22	Complete	None
gene-VNE69_03078	rna-XM_065472930.1	PF00814.32	Partial	None
gene-VNE69_03079	rna-XM_065472931.1	PF00344.26,PF10559.15	Partial	None
gene-VNE69_03080	rna-XM_065472932.1		None	None
gene-VNE69_03081	rna-XM_065472933.1	PF00439.31,PF25316.2,PF25577.2	Complete	None
gene-VNE69_03082	rna-XM_065472934.1	PF00097.32,PF13920.13	Complete	None
gene-VNE69_03083	rna-XM_065472935.1		None	None
gene-VNE69_03084	rna-XM_065472936.1		None	None
gene-VNE69_03085	rna-XM_065472937.1	PF00009.34,PF01926.30,PF11987.14,PF14578.13	Complete	None
gene-VNE69_03086	rna-XM_065472938.1	PF04573.18	Partial	None
gene-VNE69_03087	rna-XM_065472939.1		None	None
gene-VNE69_03088	rna-XM_065472940.1		None	None
gene-VNE69_03089	rna-XM_065472941.1	PF00632.31	Partial	None
gene-VNE69_03090	rna-XM_065472942.1	PF00632.31	Partial	None
gene-VNE69_03091	rna-XM_065472943.1		None	None
gene-VNE69_03092	rna-XM_065472944.1		None	None
gene-VNE69_03093	rna-XM_065472945.1	PF04098.22	Partial	None
gene-VNE69_03094	rna-XM_065472946.1	PF04178.19	Partial	None
gene-VNE69_03095	rna-XM_065472947.1	PF14634.13	Partial	None
gene-VNE69_03096	rna-XM_065472948.1		None	None
gene-VNE69_03097	rna-XM_065472949.1		None	None
gene-VNE69_03098	rna-XM_065472950.1		None	None
gene-VNE69_03099	rna-XM_065472951.1		None	None
gene-VNE69_03100	rna-XM_065472952.1		None	None
gene-VNE69_03101	rna-XM_065472953.1	PF12895.14	Partial	None
gene-VNE69_03102	rna-XM_065472954.1	PF00899.28	Partial	None
gene-VNE69_03103	rna-XM_065472955.1		None	None
gene-VNE69_03104	rna-XM_065472956.1		None	None
gene-VNE69_03105	rna-XM_065472957.1	PF08676.17	Partial	None
gene-VNE69_03902	gene-VNE69_03902		None	None
gene-VNE69_03106	rna-XM_065472958.1	PF02535.29	Partial	None
gene-VNE69_03107	rna-XM_065472959.1		None	None
gene-VNE69_03108	rna-XM_065472960.1	PF03159.25,PF17846.7,PF17846.7	Partial	None
gene-VNE69_03109	rna-XM_065472961.1	PF00485.25	Partial	None
gene-VNE69_03110	rna-XM_065472962.1	PF04042.22,PF18018.8	Partial	None
gene-VNE69_03111	rna-XM_065472963.1		None	None
gene-VNE69_03112	rna-XM_065472964.1		None	None
gene-VNE69_03113	rna-XM_065472965.1	PF00155.28	Partial	None
gene-VNE69_03114	rna-XM_065472966.1	PF00233.26	Partial	None
gene-VNE69_03115	rna-XM_065472967.1	PF13848.13	Partial	None
gene-VNE69_03116	rna-XM_065472968.1		None	None
gene-VNE69_03117	rna-XM_065472969.1	PF00850.25	Partial	None
gene-VNE69_03118	rna-XM_065472970.1		None	None
gene-VNE69_03119	rna-XM_065472971.1	PF01728.26	Partial	None
gene-VNE69_03119	rna-XM_065472972.1	PF01728.26	Partial	None
gene-VNE69_03120	rna-XM_065472973.1		None	None
gene-VNE69_03121	rna-XM_065472974.1	PF00224.28	Partial	None
gene-VNE69_03122	rna-XM_065472975.1	PF04178.19	Partial	None
gene-VNE69_03123	rna-XM_065472976.1		None	None
gene-VNE69_03124	rna-XM_065472977.1	PF09133.16	Partial	None
gene-VNE69_03125	rna-XM_065472978.1		None	None
gene-VNE69_03125	rna-XM_065472979.1		None	None
gene-VNE69_03126	rna-XM_065472980.1		None	None
gene-VNE69_03127	rna-XM_065472981.1		None	None
gene-VNE69_03128	rna-XM_065472982.1		None	None
gene-VNE69_03129	rna-XM_065472983.1		None	None
gene-VNE69_03130	rna-XM_065472984.1		None	None
gene-VNE69_03131	rna-XM_065472985.1		None	None
gene-VNE69_03132	rna-XM_065472986.1		None	None
gene-VNE69_03133	rna-XM_065472987.1		None	None
gene-VNE69_03134	rna-XM_065472988.1		None	None
gene-VNE69_03135	rna-XM_065472989.1	PF23411.2	Partial	None
gene-VNE69_03136	rna-XM_065472990.1		None	None
gene-VNE69_03137	rna-XM_065472991.1	PF01916.24	Partial	None
gene-VNE69_03138	rna-XM_065472992.1	PF01504.25	Partial	None
gene-VNE69_03139	rna-XM_065472993.1	PF01900.25	Partial	None
gene-VNE69_03140	rna-XM_065472994.1		None	None
gene-VNE69_03141	rna-XM_065472995.1		None	None
gene-VNE69_03142	rna-XM_065472996.1		None	None
gene-VNE69_03143	rna-XM_065472997.1		None	None
gene-VNE69_03144	rna-XM_065472998.1		None	None
gene-VNE69_03145	rna-XM_065472999.1		None	None
gene-VNE69_03146	rna-XM_065473000.1	PF00097.32	Partial	None
gene-VNE69_03147	rna-XM_065473001.1	PF10058.15,PF31016.1	Complete	None
gene-VNE69_03148	rna-XM_065473002.1	PF05903.21	Partial	None
gene-VNE69_03149	rna-XM_065473003.1	PF05383.24	Partial	None
gene-VNE69_03150	rna-XM_065473004.1	PF00227.32	Partial	None
gene-VNE69_03903	gene-VNE69_03903		None	None
gene-VNE69_03151	rna-XM_065473005.1		None	None
gene-VNE69_03152	rna-XM_065473006.1		None	None
gene-VNE69_03153	rna-XM_065473007.1		None	None
gene-VNE69_03154	rna-XM_065473008.1	PF00004.36	Partial	None
gene-VNE69_03155	rna-XM_065473009.1		None	None
gene-VNE69_03156	rna-XM_065473010.1	PF00078.33,PF17917.8,PF17919.8	Complete	None
gene-VNE69_03157	rna-XM_065473011.1	PF12762.14	Partial	None
gene-VNE69_03158	rna-XM_065473012.1		None	None
gene-VNE69_03158	rna-XM_065473013.1		None	None
gene-VNE69_03158	rna-XM_065473014.1		None	None
gene-VNE69_03159	rna-XM_065473015.1		None	None
gene-VNE69_03159	rna-XM_065473016.1		None	None
gene-VNE69_03159	rna-XM_065473017.1		None	None
gene-VNE69_03160	rna-XM_065473018.1		None	None
gene-VNE69_03161	rna-XM_065473019.1		None	None
gene-VNE69_03162	rna-XM_065473020.1	PF01406.26,PF09334.18,PF09334.18	Partial	None
gene-VNE69_03163	rna-XM_065473021.1		None	None
gene-VNE69_03164	rna-XM_065473022.1		None	None
gene-VNE69_03165	rna-XM_065473023.1	PF17020.11	Partial	None
gene-VNE69_03166	rna-XM_065473024.1		None	None
gene-VNE69_03167	rna-XM_065473025.1	PF00085.27,PF13848.13	Complete	None
gene-VNE69_03168	rna-XM_065473026.1		None	None
gene-VNE69_03169	rna-XM_065473027.1	PF17011.11	Partial	None
gene-VNE69_03170	rna-XM_065473028.1		None	None
gene-VNE69_03171	rna-XM_065473029.1	PF01798.24,PF08156.19	Partial	None
gene-VNE69_03172	rna-XM_065473030.1	PF01300.25,PF03481.20	Partial	None
gene-VNE69_03173	rna-XM_065473031.1	PF00752.24,PF00867.24	Complete	None
gene-VNE69_03174	rna-XM_065473032.1		None	None
gene-VNE69_03175	rna-XM_065473033.1	PF01926.30,PF08153.18	Complete	None
gene-VNE69_03175	rna-XM_065473034.1	PF01926.30	Partial	None
gene-VNE69_03176	rna-XM_065473035.1	PF13499.13,PF13833.13	Partial	None
gene-VNE69_03177	rna-XM_065473036.1	PF10313.16	Complete	None
gene-VNE69_03178	rna-XM_065473037.1		None	None
gene-VNE69_03179	rna-XM_065473038.1		None	None
gene-VNE69_03180	rna-XM_065473039.1	PF10551.16	Partial	None
gene-VNE69_03181	rna-XM_065473040.1		None	None
gene-VNE69_03182	rna-XM_065473041.1		None	None
gene-VNE69_03182	rna-XM_065473042.1		None	None
gene-VNE69_03183	rna-XM_065473043.1		None	None
gene-VNE69_03184	rna-XM_065473044.1	PF10313.16	Complete	None
gene-VNE69_03185	rna-XM_065473045.1	PF13499.13,PF13833.13	Partial	None
gene-VNE69_03186	rna-XM_065473046.1	PF01926.30,PF08153.18	Complete	None
gene-VNE69_03187	rna-XM_065473047.1		None	None
gene-VNE69_03188	rna-XM_065473048.1	PF00752.24,PF00867.24	Complete	None
gene-VNE69_03189	rna-XM_065473049.1	PF01300.25,PF03481.20	Partial	None
gene-VNE69_03190	rna-XM_065473050.1	PF01798.24	Partial	None
gene-VNE69_03191	rna-XM_065473051.1		None	None
gene-VNE69_03192	rna-XM_065473052.1	PF17011.11	Partial	None
gene-VNE69_03193	rna-XM_065473053.1		None	None
gene-VNE69_03194	rna-XM_065473054.1	PF00085.27,PF13848.13	Complete	None
gene-VNE69_03195	rna-XM_065473055.1		None	None
gene-VNE69_03196	rna-XM_065473056.1	PF17020.11	Partial	None
gene-VNE69_03197	rna-XM_065473057.1		None	None
gene-VNE69_03198	rna-XM_065473058.1		None	None
gene-VNE69_03199	rna-XM_065473059.1		None	None
gene-VNE69_03200	rna-XM_065473060.1	PF01406.26,PF09334.18,PF09334.18	Partial	None
gene-VNE69_03201	rna-XM_065473061.1		None	None
gene-VNE69_03202	rna-XM_065473062.1		None	None
gene-VNE69_03203	rna-XM_065473063.1		None	None
gene-VNE69_03204	rna-XM_065473064.1		None	None
gene-VNE69_03205	rna-XM_065473065.1		None	None
gene-VNE69_03206	rna-XM_065473066.1		None	None
gene-VNE69_03207	rna-XM_065473067.1	PF03800.21	Partial	None
gene-VNE69_03208	rna-XM_065473068.1		None	None
gene-VNE69_03209	rna-XM_065473069.1		None	None
gene-VNE69_03210	rna-XM_065473070.1		None	None
gene-VNE69_03210	rna-XM_065473071.1		None	None
gene-VNE69_03211	rna-XM_065473072.1	PF03878.21	Partial	None
gene-VNE69_03212	rna-XM_065473073.1	PF08553.17	Partial	None
gene-VNE69_03213	rna-XM_065473074.1	PF00565.24	Partial	None
gene-VNE69_03214	rna-XM_065473075.1	PF00175.27,PF00667.27	Complete	None
gene-VNE69_03215	rna-XM_065473076.1		None	None
gene-VNE69_03216	rna-XM_065473077.1		None	None
gene-VNE69_03217	rna-XM_065473078.1	PF01207.24	Partial	None
gene-VNE69_03218	rna-XM_065473079.1		None	None
gene-VNE69_03219	rna-XM_065473080.1	PF00400.39,PF00400.39,PF09070.17	Complete	None
gene-VNE69_03220	rna-XM_065473081.1	PF04161.19	Partial	None
gene-VNE69_03221	rna-XM_065473082.1	PF00501.35,PF13193.13,PF16177.12	Complete	None
gene-VNE69_03222	rna-XM_065473083.1	PF00288.33	Partial	None
gene-VNE69_03223	rna-XM_065473084.1	PF01496.25,PF01496.25	Partial	None
gene-VNE69_03224	rna-XM_065473085.1		None	None
gene-VNE69_03225	rna-XM_065473086.1		None	None
gene-VNE69_03226	rna-XM_065473087.1		None	None
gene-VNE69_03227	rna-XM_065473088.1		None	None
gene-VNE69_03228	rna-XM_065473089.1	PF01255.25,PF01255.25	Partial	None
gene-VNE69_03229	rna-XM_065473090.1		None	None
gene-VNE69_03230	rna-XM_065473091.1	PF00176.30,PF00271.38,PF04851.22,PF11496.15,PF13892.12	Complete	None
gene-VNE69_03231	rna-XM_065473092.1		None	None
gene-VNE69_03232	rna-XM_065473093.1	PF00488.28	Complete	None
gene-VNE69_03233	rna-XM_065473094.1	PF07522.20	Complete	None
gene-VNE69_03234	rna-XM_065473095.1	PF00004.36,PF07724.21,PF07728.21,PF16450.12,PF17862.8,PF20720.4	Complete	None
gene-VNE69_03235	rna-XM_065473096.1		None	None
gene-VNE69_03236	rna-XM_065473097.1		None	None
gene-VNE69_03237	rna-XM_065473098.1		None	None
gene-VNE69_03238	rna-XM_065473099.1	PF03134.25	Partial	None
gene-VNE69_03239	rna-XM_065473100.1	PF00383.30,PF14437.13	Partial	None
gene-VNE69_03240	rna-XM_065473101.1	PF00063.28,PF01843.26	Complete	None
gene-VNE69_03241	rna-XM_065473102.1		None	None
gene-VNE69_03242	rna-XM_065473103.1		None	None
gene-VNE69_03243	rna-XM_065473104.1	PF00160.27	Partial	None
gene-VNE69_03244	rna-XM_065473105.1		None	None
gene-VNE69_03245	rna-XM_065473106.1		None	None
gene-VNE69_03246	rna-XM_065473107.1		None	None
gene-VNE69_03247	rna-XM_065473108.1		None	None
gene-VNE69_03248	rna-XM_065473109.1		None	None
gene-VNE69_03801	gene-VNE69_03801		None	None
gene-VNE69_03802	gene-VNE69_03802		None	None
gene-VNE69_03249	rna-XM_065473110.1	PF08284.17,PF13650.12,PF13975.12	Complete	None
gene-VNE69_03250	rna-XM_065473111.1	PF12762.14	Partial	None
gene-VNE69_03251	rna-XM_065473112.1	PF13650.12,PF13975.12	Partial	None
gene-VNE69_03252	rna-XM_065473113.1		None	None
gene-VNE69_03253	rna-XM_065473114.1		None	None
gene-VNE69_03254	rna-XM_065473115.1		None	None
gene-VNE69_03254	rna-XM_065473116.1		None	None
gene-VNE69_03255	rna-XM_065473117.1	PF03372.30	Partial	None
gene-VNE69_03256	rna-XM_065473118.1		None	None
gene-VNE69_03803	gene-VNE69_03803		None	None
gene-VNE69_03804	gene-VNE69_03804		None	None
gene-VNE69_03257	rna-XM_065473119.1		None	None
gene-VNE69_03258	rna-XM_065473120.1		None	None
gene-VNE69_03259	rna-XM_065473121.1	PF00078.33,PF00665.33,PF13650.12,PF13975.12,PF17917.8,PF17919.8,PF17921.8	Complete	None
gene-VNE69_03805	gene-VNE69_03805		None	None
gene-VNE69_03806	gene-VNE69_03806		None	None
gene-VNE69_03260	rna-XM_065473122.1	PF07534.23	Partial	None
gene-VNE69_03261	rna-XM_065473123.1	PF00149.34	Partial	None
gene-VNE69_03262	rna-XM_065473124.1	PF00176.30,PF00270.36,PF00271.38,PF04851.22,PF13625.12,PF16203.12	Complete	None
gene-VNE69_03263	rna-XM_065473125.1		None	None
gene-VNE69_03264	rna-XM_065473126.1		None	None
gene-VNE69_03265	rna-XM_065473127.1		None	None
gene-VNE69_03266	rna-XM_065473128.1		None	None
gene-VNE69_03267	rna-XM_065473129.1	PF00561.27,PF12146.16	Partial	None
gene-VNE69_03268	rna-XM_065473130.1		None	None
gene-VNE69_03269	rna-XM_065473131.1	PF00888.30	Partial	None
gene-VNE69_03270	rna-XM_065473132.1	PF00702.33,PF13419.13	Partial	None
gene-VNE69_03271	rna-XM_065473133.1		None	None
gene-VNE69_03272	rna-XM_065473134.1	PF00350.30,PF01031.26	Partial	None
gene-VNE69_03273	rna-XM_065473135.1	PF03850.21	Partial	None
gene-VNE69_03274	rna-XM_065473136.1	PF03031.25	Partial	None
gene-VNE69_03275	rna-XM_065473137.1	PF16589.13	Partial	None
gene-VNE69_03276	rna-XM_065473138.1		None	None
gene-VNE69_03277	rna-XM_065473139.1		None	None
gene-VNE69_03278	rna-XM_065473140.1	PF00702.33,PF13419.13	Partial	None
gene-VNE69_03279	rna-XM_065473141.1	PF00888.30	Partial	None
gene-VNE69_03280	rna-XM_065473142.1		None	None
gene-VNE69_03281	rna-XM_065473143.1		None	None
gene-VNE69_03282	rna-XM_065473144.1	PF03870.22	Partial	None
gene-VNE69_03283	rna-XM_065473145.1	PF00524.24	Partial	None
gene-VNE69_03284	rna-XM_065473146.1	PF00226.37,PF23302.2	Partial	None
gene-VNE69_03285	rna-XM_065473147.1	PF03029.24	Partial	None
gene-VNE69_03286	rna-XM_065473148.1		None	None
gene-VNE69_03287	rna-XM_065473149.1	PF00005.34,PF01061.30	Partial	None
gene-VNE69_03288	rna-XM_065473150.1	PF08640.18	Partial	None
gene-VNE69_03289	rna-XM_065473151.1	PF00623.26,PF04983.24,PF04997.18,PF04998.23,PF05000.23	Complete	None
gene-VNE69_03290	rna-XM_065473152.1	PF00349.28	Partial	None
gene-VNE69_03291	rna-XM_065473153.1		None	None
gene-VNE69_03904	gene-VNE69_03904		None	None
gene-VNE69_03292	rna-XM_065473154.1	PF13640.13,PF13661.13	Partial	None
gene-VNE69_03293	rna-XM_065473155.1	PF00111.33	Partial	None
gene-VNE69_03294	rna-XM_065473156.1	PF08711.17	Partial	None
gene-VNE69_03295	rna-XM_065473157.1	PF02463.26,PF06470.19,PF13304.13	Complete	None
gene-VNE69_03296	rna-XM_065473158.1	PF00004.36,PF07728.21	Partial	None
gene-VNE69_03297	rna-XM_065473159.1		None	None
gene-VNE69_03905	gene-VNE69_03905		None	None
gene-VNE69_03298	rna-XM_065473160.1		None	None
gene-VNE69_03299	rna-XM_065473161.1	PF00004.36,PF13086.13	Partial	None
gene-VNE69_03300	rna-XM_065473162.1		None	None
gene-VNE69_03301	rna-XM_065473163.1	PF00230.26	Partial	None
gene-VNE69_03302	rna-XM_065473164.1		None	None
gene-VNE69_03906	gene-VNE69_03906		None	None
gene-VNE69_03303	rna-XM_065473165.1	PF02585.23	Partial	None
gene-VNE69_03304	rna-XM_065473166.1		None	None
gene-VNE69_03305	rna-XM_065473167.1	PF05620.17	Partial	None
gene-VNE69_03306	rna-XM_065473168.1		None	None
gene-VNE69_03307	rna-XM_065473169.1	PF05020.21,PF05021.21,PF11543.16	Partial	None
gene-VNE69_03308	rna-XM_065473170.1	PF00226.37,PF00684.26,PF01556.24	Complete	None
gene-VNE69_03309	rna-XM_065473171.1	PF00400.39,PF00400.39,PF00400.39,PF00400.39,PF12265.15	Complete	None
gene-VNE69_03310	rna-XM_065473172.1	PF00069.32,PF07714.24,PF14531.13	Partial	None
gene-VNE69_03311	rna-XM_065473173.1		None	None
gene-VNE69_03312	rna-XM_065473174.1	PF01105.30	Partial	None
gene-VNE69_03313	rna-XM_065473175.1		None	None
gene-VNE69_03313	rna-XM_065473176.1	PF00270.36,PF00271.38,PF02889.22,PF04851.22,PF22527.3,PF23445.2	Complete	None
gene-VNE69_03314	rna-XM_065473177.1		None	None
gene-VNE69_03315	rna-XM_065473178.1	PF00044.31,PF02800.27	Partial	None
gene-VNE69_03316	rna-XM_065473179.1	PF09763.16	Partial	None
gene-VNE69_03317	rna-XM_065473180.1	PF00069.32,PF07714.24	Partial	None
gene-VNE69_03318	rna-XM_065473181.1	PF00097.32,PF13639.13,PF13923.13,PF17123.12	Complete	None
gene-VNE69_03319	rna-XM_065473182.1		None	None
gene-VNE69_03907	gene-VNE69_03907		None	None
gene-VNE69_03320	rna-XM_065473183.1	PF04729.20	Partial	None
gene-VNE69_03321	rna-XM_065473184.1		None	None
gene-VNE69_03322	rna-XM_065473185.1		None	None
gene-VNE69_03323	rna-XM_065473186.1		None	None
gene-VNE69_03324	rna-XM_065473187.1		None	None
gene-VNE69_03325	rna-XM_065473188.1		None	None
gene-VNE69_03326	rna-XM_065473189.1		None	None
gene-VNE69_03327	rna-XM_065473190.1		None	None
gene-VNE69_03328	rna-XM_065473191.1		None	None
gene-VNE69_03329	rna-XM_065473192.1		None	None
gene-VNE69_03330	rna-XM_065473193.1	PF00428.25	Partial	None
gene-VNE69_03331	rna-XM_065473194.1	PF08645.18	Partial	None
gene-VNE69_03332	rna-XM_065473195.1		None	None
gene-VNE69_03333	rna-XM_065473196.1	PF00328.28	Partial	None
gene-VNE69_03334	rna-XM_065473197.1	PF00004.36,PF07728.21,PF16450.12,PF17862.8,PF21236.4	Complete	None
gene-VNE69_03335	rna-XM_065473198.1	PF17008.11	Partial	None
gene-VNE69_03336	rna-XM_065473199.1	PF09729.16	Partial	None
gene-VNE69_03337	rna-XM_065473200.1	PF02466.25	Partial	None
gene-VNE69_03338	rna-XM_065473201.1	PF02002.24	Partial	None
gene-VNE69_03339	rna-XM_065473202.1		None	None
gene-VNE69_03340	rna-XM_065473203.1		None	None
gene-VNE69_03341	rna-XM_065473204.1	PF00627.38	Complete	None
gene-VNE69_03342	rna-XM_065473205.1		None	None
gene-VNE69_03343	rna-XM_065473206.1	PF02906.20	Partial	None
gene-VNE69_03344	rna-XM_065473207.1	PF00097.32,PF13639.13,PF13923.13,PF17123.12	Complete	None
gene-VNE69_03345	rna-XM_065473208.1	PF03568.24	Partial	None
gene-VNE69_03346	rna-XM_065473209.1		None	None
gene-VNE69_03347	rna-XM_065473210.1	PF01656.30,PF10609.16,PF13614.13	Partial	None
gene-VNE69_03348	rna-XM_065473211.1		None	None
gene-VNE69_03349	rna-XM_065473212.1	PF10403.15,PF10405.16	Complete	None
gene-VNE69_03349	rna-XM_065473213.1		None	None
gene-VNE69_03350	rna-XM_065473214.1		None	None
gene-VNE69_03351	rna-XM_065473215.1		None	None
gene-VNE69_03352	rna-XM_065473216.1	PF12762.14	Partial	None
gene-VNE69_03353	rna-XM_065473217.1		None	None
gene-VNE69_03354	rna-XM_065473218.1	PF00443.36,PF13423.13	Partial	None
gene-VNE69_03355	rna-XM_065473219.1	PF13476.13	Partial	None
gene-VNE69_03356	rna-XM_065473220.1		None	None
gene-VNE69_03357	rna-XM_065473221.1	PF09103.17	Complete	None
gene-VNE69_03358	rna-XM_065473222.1		None	None
gene-VNE69_03359	rna-XM_065473223.1	PF02714.21,PF13967.12,PF14703.13	Complete	None
gene-VNE69_03360	rna-XM_065473224.1	PF01248.32	Partial	None
gene-VNE69_03361	rna-XM_065473225.1	PF17029.11	Partial	None
gene-VNE69_03362	rna-XM_065473226.1		None	None
gene-VNE69_03363	rna-XM_065473227.1	PF00493.30,PF07728.21,PF17207.10,PF17855.8	Complete	None
gene-VNE69_03364	rna-XM_065473228.1	PF00069.32,PF07714.24	Partial	None
gene-VNE69_03365	rna-XM_065473229.1	PF08238.19,PF08238.19,PF08238.19	Complete	None
gene-VNE69_03366	rna-XM_065473230.1	PF17009.11	Partial	None
gene-VNE69_03367	rna-XM_065473231.1		None	None
gene-VNE69_03368	rna-XM_065473232.1		None	None
gene-VNE69_03369	rna-XM_065473233.1		None	None
gene-VNE69_03370	rna-XM_065473234.1		None	None
gene-VNE69_03371	rna-XM_065473235.1		None	None
gene-VNE69_03372	rna-XM_065473236.1		None	None
gene-VNE69_03373	rna-XM_065473237.1		None	None
gene-VNE69_03374	rna-XM_065473238.1		None	None
gene-VNE69_03375	rna-XM_065473239.1		None	None
gene-VNE69_03376	rna-XM_065473240.1		None	None
gene-VNE69_03377	rna-XM_065473241.1		None	None
gene-VNE69_03378	rna-XM_065473242.1		None	None
gene-VNE69_03379	rna-XM_065473243.1		None	None
gene-VNE69_03807	gene-VNE69_03807		None	None
gene-VNE69_03380	rna-XM_065473244.1		None	None
gene-VNE69_04001	rna-XM_065473245.1		None	None
gene-VNE69_04002	rna-XM_065473246.1	PF00046.36	Partial	None
gene-VNE69_04003	rna-XM_065473247.1		None	None
gene-VNE69_04004	rna-XM_065473248.1		None	None
gene-VNE69_04005	rna-XM_065473249.1		None	None
gene-VNE69_04006	rna-XM_065473250.1	PF00632.31	Partial	None
gene-VNE69_04007	rna-XM_065473251.1		None	None
gene-VNE69_04008	rna-XM_065473252.1		None	None
gene-VNE69_04009	rna-XM_065473253.1		None	None
gene-VNE69_04010	rna-XM_065473254.1		None	None
gene-VNE69_04011	rna-XM_065473255.1	PF01198.25	Partial	None
gene-VNE69_04012	rna-XM_065473256.1		None	None
gene-VNE69_04013	rna-XM_065473257.1		None	None
gene-VNE69_04014	rna-XM_065473258.1		None	None
gene-VNE69_04015	rna-XM_065473259.1		None	None
gene-VNE69_04016	rna-XM_065473260.1	PF01868.22	Partial	None
gene-VNE69_04017	rna-XM_065473261.1	PF00004.36,PF05673.20,PF16450.12,PF17862.8	Complete	None
gene-VNE69_04018	rna-XM_065473262.1		None	None
gene-VNE69_04019	rna-XM_065473263.1		None	None
gene-VNE69_04020	rna-XM_065473264.1	PF12762.14	Partial	None
gene-VNE69_04021	rna-XM_065473265.1		None	None
gene-VNE69_04022	rna-XM_065473266.1		None	None
gene-VNE69_04023	rna-XM_065473267.1	PF00587.31,PF03129.26,PF07973.20	Complete	None
gene-VNE69_04024	rna-XM_065473268.1		None	None
gene-VNE69_04025	rna-XM_065473269.1	PF00583.32,PF13508.14,PF13673.14	Partial	None
gene-VNE69_04026	rna-XM_065473270.1	PF17032.11	Partial	None
gene-VNE69_04027	rna-XM_065473271.1	PF00447.24	Partial	None
gene-VNE69_04028	rna-XM_065473272.1	PF00566.26,PF23436.2	Partial	None
gene-VNE69_04029	rna-XM_065473273.1		None	None
gene-VNE69_04030	rna-XM_065473274.1		None	None
gene-VNE69_04031	rna-XM_065473275.1		None	None
gene-VNE69_04032	rna-XM_065473276.1		None	None
gene-VNE69_04033	rna-XM_065473277.1		None	None
gene-VNE69_04034	rna-XM_065473278.1	PF16987.11	Partial	None
gene-VNE69_04035	rna-XM_065473279.1	PF02204.24	Partial	None
gene-VNE69_04036	rna-XM_065473280.1		None	None
gene-VNE69_04037	rna-XM_065473281.1	PF00333.27,PF03719.22	Complete	None
gene-VNE69_04038	rna-XM_065473282.1	PF14633.13	Complete	None
gene-VNE69_04039	rna-XM_065473283.1		None	None
gene-VNE69_04040	rna-XM_065473284.1		None	None
gene-VNE69_04041	rna-XM_065473285.1		None	None
gene-VNE69_04042	rna-XM_065473286.1		None	None
gene-VNE69_04043	rna-XM_065473287.1		None	None
gene-VNE69_04044	rna-XM_065473288.1	PF00583.32,PF13508.14,PF13673.14	Partial	None
gene-VNE69_04045	rna-XM_065473289.1		None	None
gene-VNE69_04046	rna-XM_065473290.1		None	None
gene-VNE69_04047	rna-XM_065473291.1	PF00293.35,PF05026.19	Partial	None
gene-VNE69_04048	rna-XM_065473292.1		None	None
gene-VNE69_04049	rna-XM_065473293.1		None	None
gene-VNE69_04050	rna-XM_065473294.1		None	None
gene-VNE69_04051	rna-XM_065473295.1		None	None
gene-VNE69_04052	rna-XM_065473296.1		None	None
gene-VNE69_04053	rna-XM_065473297.1		None	None
gene-VNE69_04054	rna-XM_065473298.1		None	None
gene-VNE69_04055	rna-XM_065473299.1		None	None
gene-VNE69_04056	rna-XM_065473300.1	PF00319.24	Complete	None
gene-VNE69_04057	rna-XM_065473301.1	PF09729.16	Partial	None
gene-VNE69_04058	rna-XM_065473302.1		None	None
gene-VNE69_04058	rna-XM_065473303.1		None	None
gene-VNE69_04059	rna-XM_065473304.1		None	None
gene-VNE69_04060	rna-XM_065473305.1		None	None
gene-VNE69_04061	rna-XM_065473306.1		None	None
gene-VNE69_04062	rna-XM_065473307.1	PF00122.26,PF12409.14,PF13246.13	Complete	None
gene-VNE69_04063	rna-XM_065473308.1		None	None
gene-VNE69_04064	rna-XM_065473309.1	PF14976.14	Partial	None
gene-VNE69_04065	rna-XM_065473310.1		None	None
gene-VNE69_04066	rna-XM_065473311.1		None	None
gene-VNE69_04067	rna-XM_065473312.1		None	None
gene-VNE69_04068	rna-XM_065473313.1	PF00122.26,PF12409.14	Complete	None
gene-VNE69_04069	rna-XM_065473314.1	PF00079.26	Partial	None
gene-VNE69_04070	rna-XM_065473315.1		None	None
gene-VNE69_04071	rna-XM_065473316.1		None	None
gene-VNE69_04072	rna-XM_065473317.1	PF04722.19	Partial	None
gene-VNE69_04073	rna-XM_065473318.1	PF12906.14	Partial	None
gene-VNE69_04074	rna-XM_065473319.1		None	None
gene-VNE69_04075	rna-XM_065473320.1		None	None
gene-VNE69_04076	rna-XM_065473321.1		None	None
gene-VNE69_04077	rna-XM_065473322.1		None	None
gene-VNE69_04078	rna-XM_065473323.1		None	None
gene-VNE69_04079	rna-XM_065473324.1		None	None
gene-VNE69_04080	rna-XM_065473325.1		None	None
gene-VNE69_04081	rna-XM_065473326.1		None	None
gene-VNE69_04082	rna-XM_065473327.1		None	None
gene-VNE69_04083	rna-XM_065473328.1		None	None
gene-VNE69_04084	rna-XM_065473329.1		None	None
gene-VNE69_04085	rna-XM_065473330.1	PF00227.32	Partial	None
gene-VNE69_04086	rna-XM_065473331.1	PF00237.25	Partial	None
gene-VNE69_04087	rna-XM_065473332.1		None	None
gene-VNE69_04088	rna-XM_065473333.1	PF01020.24	Partial	None
gene-VNE69_04089	rna-XM_065473334.1		None	None
gene-VNE69_04090	rna-XM_065473335.1	PF00137.27	Partial	None
gene-VNE69_04091	rna-XM_065473336.1	PF30332.1	Partial	None
gene-VNE69_04092	rna-XM_065473337.1	PF01728.26,PF11861.14	Partial	None
gene-VNE69_04093	rna-XM_065473338.1	PF01873.24	Partial	None
gene-VNE69_04094	rna-XM_065473339.1		None	None
gene-VNE69_04095	rna-XM_065473340.1	PF00368.24	Partial	None
gene-VNE69_04096	rna-XM_065473341.1	PF02582.20	Partial	None
gene-VNE69_04901	gene-VNE69_04901		None	None
gene-VNE69_04097	rna-XM_065473342.1	PF01380.28,PF01380.28,PF13522.13,PF13537.12	Complete	None
gene-VNE69_04098	rna-XM_065473343.1	PF00069.32,PF07714.24	Partial	None
gene-VNE69_04099	rna-XM_065473344.1	PF01150.24	Partial	None
gene-VNE69_04100	rna-XM_065473345.1	PF02181.29	Partial	None
gene-VNE69_04101	rna-XM_065473346.1		None	None
gene-VNE69_04902	gene-VNE69_04902		None	None
gene-VNE69_04102	rna-XM_065473347.1	PF00078.33	Partial	None
gene-VNE69_04103	rna-XM_065473348.1	PF00079.26	Partial	None
gene-VNE69_04104	rna-XM_065473349.1		None	None
gene-VNE69_04105	rna-XM_065473350.1	PF00077.26,PF13975.12	Complete	None
gene-VNE69_04105	rna-XM_065473351.1	PF00077.26,PF00078.33,PF00665.33,PF13975.12,PF17917.8,PF17919.8,PF17921.8	Complete	None
gene-VNE69_04106	rna-XM_065473352.1		None	None
gene-VNE69_04106	rna-XM_065473353.1		None	None
gene-VNE69_04107	rna-XM_065473354.1		None	None
gene-VNE69_04108	rna-XM_065473355.1	PF04500.23,PF10551.16	Partial	None
gene-VNE69_04109	rna-XM_065473356.1		None	None
gene-VNE69_04110	rna-XM_065473357.1		None	None
gene-VNE69_04111	rna-XM_065473358.1	PF00077.26,PF00078.33,PF00665.33,PF13975.12,PF17917.8,PF17919.8,PF17921.8	Complete	None
gene-VNE69_04112	rna-XM_065473359.1		None	None
gene-VNE69_04113	rna-XM_065473360.1		None	None
gene-VNE69_04114	rna-XM_065473361.1		None	None
gene-VNE69_04115	rna-XM_065473362.1		None	None
gene-VNE69_04116	rna-XM_065473363.1		None	None
gene-VNE69_04117	rna-XM_065473364.1	PF00091.32,PF03953.23	Complete	None
gene-VNE69_04903	gene-VNE69_04903		None	None
gene-VNE69_04118	rna-XM_065473365.1		None	None
gene-VNE69_04119	rna-XM_065473366.1		None	None
gene-VNE69_04904	gene-VNE69_04904		None	None
gene-VNE69_04120	rna-XM_065473367.1	PF01207.24	Partial	None
gene-VNE69_04905	gene-VNE69_04905		None	None
gene-VNE69_04121	rna-XM_065473368.1		None	None
gene-VNE69_04122	rna-XM_065473369.1	PF00443.36,PF13423.13	Partial	None
gene-VNE69_04906	gene-VNE69_04906		None	None
gene-VNE69_04123	rna-XM_065473370.1		None	None
gene-VNE69_04124	rna-XM_065473371.1		None	None
gene-VNE69_04125	rna-XM_065473372.1	PF00118.30	Partial	None
gene-VNE69_04126	rna-XM_065473373.1		None	None
gene-VNE69_04127	rna-XM_065473374.1		None	None
gene-VNE69_04128	rna-XM_065473375.1	PF00270.36,PF00271.38,PF04851.22,PF08148.18,PF22527.3	Complete	None
gene-VNE69_04129	rna-XM_065473376.1	PF02463.26,PF02463.26,PF06470.19,PF13175.13,PF13304.13,PF13476.13,PF13555.13	Complete	None
gene-VNE69_04130	rna-XM_065473377.1		None	None
gene-VNE69_04131	rna-XM_065473378.1		None	None
gene-VNE69_04132	rna-XM_065473379.1	PF00448.29,PF02492.26,PF02881.25,PF02978.27	Complete	None
gene-VNE69_04133	rna-XM_065473380.1		None	None
gene-VNE69_04134	rna-XM_065473381.1	PF00466.26,PF17777.7	Partial	None
gene-VNE69_04135	rna-XM_065473382.1	PF17005.12,PF17005.12	Partial	None
gene-VNE69_04136	rna-XM_065473383.1	PF00063.28,PF02736.27	Partial	None
gene-VNE69_04137	rna-XM_065473384.1		None	None
gene-VNE69_04138	rna-XM_065473385.1		None	None
gene-VNE69_04139	rna-XM_065473386.1	PF01779.23	Partial	None
gene-VNE69_04140	rna-XM_065473387.1		None	None
gene-VNE69_04141	rna-XM_065473388.1		None	None
gene-VNE69_04142	rna-XM_065473389.1	PF01131.26,PF01751.29,PF06839.18	Complete	None
gene-VNE69_04143	rna-XM_065473390.1		None	None
gene-VNE69_04144	rna-XM_065473391.1		None	None
gene-VNE69_04145	rna-XM_065473392.1		None	None
gene-VNE69_04146	rna-XM_065473393.1		None	None
gene-VNE69_04146	rna-XM_065473394.1	PF00078.33	Complete	None
gene-VNE69_04147	rna-XM_065473395.1	PF00817.26,PF11799.14	Complete	None
gene-VNE69_04801	gene-VNE69_04801		None	None
gene-VNE69_04802	gene-VNE69_04802		None	None
gene-VNE69_04803	gene-VNE69_04803		None	None
gene-VNE69_04804	gene-VNE69_04804		None	None
gene-VNE69_04148	rna-XM_065473396.1	PF00078.33,PF17917.8,PF17919.8,PF17921.8	Complete	None
gene-VNE69_04149	rna-XM_065473397.1		None	None
gene-VNE69_04150	rna-XM_065473398.1	PF10551.16	Partial	None
gene-VNE69_04907	gene-VNE69_04907		None	None
gene-VNE69_04151	rna-XM_065473399.1		None	None
gene-VNE69_04152	rna-XM_065473400.1		None	None
gene-VNE69_04153	rna-XM_065473401.1		None	None
gene-VNE69_04154	rna-XM_065473402.1		None	None
gene-VNE69_04155	rna-XM_065473403.1		None	None
gene-VNE69_04156	rna-XM_065473404.1	PF00046.36,PF05920.18	Partial	None
gene-VNE69_04157	rna-XM_065473405.1		None	None
gene-VNE69_04158	rna-XM_065473406.1		None	None
gene-VNE69_04159	rna-XM_065473407.1		None	None
gene-VNE69_04160	rna-XM_065473408.1	PF00046.36,PF05920.18	Partial	None
gene-VNE69_04161	rna-XM_065473409.1	PF00456.27,PF00676.26,PF02779.30,PF22613.2	Complete	None
gene-VNE69_04162	rna-XM_065473410.1	PF00265.25	Partial	None
gene-VNE69_04163	rna-XM_065473411.1	PF01435.25	Partial	None
gene-VNE69_04164	rna-XM_065473412.1	PF10596.15,PF12134.14	Partial	None
gene-VNE69_04164	rna-XM_065473413.1	PF08082.17,PF08083.17	Partial	None
gene-VNE69_04164	rna-XM_065473414.1	PF00805.29,PF08082.17,PF08083.17,PF10596.15,PF10597.15,PF10598.15	Complete	None
gene-VNE69_04165	rna-XM_065473415.1		None	None
gene-VNE69_04166	rna-XM_065473416.1	PF01912.25	Partial	None
gene-VNE69_04167	rna-XM_065473417.1		None	None
gene-VNE69_04168	rna-XM_065473418.1		None	None
gene-VNE69_04169	rna-XM_065473419.1		None	None
gene-VNE69_04169	rna-XM_065473420.1		None	None
gene-VNE69_04170	rna-XM_065473421.1	PF01182.27	Partial	None
gene-VNE69_04171	rna-XM_065473422.1	PF01776.23	Partial	None
gene-VNE69_04172	rna-XM_065473423.1		None	None
gene-VNE69_04173	rna-XM_065473424.1	PF04427.24	Partial	None
gene-VNE69_04174	rna-XM_065473425.1	PF01435.25	Partial	None
gene-VNE69_04175	rna-XM_065473426.1	PF00265.25	Partial	None
gene-VNE69_04176	rna-XM_065473427.1	PF01798.24	Partial	None
gene-VNE69_04177	rna-XM_065473428.1	PF05625.18,PF05625.18	Partial	None
gene-VNE69_04178	rna-XM_065473429.1	PF00733.28,PF00733.28	Partial	None
gene-VNE69_04179	rna-XM_065473430.1		None	None
gene-VNE69_04180	rna-XM_065473431.1	PF00493.30,PF01078.28,PF07728.21,PF14551.12,PF17207.10,PF17855.8	Complete	None
gene-VNE69_04181	rna-XM_065473432.1		None	None
gene-VNE69_04182	rna-XM_065473433.1	PF00097.32,PF13445.13,PF13639.13	Partial	None
gene-VNE69_04183	rna-XM_065473434.1	PF13181.13	Complete	None
gene-VNE69_04184	rna-XM_065473435.1		None	None
gene-VNE69_04185	rna-XM_065473436.1		None	None
gene-VNE69_04186	rna-XM_065473437.1		None	None
gene-VNE69_04187	rna-XM_065473438.1		None	None
gene-VNE69_04188	rna-XM_065473439.1		None	None
gene-VNE69_04189	rna-XM_065473440.1		None	None
gene-VNE69_04908	gene-VNE69_04908		None	None
gene-VNE69_04190	rna-XM_065473441.1	PF00137.27	Complete	None
gene-VNE69_04191	rna-XM_065473442.1	PF06733.22,PF06777.18,PF13307.13	Complete	None
gene-VNE69_04192	rna-XM_065473443.1	PF01873.24	Partial	None
gene-VNE69_04193	rna-XM_065473444.1		None	None
gene-VNE69_04194	rna-XM_065473445.1	PF00076.29	Complete	None
gene-VNE69_04195	rna-XM_065473446.1		None	None
gene-VNE69_04196	rna-XM_065473447.1		None	None
gene-VNE69_04197	rna-XM_065473448.1		None	None
gene-VNE69_04198	rna-XM_065473449.1		None	None
gene-VNE69_04199	rna-XM_065473450.1		None	None
gene-VNE69_04200	rna-XM_065473451.1	PF17022.11	Partial	None
gene-VNE69_04201	rna-XM_065473452.1	PF02319.27,PF08781.16	Partial	None
gene-VNE69_04202	rna-XM_065473453.1	PF00133.29,PF01406.26,PF09334.18,PF09334.18	Partial	None
gene-VNE69_04203	rna-XM_065473454.1	PF15663.12	Partial	None
gene-VNE69_04204	rna-XM_065473455.1		None	None
gene-VNE69_04205	rna-XM_065473456.1		None	None
gene-VNE69_04206	rna-XM_065473457.1		None	None
gene-VNE69_04207	rna-XM_065473458.1		None	None
gene-VNE69_04208	rna-XM_065473459.1	PF02854.26	Partial	None
gene-VNE69_04208	rna-XM_065473460.1		None	None
gene-VNE69_04209	rna-XM_065473461.1		None	None
gene-VNE69_04210	rna-XM_065473462.1		None	None
gene-VNE69_04211	rna-XM_065473463.1		None	None
gene-VNE69_04212	rna-XM_065473464.1		None	None
gene-VNE69_04213	rna-XM_065473465.1		None	None
gene-VNE69_04214	rna-XM_065473466.1		None	None
gene-VNE69_04215	rna-XM_065473467.1		None	None
gene-VNE69_04216	rna-XM_065473468.1		None	None
gene-VNE69_04217	rna-XM_065473469.1		None	None
gene-VNE69_04218	rna-XM_065473470.1		None	None
gene-VNE69_04219	rna-XM_065473471.1		None	None
gene-VNE69_04220	rna-XM_065473472.1		None	None
gene-VNE69_04221	rna-XM_065473473.1		None	None
gene-VNE69_04221	rna-XM_065473474.1		None	None
gene-VNE69_04222	rna-XM_065473475.1		None	None
gene-VNE69_04222	rna-XM_065473476.1		None	None
gene-VNE69_05001	rna-XM_065473477.1	PF00025.28,PF00071.29,PF08477.20	Partial	None
gene-VNE69_05002	rna-XM_065473478.1		None	None
gene-VNE69_05801	gene-VNE69_05801		None	None
gene-VNE69_05003	rna-XM_065473479.1		None	None
gene-VNE69_05004	rna-XM_065473480.1		None	None
gene-VNE69_05005	rna-XM_065473481.1		None	None
gene-VNE69_05006	rna-XM_065473482.1	PF00078.33,PF17917.8,PF17919.8,PF17921.8	Complete	None
gene-VNE69_05007	rna-XM_065473483.1	PF01490.25,PF03222.20	Partial	None
gene-VNE69_05901	gene-VNE69_05901		None	None
gene-VNE69_05008	rna-XM_065473484.1	PF00810.24	Partial	None
gene-VNE69_05009	rna-XM_065473485.1	PF00400.39,PF00400.39	Complete	None
gene-VNE69_05010	rna-XM_065473486.1		None	None
gene-VNE69_05011	rna-XM_065473487.1	PF00334.25	Partial	None
gene-VNE69_05012	rna-XM_065473488.1	PF01909.30,PF22600.3	Partial	None
gene-VNE69_05013	rna-XM_065473489.1	PF04153.25	Partial	None
gene-VNE69_05014	rna-XM_065473490.1	PF03006.27	Partial	None
gene-VNE69_05015	rna-XM_065473491.1	PF03130.23,PF13646.13,PF13646.13	Complete	None
gene-VNE69_05016	rna-XM_065473492.1	PF01866.23	Partial	None
gene-VNE69_05017	rna-XM_065473493.1		None	None
gene-VNE69_05018	rna-XM_065473494.1	PF25005.2	Partial	None
gene-VNE69_05019	rna-XM_065473495.1	PF02656.21,PF09359.16	Complete	None
gene-VNE69_05020	rna-XM_065473496.1	PF13181.13,PF13181.13,PF13181.13,PF13181.13,PF13414.13	Complete	None
gene-VNE69_05021	rna-XM_065473497.1		None	None
gene-VNE69_05022	rna-XM_065473498.1	PF00009.34,PF03143.24,PF22594.3	Complete	None
gene-VNE69_05023	rna-XM_065473499.1	PF01283.25	Partial	None
gene-VNE69_05024	rna-XM_065473500.1	PF03381.21	Partial	None
gene-VNE69_05025	rna-XM_065473501.1	PF00005.34,PF00005.34,PF00005.34,PF12848.14	Complete	None
gene-VNE69_05026	rna-XM_065473502.1	PF10382.15	Partial	None
gene-VNE69_05027	rna-XM_065473503.1	PF05670.19,PF05833.17,PF11923.14	Complete	None
gene-VNE69_05028	rna-XM_065473504.1	PF01926.30,PF02421.25,PF06071.20	Complete	None
gene-VNE69_05029	rna-XM_065473505.1		None	None
gene-VNE69_05030	rna-XM_065473506.1	PF00078.33,PF08284.17,PF13650.12,PF13975.12,PF17917.8,PF17919.8	Complete	None
gene-VNE69_05802	gene-VNE69_05802		None	None
gene-VNE69_05803	gene-VNE69_05803		None	None
gene-VNE69_05031	rna-XM_065473507.1		None	None
gene-VNE69_05032	rna-XM_065473508.1	PF00077.26,PF00078.33,PF00665.33,PF13975.12,PF17917.8,PF17919.8,PF17921.8	Complete	None
gene-VNE69_05032	rna-XM_065473509.1	PF00077.26,PF13975.12	Partial	None
gene-VNE69_05804	gene-VNE69_05804		None	None
gene-VNE69_05805	gene-VNE69_05805		None	None
gene-VNE69_05033	rna-XM_065473510.1		None	None
gene-VNE69_05034	rna-XM_065473511.1		None	None
gene-VNE69_05035	rna-XM_065473512.1		None	None
gene-VNE69_05036	rna-XM_065473513.1		None	None
gene-VNE69_05036	rna-XM_065473514.1		None	None
gene-VNE69_05037	rna-XM_065473515.1	PF00443.36,PF02148.26	Complete	None
gene-VNE69_05038	rna-XM_065473516.1	PF03463.22,PF03464.21,PF03465.21,PF18854.7	Complete	None
gene-VNE69_05039	rna-XM_065473517.1	PF00249.38	Complete	None
gene-VNE69_05040	rna-XM_065473518.1		None	None
gene-VNE69_05041	rna-XM_065473519.1		None	None
gene-VNE69_05042	rna-XM_065473520.1		None	None
gene-VNE69_05043	rna-XM_065473521.1		None	None
gene-VNE69_05044	rna-XM_065473522.1		None	None
gene-VNE69_05045	rna-XM_065473523.1		None	None
gene-VNE69_05046	rna-XM_065473524.1		None	None
gene-VNE69_05047	rna-XM_065473525.1		None	None
gene-VNE69_05048	rna-XM_065473526.1	PF05529.18,PF05529.18	Partial	None
gene-VNE69_05049	rna-XM_065473527.1		None	None
gene-VNE69_05050	rna-XM_065473528.1	PF10516.16,PF13176.13	Complete	None
gene-VNE69_05051	rna-XM_065473529.1		None	None
gene-VNE69_05052	rna-XM_065473530.1	PF01991.24	Partial	None
gene-VNE69_05053	rna-XM_065473531.1	PF01926.30,PF02421.25,PF02824.28,PF16897.11	Complete	None
gene-VNE69_05902	gene-VNE69_05902		None	None
gene-VNE69_05054	rna-XM_065473532.1		None	None
gene-VNE69_05055	rna-XM_065473533.1	PF03999.18	Partial	None
gene-VNE69_05056	rna-XM_065473534.1	PF04628.20	Partial	None
gene-VNE69_05057	rna-XM_065473535.1	PF00125.31,PF00808.30	Partial	None
gene-VNE69_05058	rna-XM_065473536.1	PF00702.33,PF13419.13	Partial	None
gene-VNE69_05059	rna-XM_065473537.1		None	None
gene-VNE69_05060	rna-XM_065473538.1		None	None
gene-VNE69_05061	rna-XM_065473539.1		None	None
gene-VNE69_05062	rna-XM_065473540.1		None	None
gene-VNE69_05062	rna-XM_065473541.1		None	None
gene-VNE69_05063	rna-XM_065473542.1		None	None
gene-VNE69_05064	rna-XM_065473543.1		None	None
gene-VNE69_05065	rna-XM_065473544.1		None	None
gene-VNE69_05065	rna-XM_065473545.1		None	None
gene-VNE69_05066	rna-XM_065473546.1		None	None
gene-VNE69_05067	rna-XM_065473547.1		None	None
gene-VNE69_05068	rna-XM_065473548.1		None	None
gene-VNE69_05068	rna-XM_065473549.1		None	None
gene-VNE69_05069	rna-XM_065473550.1		None	None
gene-VNE69_05070	rna-XM_065473551.1		None	None
gene-VNE69_05071	rna-XM_065473552.1		None	None
gene-VNE69_05072	rna-XM_065473553.1	PF00162.25	Partial	None
gene-VNE69_05073	rna-XM_065473554.1	PF01368.28,PF02833.20	Complete	None
gene-VNE69_05074	rna-XM_065473555.1	PF02893.27	Partial	None
gene-VNE69_05075	rna-XM_065473556.1	PF00466.26	Partial	None
gene-VNE69_05076	rna-XM_065473557.1	PF01704.25	Partial	None
gene-VNE69_05077	rna-XM_065473558.1		None	None
gene-VNE69_05078	rna-XM_065473559.1	PF02259.30	Complete	None
gene-VNE69_05079	rna-XM_065473560.1	PF04658.19	Partial	None
gene-VNE69_05080	rna-XM_065473561.1	PF07524.20,PF17027.12	Partial	None
gene-VNE69_05081	rna-XM_065473562.1	PF00957.28	Partial	None
gene-VNE69_05082	rna-XM_065473563.1	PF00382.25,PF00382.25,PF08271.18	Complete	None
gene-VNE69_05083	rna-XM_065473564.1	PF00560.40,PF12799.14,PF12799.14,PF12799.14,PF12799.14,PF13516.13,PF13516.13,PF13855.13	Complete	None
gene-VNE69_05084	rna-XM_065473565.1		None	None
gene-VNE69_05085	rna-XM_065473566.1		None	None
gene-VNE69_05086	rna-XM_065473567.1	PF29448.1	Partial	None
gene-VNE69_05087	rna-XM_065473568.1		None	None
gene-VNE69_05088	rna-XM_065473569.1		None	None
gene-VNE69_05088	rna-XM_065473570.1		None	None
gene-VNE69_05089	rna-XM_065473571.1		None	None
gene-VNE69_05090	rna-XM_065473572.1	PF04900.19,PF18477.8	Partial	None
gene-VNE69_05091	rna-XM_065473573.1		None	None
gene-VNE69_05092	rna-XM_065473574.1		None	None
gene-VNE69_05093	rna-XM_065473575.1		None	None
gene-VNE69_05094	rna-XM_065473576.1	PF02338.26,PF10275.16	Partial	None
gene-VNE69_05095	rna-XM_065473577.1	PF00620.33	Partial	None
gene-VNE69_05096	rna-XM_065473578.1	PF00687.27	Partial	None
gene-VNE69_05097	rna-XM_065473579.1		None	None
gene-VNE69_05098	rna-XM_065473580.1	PF00632.31	Partial	None
gene-VNE69_05099	rna-XM_065473581.1	PF06423.19	Partial	None
gene-VNE69_05100	rna-XM_065473582.1	PF00849.28	Partial	None
gene-VNE69_05101	rna-XM_065473583.1	PF01092.25	Partial	None
gene-VNE69_05102	rna-XM_065473584.1	PF00653.28	Partial	None
gene-VNE69_05103	rna-XM_065473585.1		None	None
gene-VNE69_05903	gene-VNE69_05903		None	None
gene-VNE69_05104	rna-XM_065473586.1	PF00342.25	Partial	None
gene-VNE69_05904	gene-VNE69_05904		None	None
gene-VNE69_05105	rna-XM_065473587.1	PF00069.32,PF07714.24	Partial	None
gene-VNE69_05106	rna-XM_065473588.1	PF00583.32,PF13420.14	Partial	None
gene-VNE69_05107	rna-XM_065473589.1		None	None
gene-VNE69_05108	rna-XM_065473590.1		None	None
gene-VNE69_05109	rna-XM_065473591.1		None	None
gene-VNE69_05110	rna-XM_065473592.1		None	None
gene-VNE69_05111	rna-XM_065473593.1		None	None
gene-VNE69_05112	rna-XM_065473594.1		None	None
gene-VNE69_05113	rna-XM_065473595.1	PF00620.33	Partial	None
gene-VNE69_05114	rna-XM_065473596.1		None	None
gene-VNE69_05115	rna-XM_065473597.1		None	None
gene-VNE69_05116	rna-XM_065473598.1	PF02902.26	Partial	None
gene-VNE69_05117	rna-XM_065473599.1	PF00493.30,PF01078.28,PF07728.21,PF14551.12,PF17207.10,PF17855.8,PF18263.8	Complete	None
gene-VNE69_05118	rna-XM_065473600.1	PF01926.30,PF02421.25,PF06858.21,PF08155.17,PF17835.7	Complete	None
gene-VNE69_05119	rna-XM_065473601.1	PF03256.23	Partial	None
gene-VNE69_05120	rna-XM_065473602.1	PF00077.26,PF00078.33,PF00665.33,PF17917.8,PF17919.8,PF17921.8	Complete	None
gene-VNE69_05121	rna-XM_065473603.1	PF00136.27,PF00136.27	Partial	None
gene-VNE69_05122	rna-XM_065473604.1	PF03590.22	Partial	None
gene-VNE69_05123	rna-XM_065473605.1	PF00025.28,PF01926.30	Partial	None
gene-VNE69_05124	rna-XM_065473606.1		None	None
gene-VNE69_05125	rna-XM_065473607.1		None	None
gene-VNE69_05126	rna-XM_065473608.1		None	None
gene-VNE69_05127	rna-XM_065473609.1	PF01472.27,PF01509.24,PF08068.18,PF16198.11	Complete	None
gene-VNE69_05128	rna-XM_065473610.1	PF00705.24,PF02747.21,PF04139.19	Partial	None
gene-VNE69_05129	rna-XM_065473611.1	PF00753.34,PF12706.14,PF23023.2	Complete	None
gene-VNE69_05130	rna-XM_065473612.1	PF01163.29	Partial	None
gene-VNE69_05131	rna-XM_065473613.1		None	None
gene-VNE69_05132	rna-XM_065473614.1	PF05183.18	Partial	None
gene-VNE69_05133	rna-XM_065473615.1		None	None
gene-VNE69_05133	rna-XM_065473616.1		None	None
gene-VNE69_05134	rna-XM_065473617.1	PF06807.20,PF16573.11,PF16575.12	Complete	None
gene-VNE69_05135	rna-XM_065473618.1		None	None
gene-VNE69_05136	rna-XM_065473619.1	PF01443.25,PF04851.22,PF13086.13,PF13086.13,PF13087.13,PF13245.13	Complete	None
gene-VNE69_05137	rna-XM_065473620.1		None	None
gene-VNE69_05137	rna-XM_065473621.1		None	None
gene-VNE69_05138	rna-XM_065473622.1		None	None
gene-VNE69_05139	rna-XM_065473623.1		None	None
gene-VNE69_05140	rna-XM_065473624.1		None	None
gene-VNE69_05141	rna-XM_065473625.1	PF04950.19,PF08142.19	Complete	None
gene-VNE69_05142	rna-XM_065473626.1	PF01302.32	Partial	None
gene-VNE69_05143	rna-XM_065473627.1	PF01163.29,PF03109.23,PF06176.17	Partial	None
gene-VNE69_05144	rna-XM_065473628.1		None	None
gene-VNE69_05145	rna-XM_065473629.1	PF01135.26,PF02353.27,PF08241.19,PF08242.19,PF13649.13,PF13847.13	Partial	None
gene-VNE69_05146	rna-XM_065473630.1	PF00004.36,PF00004.36	Complete	None
gene-VNE69_05147	rna-XM_065473631.1	PF00579.32	Partial	None
gene-VNE69_05148	rna-XM_065473632.1	PF00692.25	Partial	None
gene-VNE69_05149	rna-XM_065473633.1	PF00400.39,PF00400.39,PF00400.39,PF00400.39,PF00400.39,PF00400.39	Complete	None
gene-VNE69_05150	rna-XM_065473634.1		None	None
gene-VNE69_05151	rna-XM_065473635.1	PF08801.18	Partial	None
gene-VNE69_05152	rna-XM_065473636.1	PF01459.29	Partial	None
gene-VNE69_05153	rna-XM_065473637.1	PF00288.33,PF18376.7,PF22700.3	Partial	None
gene-VNE69_05154	rna-XM_065473638.1		None	None
gene-VNE69_05155	rna-XM_065473639.1		None	None
gene-VNE69_05156	rna-XM_065473640.1	PF00069.32,PF07714.24	Partial	None
gene-VNE69_05157	rna-XM_065473641.1		None	None
gene-VNE69_05158	rna-XM_065473642.1		None	None
gene-VNE69_05159	rna-XM_065473643.1	PF00787.30	Partial	None
gene-VNE69_05160	rna-XM_065473644.1		None	None
gene-VNE69_05161	rna-XM_065473645.1	PF05002.21	Partial	None
gene-VNE69_05162	rna-XM_065473646.1		None	None
gene-VNE69_05163	rna-XM_065473647.1	PF00393.25,PF01488.27,PF03446.22	Partial	None
gene-VNE69_05164	rna-XM_065473648.1		None	None
gene-VNE69_05165	rna-XM_065473649.1		None	None
gene-VNE69_05166	rna-XM_065473650.1		None	None
gene-VNE69_05167	rna-XM_065473651.1		None	None
gene-VNE69_05168	rna-XM_065473652.1		None	None
gene-VNE69_05169	rna-XM_065473653.1		None	None
gene-VNE69_05170	rna-XM_065473654.1		None	None
gene-VNE69_05171	rna-XM_065473655.1		None	None
gene-VNE69_05172	rna-XM_065473656.1	PF10104.15	Partial	None
gene-VNE69_05173	rna-XM_065473657.1	PF01142.24,PF01142.24	Partial	None
gene-VNE69_05174	rna-XM_065473658.1	PF01157.25	Partial	None
gene-VNE69_05175	rna-XM_065473659.1	PF01479.31	Complete	None
gene-VNE69_05176	rna-XM_065473660.1		None	None
gene-VNE69_05177	rna-XM_065473661.1		None	None
gene-VNE69_05178	rna-XM_065473662.1		None	None
gene-VNE69_05179	rna-XM_065473663.1	PF02121.26	Partial	None
gene-VNE69_05180	rna-XM_065473664.1	PF00270.36,PF00271.38,PF04851.22	Complete	None
gene-VNE69_05181	rna-XM_065473665.1	PF01421.26,PF13582.13	Partial	None
gene-VNE69_05182	rna-XM_065473666.1		None	None
gene-VNE69_05183	rna-XM_065473667.1	PF25171.2	Partial	None
gene-VNE69_05184	rna-XM_065473668.1	PF01336.32	Partial	None
gene-VNE69_05185	rna-XM_065473669.1		None	None
gene-VNE69_05186	rna-XM_065473670.1		None	None
gene-VNE69_05187	rna-XM_065473671.1		None	None
gene-VNE69_05188	rna-XM_065473672.1		None	None
gene-VNE69_05189	rna-XM_065473673.1		None	None
gene-VNE69_05190	rna-XM_065473674.1		None	None
gene-VNE69_05191	rna-XM_065473675.1		None	None
gene-VNE69_05192	rna-XM_065473676.1		None	None
gene-VNE69_05193	rna-XM_065473677.1		None	None
gene-VNE69_05194	rna-XM_065473678.1		None	None
gene-VNE69_05195	rna-XM_065473679.1		None	None
gene-VNE69_05196	rna-XM_065473680.1		None	None
gene-VNE69_05197	rna-XM_065473681.1		None	None
gene-VNE69_05198	rna-XM_065473682.1		None	None
gene-VNE69_05199	rna-XM_065473683.1		None	None
gene-VNE69_05200	rna-XM_065473684.1		None	None
gene-VNE69_05201	rna-XM_065473685.1		None	None
gene-VNE69_05202	rna-XM_065473686.1		None	None
gene-VNE69_05203	rna-XM_065473687.1		None	None
gene-VNE69_05204	rna-XM_065473688.1		None	None
gene-VNE69_05205	rna-XM_065473689.1		None	None
gene-VNE69_05206	rna-XM_065473690.1		None	None
gene-VNE69_05207	rna-XM_065473691.1		None	None
gene-VNE69_05208	rna-XM_065473692.1		None	None
gene-VNE69_05209	rna-XM_065473693.1		None	None
gene-VNE69_05210	rna-XM_065473694.1		None	None
gene-VNE69_05211	rna-XM_065473695.1		None	None
gene-VNE69_05212	rna-XM_065473696.1		None	None
gene-VNE69_05213	rna-XM_065473697.1		None	None
gene-VNE69_05214	rna-XM_065473698.1		None	None
gene-VNE69_05215	rna-XM_065473699.1	PF00176.30,PF00271.38,PF04851.22	Complete	None
gene-VNE69_05216	rna-XM_065473700.1	PF00400.39,PF00400.39,PF00400.39,PF24807.2	Complete	None
gene-VNE69_05217	rna-XM_065473701.1		None	None
gene-VNE69_05218	rna-XM_065473702.1	PF00639.28,PF13616.13	Partial	None
gene-VNE69_05219	rna-XM_065473703.1	PF00493.30,PF07728.21,PF14551.12,PF17207.10,PF17855.8	Complete	None
gene-VNE69_05220	rna-XM_065473704.1	PF02186.22,PF22254.2	Complete	None
gene-VNE69_05221	rna-XM_065473705.1		None	None
gene-VNE69_05222	rna-XM_065473706.1		None	None
gene-VNE69_05223	rna-XM_065473707.1		None	None
gene-VNE69_05224	rna-XM_065473708.1		None	None
gene-VNE69_05225	rna-XM_065473709.1		None	None
gene-VNE69_05226	rna-XM_065473710.1		None	None
gene-VNE69_05227	rna-XM_065473711.1		None	None
gene-VNE69_05228	rna-XM_065473712.1		None	None
gene-VNE69_05229	rna-XM_065473713.1	PF00097.32,PF13639.13	Complete	None
gene-VNE69_05230	rna-XM_065473714.1		None	None
gene-VNE69_05231	rna-XM_065473715.1		None	None
gene-VNE69_05232	rna-XM_065473716.1	PF00170.27,PF07716.21	Partial	None
gene-VNE69_05233	rna-XM_065473717.1	PF00009.34,PF00071.29,PF01926.30,PF08477.20	Partial	None
gene-VNE69_05234	rna-XM_065473718.1	PF01702.26,PF01702.26	Partial	None
gene-VNE69_05235	rna-XM_065473719.1	PF03366.23,PF20305.5	Partial	None
gene-VNE69_05236	rna-XM_065473720.1	PF00023.37,PF12796.14,PF13606.13,PF13637.13,PF13857.13	Complete	None
gene-VNE69_05237	rna-XM_065473721.1		None	None
gene-VNE69_05238	rna-XM_065473722.1	PF04500.23,PF10551.16	Complete	None
gene-VNE69_05239	rna-XM_065473723.1		None	None
gene-VNE69_05240	rna-XM_065473724.1	PF13499.13,PF13833.13	Partial	None
gene-VNE69_05241	rna-XM_065473725.1	PF02045.22	Partial	None
gene-VNE69_05242	rna-XM_065473726.1		None	None
gene-VNE69_05243	rna-XM_065473727.1	PF00005.34,PF00664.29	Complete	None
gene-VNE69_05244	rna-XM_065473728.1	PF00005.34,PF00664.29	Complete	None
gene-VNE69_05245	rna-XM_065473729.1	PF17135.10	Partial	None
gene-VNE69_05246	rna-XM_065473730.1	PF01433.27,PF11838.15,PF17900.7	Partial	None
gene-VNE69_05247	rna-XM_065473731.1	PF00226.37	Partial	None
gene-VNE69_05248	rna-XM_065473732.1		None	None
gene-VNE69_05249	rna-XM_065473733.1		None	None
gene-VNE69_05250	rna-XM_065473734.1	PF00462.31	Partial	None
gene-VNE69_05251	rna-XM_065473735.1		None	None
gene-VNE69_05252	rna-XM_065473736.1	PF09734.16	Partial	None
gene-VNE69_05253	rna-XM_065473737.1	PF03009.24	Partial	None
gene-VNE69_05254	rna-XM_065473738.1		None	None
gene-VNE69_05255	rna-XM_065473739.1		None	None
gene-VNE69_05256	rna-XM_065473740.1	PF00632.31	Partial	None
gene-VNE69_05257	rna-XM_065473741.1		None	None
gene-VNE69_05258	rna-XM_065473742.1		None	None
gene-VNE69_05259	rna-XM_065473743.1	PF00077.26	Partial	None
gene-VNE69_05259	rna-XM_065473744.1	PF00078.33,PF00665.33,PF17919.8,PF17921.8	Complete	None
gene-VNE69_05260	rna-XM_065473745.1		None	None
gene-VNE69_05261	rna-XM_065473746.1		None	None
gene-VNE69_05262	rna-XM_065473747.1		None	None
gene-VNE69_05263	rna-XM_065473748.1		None	None
gene-VNE69_05264	rna-XM_065473749.1		None	None
gene-VNE69_06001	rna-XM_065473750.1		None	None
gene-VNE69_06002	rna-XM_065473751.1		None	None
gene-VNE69_06003	rna-XM_065473752.1		None	None
gene-VNE69_06004	rna-XM_065473753.1		None	None
gene-VNE69_06005	rna-XM_065473754.1	PF00632.31	Partial	None
gene-VNE69_06006	rna-XM_065473755.1		None	None
gene-VNE69_06007	rna-XM_065473756.1		None	None
gene-VNE69_06801	gene-VNE69_06801		None	None
gene-VNE69_06008	rna-XM_065473757.1		None	None
gene-VNE69_06009	rna-XM_065473758.1		None	None
gene-VNE69_06010	rna-XM_065473759.1		None	None
gene-VNE69_06011	rna-XM_065473760.1		None	None
gene-VNE69_06012	rna-XM_065473761.1		None	None
gene-VNE69_06013	rna-XM_065473762.1		None	None
gene-VNE69_06014	rna-XM_065473763.1		None	None
gene-VNE69_06015	rna-XM_065473764.1		None	None
gene-VNE69_06016	rna-XM_065473765.1	PF00632.31	Partial	None
gene-VNE69_06017	rna-XM_065473766.1		None	None
gene-VNE69_06018	rna-XM_065473767.1		None	None
gene-VNE69_06019	rna-XM_065473768.1		None	None
gene-VNE69_06020	rna-XM_065473769.1	PF00077.26,PF00078.33,PF00665.33,PF13975.12,PF17917.8,PF17919.8,PF17921.8	Complete	None
gene-VNE69_06021	rna-XM_065473770.1	PF04515.19	Partial	None
gene-VNE69_06022	rna-XM_065473771.1		None	None
gene-VNE69_06022	rna-XM_065473772.1		None	None
gene-VNE69_06023	rna-XM_065473773.1		None	None
gene-VNE69_06024	rna-XM_065473774.1		None	None
gene-VNE69_06024	rna-XM_065473775.1		None	None
gene-VNE69_06025	rna-XM_065473776.1		None	None
gene-VNE69_06026	rna-XM_065473777.1		None	None
gene-VNE69_06027	rna-XM_065473778.1	PF00025.28,PF00071.29,PF01926.30,PF08477.20	Partial	None
gene-VNE69_06028	rna-XM_065473779.1		None	None
gene-VNE69_06028	rna-XM_065473780.1		None	None
gene-VNE69_06029	rna-XM_065473781.1	PF00249.38,PF00249.38,PF13921.13,PF13921.13	Partial	None
gene-VNE69_06030	rna-XM_065473782.1		None	None
gene-VNE69_06031	rna-XM_065473783.1	PF00004.36,PF03215.22,PF08542.17,PF13177.13	Complete	None
gene-VNE69_06032	rna-XM_065473784.1		None	None
gene-VNE69_06033	rna-XM_065473785.1	PF00226.37	Partial	None
gene-VNE69_06034	rna-XM_065473786.1		None	None
gene-VNE69_06035	rna-XM_065473787.1		None	None
gene-VNE69_06036	rna-XM_065473788.1		None	None
gene-VNE69_06037	rna-XM_065473789.1		None	None
gene-VNE69_06038	rna-XM_065473790.1		None	None
gene-VNE69_06802	gene-VNE69_06802		None	None
gene-VNE69_06039	rna-XM_065473791.1		None	None
gene-VNE69_06040	rna-XM_065473792.1	PF00400.39,PF00400.39,PF04158.20	Complete	None
gene-VNE69_06803	gene-VNE69_06803		None	None
gene-VNE69_06804	gene-VNE69_06804		None	None
gene-VNE69_06041	rna-XM_065473793.1		None	None
gene-VNE69_06042	rna-XM_065473794.1		None	None
gene-VNE69_06043	rna-XM_065473795.1	PF03980.20	Partial	None
gene-VNE69_06044	rna-XM_065473796.1	PF04571.20,PF08235.20,PF24694.2	Complete	None
gene-VNE69_06045	rna-XM_065473797.1		None	None
gene-VNE69_06046	rna-XM_065473798.1	PF00079.26	Partial	None
gene-VNE69_06047	rna-XM_065473799.1	PF00079.26	Partial	None
gene-VNE69_06048	rna-XM_065473800.1		None	None
gene-VNE69_06049	rna-XM_065473801.1		None	None
gene-VNE69_06050	rna-XM_065473802.1		None	None
gene-VNE69_06051	rna-XM_065473803.1	PF00079.26	Partial	None
gene-VNE69_06052	rna-XM_065473804.1	PF17018.11	Partial	None
gene-VNE69_06053	rna-XM_065473805.1	PF00638.25	Partial	None
gene-VNE69_06054	rna-XM_065473806.1		None	None
gene-VNE69_06055	rna-XM_065473807.1		None	None
gene-VNE69_06056	rna-XM_065473808.1		None	None
gene-VNE69_06805	gene-VNE69_06805		None	None
gene-VNE69_06806	gene-VNE69_06806		None	None
gene-VNE69_06057	rna-XM_065473809.1		None	None
gene-VNE69_06058	rna-XM_065473810.1		None	None
gene-VNE69_06059	rna-XM_065473811.1		None	None
gene-VNE69_06060	rna-XM_065473812.1		None	None
gene-VNE69_06061	rna-XM_065473813.1		None	None
gene-VNE69_06062	rna-XM_065473814.1		None	None
gene-VNE69_06063	rna-XM_065473815.1		None	None
gene-VNE69_06064	rna-XM_065473816.1	PF00227.32	Partial	None
gene-VNE69_06065	rna-XM_065473817.1	PF00122.26,PF00702.33,PF13246.13	Complete	None
gene-VNE69_06066	rna-XM_065473818.1		None	None
gene-VNE69_06067	rna-XM_065473819.1	PF00995.29	Partial	None
gene-VNE69_06068	rna-XM_065473820.1		None	None
gene-VNE69_06069	rna-XM_065473821.1	PF00255.26	Partial	None
gene-VNE69_06070	rna-XM_065473822.1	PF00255.26	Partial	None
gene-VNE69_06071	rna-XM_065473823.1		None	None
gene-VNE69_06072	rna-XM_065473824.1		None	None
gene-VNE69_06073	rna-XM_065473825.1	PF00118.30	Partial	None
gene-VNE69_06074	rna-XM_065473826.1		None	None
gene-VNE69_06075	rna-XM_065473827.1		None	None
gene-VNE69_06076	rna-XM_065473828.1		None	None
gene-VNE69_06077	rna-XM_065473829.1		None	None
gene-VNE69_06078	rna-XM_065473830.1		None	None
gene-VNE69_06079	rna-XM_065473831.1		None	None
gene-VNE69_06080	rna-XM_065473832.1		None	None
gene-VNE69_06081	rna-XM_065473833.1		None	None
gene-VNE69_06901	gene-VNE69_06901		None	None
gene-VNE69_06082	rna-XM_065473834.1	PF00069.32,PF07714.24	Partial	None
gene-VNE69_06083	rna-XM_065473835.1		None	None
gene-VNE69_06084	rna-XM_065473836.1		None	None
gene-VNE69_06085	rna-XM_065473837.1		None	None
gene-VNE69_06086	rna-XM_065473838.1		None	None
gene-VNE69_06087	rna-XM_065473839.1		None	None
gene-VNE69_06088	rna-XM_065473840.1		None	None
gene-VNE69_06089	rna-XM_065473841.1		None	None
gene-VNE69_06090	rna-XM_065473842.1	PF01851.29	Complete	None
gene-VNE69_06091	rna-XM_065473843.1	PF04096.21	Complete	None
gene-VNE69_06092	rna-XM_065473844.1	PF02268.22,PF02751.21	Partial	None
gene-VNE69_06093	rna-XM_065473845.1	PF00069.32,PF07714.24	Partial	None
gene-VNE69_06094	rna-XM_065473846.1		None	None
gene-VNE69_06095	rna-XM_065473847.1		None	None
gene-VNE69_06096	rna-XM_065473848.1		None	None
gene-VNE69_06097	rna-XM_065473849.1	PF00928.27	Partial	None
gene-VNE69_06098	rna-XM_065473850.1	PF00078.33,PF17917.8,PF17919.8	Complete	None
gene-VNE69_06099	rna-XM_065473851.1		None	None
gene-VNE69_06100	rna-XM_065473852.1		None	None
gene-VNE69_06101	rna-XM_065473853.1	PF00078.33	Partial	None
gene-VNE69_06102	rna-XM_065473854.1		None	None
gene-VNE69_06103	rna-XM_065473855.1	PF12762.14	Partial	None
gene-VNE69_06103	rna-XM_065473856.1	PF12762.14	Partial	None
gene-VNE69_06104	rna-XM_065473857.1		None	None
gene-VNE69_06105	rna-XM_065473858.1		None	None
gene-VNE69_06807	gene-VNE69_06807		None	None
gene-VNE69_06808	gene-VNE69_06808		None	None
gene-VNE69_06106	rna-XM_065473859.1		None	None
gene-VNE69_06809	gene-VNE69_06809		None	None
gene-VNE69_06810	gene-VNE69_06810		None	None
gene-VNE69_06107	rna-XM_065473860.1	PF00078.33	Complete	None
gene-VNE69_06902	gene-VNE69_06902		None	None
gene-VNE69_06108	rna-XM_065473861.1		None	None
gene-VNE69_06109	rna-XM_065473862.1		None	None
gene-VNE69_06110	rna-XM_065473863.1		None	None
gene-VNE69_06111	rna-XM_065473864.1		None	None
gene-VNE69_06112	rna-XM_065473865.1	PF00995.29	Partial	None
gene-VNE69_06113	rna-XM_065473866.1		None	None
gene-VNE69_06114	rna-XM_065473867.1	PF07106.20	Complete	None
gene-VNE69_06115	rna-XM_065473868.1		None	None
gene-VNE69_06116	rna-XM_065473869.1	PF00046.36	Partial	None
gene-VNE69_06117	rna-XM_065473870.1		None	None
gene-VNE69_06118	rna-XM_065473871.1	PF00085.27,PF13098.14	Partial	None
gene-VNE69_06119	rna-XM_065473872.1	PF01248.32	Partial	None
gene-VNE69_06120	rna-XM_065473873.1		None	None
gene-VNE69_06121	rna-XM_065473874.1		None	None
gene-VNE69_06122	rna-XM_065473875.1	PF00179.32	Partial	None
gene-VNE69_06123	rna-XM_065473876.1		None	None
gene-VNE69_06124	rna-XM_065473877.1	PF00083.31,PF00083.31,PF07690.22	Partial	None
gene-VNE69_06125	rna-XM_065473878.1		None	None
gene-VNE69_06125	rna-XM_065473879.1		None	None
gene-VNE69_06126	rna-XM_065473880.1		None	None
gene-VNE69_06127	rna-XM_065473881.1		None	None
gene-VNE69_06903	gene-VNE69_06903		None	None
gene-VNE69_06128	rna-XM_065473882.1	PF02358.23	Complete	None
gene-VNE69_06129	rna-XM_065473883.1		None	None
gene-VNE69_06130	rna-XM_065473884.1		None	None
gene-VNE69_06131	rna-XM_065473885.1	PF00076.29	Partial	None
gene-VNE69_06132	rna-XM_065473886.1		None	None
gene-VNE69_06133	rna-XM_065473887.1	PF00982.28	Partial	None
gene-VNE69_06134	rna-XM_065473888.1		None	None
gene-VNE69_06135	rna-XM_065473889.1		None	None
gene-VNE69_06136	rna-XM_065473890.1	PF00642.31,PF00642.31	Complete	None
gene-VNE69_06137	rna-XM_065473891.1		None	None
gene-VNE69_06138	rna-XM_065473892.1		None	None
gene-VNE69_06139	rna-XM_065473893.1	PF00249.38	Partial	None
gene-VNE69_06140	rna-XM_065473894.1	PF00249.38,PF13921.13	Partial	None
gene-VNE69_06141	rna-XM_065473895.1	PF00249.38	Partial	None
gene-VNE69_06142	rna-XM_065473896.1		None	None
gene-VNE69_06143	rna-XM_065473897.1	PF00249.38,PF13921.13	Partial	None
gene-VNE69_06144	rna-XM_065473898.1	PF00408.27,PF02878.23,PF02878.23,PF21404.4,PF21405.3	Complete	None
gene-VNE69_06145	rna-XM_065473899.1	PF17023.11	Partial	None
gene-VNE69_06146	rna-XM_065473900.1	PF00069.32,PF07714.24,PF14531.13	Partial	None
gene-VNE69_06147	rna-XM_065473901.1	PF04818.20	Partial	None
gene-VNE69_06148	rna-XM_065473902.1	PF01000.32,PF01193.30	Partial	None
gene-VNE69_06149	rna-XM_065473903.1		None	None
gene-VNE69_06150	rna-XM_065473904.1		None	None
gene-VNE69_06904	gene-VNE69_06904		None	None
gene-VNE69_06151	rna-XM_065473905.1		None	None
gene-VNE69_06152	rna-XM_065473906.1		None	None
gene-VNE69_06153	rna-XM_065473907.1		None	None
gene-VNE69_06154	rna-XM_065473908.1		None	None
gene-VNE69_06155	rna-XM_065473909.1		None	None
gene-VNE69_06905	gene-VNE69_06905		None	None
gene-VNE69_06156	rna-XM_065473910.1	PF00009.34,PF03144.32,PF09173.18	Complete	None
gene-VNE69_06157	rna-XM_065473911.1		None	None
gene-VNE69_06158	rna-XM_065473912.1		None	None
gene-VNE69_06159	rna-XM_065473913.1		None	None
gene-VNE69_06160	rna-XM_065473914.1	PF03849.20,PF18307.7	Complete	None
gene-VNE69_06161	rna-XM_065473915.1		None	None
gene-VNE69_06162	rna-XM_065473916.1		None	None
gene-VNE69_06163	rna-XM_065473917.1		None	None
gene-VNE69_06164	rna-XM_065473918.1		None	None
gene-VNE69_06165	rna-XM_065473919.1		None	None
gene-VNE69_06166	rna-XM_065473920.1		None	None
gene-VNE69_06167	rna-XM_065473921.1	PF00085.27	Partial	None
gene-VNE69_06168	rna-XM_065473922.1		None	None
gene-VNE69_06169	rna-XM_065473923.1		None	None
gene-VNE69_06170	rna-XM_065473924.1		None	None
gene-VNE69_06171	rna-XM_065473925.1	PF16661.12	Partial	None
gene-VNE69_06172	rna-XM_065473926.1		None	None
gene-VNE69_06173	rna-XM_065473927.1		None	None
gene-VNE69_06174	rna-XM_065473928.1		None	None
gene-VNE69_06174	rna-XM_065473929.1		None	None
gene-VNE69_06174	rna-XM_065473930.1		None	None
gene-VNE69_06175	rna-XM_065473931.1	PF10551.16	Partial	None
gene-VNE69_06176	rna-XM_065473932.1	PF04500.23	Partial	None
gene-VNE69_06177	rna-XM_065473933.1		None	None
gene-VNE69_06178	rna-XM_065473934.1		None	None
gene-VNE69_06179	rna-XM_065473935.1		None	None
gene-VNE69_06180	rna-XM_065473936.1		None	None
gene-VNE69_06180	rna-XM_065473937.1		None	None
gene-VNE69_06180	rna-XM_065473938.1	PF04495.21	Partial	None
gene-VNE69_06181	rna-XM_065473939.1		None	None
gene-VNE69_06182	rna-XM_065473940.1		None	None
gene-VNE69_06183	rna-XM_065473941.1		None	None
gene-VNE69_06184	rna-XM_065473942.1	PF03587.20	Partial	None
gene-VNE69_06185	rna-XM_065473943.1		None	None
gene-VNE69_06186	rna-XM_065473944.1		None	None
gene-VNE69_06186	rna-XM_065473945.1	PF00078.33	Partial	None
gene-VNE69_06187	rna-XM_065473946.1		None	None
gene-VNE69_06187	rna-XM_065473947.1		None	None
gene-VNE69_06188	rna-XM_065473948.1		None	None
gene-VNE69_06189	rna-XM_065473949.1		None	None
gene-VNE69_06190	rna-XM_065473950.1	PF00250.25	Partial	None
gene-VNE69_06191	rna-XM_065473951.1	PF00022.27	Partial	None
gene-VNE69_06192	rna-XM_065473952.1		None	None
gene-VNE69_06193	rna-XM_065473953.1		None	None
gene-VNE69_06194	rna-XM_065473954.1	PF17024.11	Partial	None
gene-VNE69_06195	rna-XM_065473955.1	PF04078.20	Partial	None
gene-VNE69_06196	rna-XM_065473956.1	PF21884.3	Partial	None
gene-VNE69_06197	rna-XM_065473957.1	PF00642.31,PF14608.13,PF14608.13,PF14608.13,PF14608.13	Complete	None
gene-VNE69_06198	rna-XM_065473958.1		None	None
gene-VNE69_06199	rna-XM_065473959.1		None	None
gene-VNE69_06200	rna-XM_065473960.1		None	None
gene-VNE69_06201	rna-XM_065473961.1		None	None
gene-VNE69_06202	rna-XM_065473962.1		None	None
gene-VNE69_06203	rna-XM_065473963.1		None	None
gene-VNE69_06204	rna-XM_065473964.1		None	None
gene-VNE69_06205	rna-XM_065473965.1		None	None
gene-VNE69_06206	rna-XM_065473966.1	PF01369.26	Complete	None
gene-VNE69_06207	rna-XM_065473967.1	PF01592.22	Partial	None
gene-VNE69_06208	rna-XM_065473968.1	PF04934.20	Partial	None
gene-VNE69_06209	rna-XM_065473969.1		None	None
gene-VNE69_06210	rna-XM_065473970.1		None	None
gene-VNE69_06211	rna-XM_065473971.1		None	None
gene-VNE69_06212	rna-XM_065473972.1		None	None
gene-VNE69_06213	rna-XM_065473973.1	PF10455.15	Partial	None
gene-VNE69_06214	rna-XM_065473974.1	PF04427.24	Partial	None
gene-VNE69_06215	rna-XM_065473975.1	PF00176.30,PF00270.36,PF00271.38,PF00385.31,PF04851.22,PF11496.15	Complete	None
gene-VNE69_06216	rna-XM_065473976.1		None	None
gene-VNE69_06217	rna-XM_065473977.1		None	None
gene-VNE69_06218	rna-XM_065473978.1		None	None
gene-VNE69_06219	rna-XM_065473979.1		None	None
gene-VNE69_06220	rna-XM_065473980.1		None	None
gene-VNE69_06221	rna-XM_065473981.1		None	None
gene-VNE69_06222	rna-XM_065473982.1		None	None
gene-VNE69_06223	rna-XM_065473983.1		None	None
gene-VNE69_06224	rna-XM_065473984.1	PF04006.18	Partial	None
gene-VNE69_06225	rna-XM_065473985.1		None	None
gene-VNE69_06226	rna-XM_065473986.1	PF03947.25	Partial	None
gene-VNE69_06227	rna-XM_065473987.1		None	None
gene-VNE69_06228	rna-XM_065473988.1		None	None
gene-VNE69_06229	rna-XM_065473989.1	PF01443.25,PF08696.18,PF13086.13,PF13086.13,PF13087.13,PF13087.13,PF13245.13,PF13538.13	Complete	None
gene-VNE69_06230	rna-XM_065473990.1	PF01221.24	Partial	None
gene-VNE69_06231	rna-XM_065473991.1	PF05907.19	Partial	None
gene-VNE69_06232	rna-XM_065473992.1		None	None
gene-VNE69_06233	rna-XM_065473993.1	PF00046.36	Partial	None
gene-VNE69_06234	rna-XM_065473994.1	PF00274.26	Partial	None
gene-VNE69_06235	rna-XM_065473995.1		None	None
gene-VNE69_06236	rna-XM_065473996.1		None	None
gene-VNE69_06237	rna-XM_065473997.1		None	None
gene-VNE69_06238	rna-XM_065473998.1		None	None
gene-VNE69_06239	rna-XM_065473999.1		None	None
gene-VNE69_06240	rna-XM_065474000.1		None	None
gene-VNE69_06241	rna-XM_065474001.1		None	None
gene-VNE69_06242	rna-XM_065474002.1		None	None
gene-VNE69_06243	rna-XM_065474003.1		None	None
gene-VNE69_06244	rna-XM_065474004.1	PF00632.31	Partial	None
gene-VNE69_07001	rna-XM_065474005.1		None	None
gene-VNE69_07002	rna-XM_065474006.1		None	None
gene-VNE69_07003	rna-XM_065474007.1		None	None
gene-VNE69_07004	rna-XM_065474008.1	PF00348.23	Partial	None
gene-VNE69_07005	rna-XM_065474009.1		None	None
gene-VNE69_07006	rna-XM_065474010.1		None	None
gene-VNE69_07007	rna-XM_065474011.1		None	None
gene-VNE69_07008	rna-XM_065474012.1	PF00096.33	Complete	None
gene-VNE69_07009	rna-XM_065474013.1		None	None
gene-VNE69_07010	rna-XM_065474014.1		None	None
gene-VNE69_07011	rna-XM_065474015.1		None	None
gene-VNE69_07012	rna-XM_065474016.1	PF00077.26,PF13650.12,PF13975.12	Partial	None
gene-VNE69_07013	rna-XM_065474017.1		None	None
gene-VNE69_07014	rna-XM_065474018.1	PF10551.16	Partial	None
gene-VNE69_07015	rna-XM_065474019.1		None	None
gene-VNE69_07016	rna-XM_065474020.1		None	None
gene-VNE69_07017	rna-XM_065474021.1		None	None
gene-VNE69_07801	gene-VNE69_07801		None	None
gene-VNE69_07802	gene-VNE69_07802		None	None
gene-VNE69_07018	rna-XM_065474022.1		None	None
gene-VNE69_07019	rna-XM_065474023.1	PF03124.21	Partial	None
gene-VNE69_07020	rna-XM_065474024.1	PF01529.26	Partial	None
gene-VNE69_07901	gene-VNE69_07901		None	None
gene-VNE69_07021	rna-XM_065474025.1	PF00320.34	Partial	None
gene-VNE69_07022	rna-XM_065474026.1	PF02383.24	Partial	None
gene-VNE69_07023	rna-XM_065474027.1		None	None
gene-VNE69_07902	gene-VNE69_07902		None	None
gene-VNE69_07024	rna-XM_065474028.1	PF02580.23	Partial	None
gene-VNE69_07025	rna-XM_065474029.1	PF02580.23	Partial	None
gene-VNE69_07026	rna-XM_065474030.1	PF00462.31	Partial	None
gene-VNE69_07027	rna-XM_065474031.1	PF00462.31	Partial	None
gene-VNE69_07028	rna-XM_065474032.1	PF00583.32,PF17013.12	Partial	None
gene-VNE69_07029	rna-XM_065474033.1	PF03798.22	Partial	None
gene-VNE69_07030	rna-XM_065474034.1	PF03219.21	Partial	None
gene-VNE69_07031	rna-XM_065474035.1		None	None
gene-VNE69_07032	rna-XM_065474036.1		None	None
gene-VNE69_07033	rna-XM_065474037.1	PF00579.32	Partial	None
gene-VNE69_07034	rna-XM_065474038.1	PF00258.31	Partial	None
gene-VNE69_07903	gene-VNE69_07903		None	None
gene-VNE69_07035	rna-XM_065474039.1		None	None
gene-VNE69_07036	rna-XM_065474040.1		None	None
gene-VNE69_07037	rna-XM_065474041.1	PF17031.11	Partial	None
gene-VNE69_07038	rna-XM_065474042.1		None	None
gene-VNE69_07039	rna-XM_065474043.1		None	None
gene-VNE69_07040	rna-XM_065474044.1		None	None
gene-VNE69_07041	rna-XM_065474045.1		None	None
gene-VNE69_07042	rna-XM_065474046.1		None	None
gene-VNE69_07043	rna-XM_065474047.1	PF00400.39,PF00400.39,PF00400.39,PF00400.39,PF23953.2	Complete	None
gene-VNE69_07044	rna-XM_065474048.1	PF00400.39	Partial	None
gene-VNE69_07045	rna-XM_065474049.1	PF01926.30,PF02421.25,PF02824.28,PF16897.11	Complete	None
gene-VNE69_07046	rna-XM_065474050.1	PF00432.28	Partial	None
gene-VNE69_07047	rna-XM_065474051.1	PF01602.27,PF07718.19,PF14806.12	Complete	None
gene-VNE69_07048	rna-XM_065474052.1	PF00400.39,PF00400.39,PF00400.39,PF00400.39	Complete	None
gene-VNE69_07049	rna-XM_065474053.1	PF00106.32,PF02719.22,PF13561.13	Partial	None
gene-VNE69_07050	rna-XM_065474054.1	PF00238.25	Partial	None
gene-VNE69_07051	rna-XM_065474055.1	PF03966.23	Partial	None
gene-VNE69_07052	rna-XM_065474056.1	PF00400.39,PF00400.39	Complete	None
gene-VNE69_07053	rna-XM_065474057.1		None	None
gene-VNE69_07054	rna-XM_065474058.1	PF04055.28,PF16199.11,PF23613.2	Complete	None
gene-VNE69_07055	rna-XM_065474059.1	PF00270.36,PF00271.38,PF04851.22	Complete	None
gene-VNE69_07904	gene-VNE69_07904		None	None
gene-VNE69_07056	rna-XM_065474060.1		None	None
gene-VNE69_07057	rna-XM_065474061.1	PF00312.28,PF08069.18	Partial	None
gene-VNE69_07058	rna-XM_065474062.1		None	None
gene-VNE69_07059	rna-XM_065474063.1		None	None
gene-VNE69_07060	rna-XM_065474064.1		None	None
gene-VNE69_07061	rna-XM_065474065.1		None	None
gene-VNE69_07062	rna-XM_065474066.1	PF03297.22	Partial	None
gene-VNE69_07063	rna-XM_065474067.1		None	None
gene-VNE69_07064	rna-XM_065474068.1		None	None
gene-VNE69_07065	rna-XM_065474069.1		None	None
gene-VNE69_07066	rna-XM_065474070.1		None	None
gene-VNE69_07067	rna-XM_065474071.1		None	None
gene-VNE69_07068	rna-XM_065474072.1		None	None
gene-VNE69_07069	rna-XM_065474073.1	PF00027.36	Partial	None
gene-VNE69_07070	rna-XM_065474074.1		None	None
gene-VNE69_07071	rna-XM_065474075.1		None	None
gene-VNE69_07072	rna-XM_065474076.1		None	None
gene-VNE69_07073	rna-XM_065474077.1	PF01652.25	Partial	None
gene-VNE69_07074	rna-XM_065474078.1	PF00179.32	Partial	None
gene-VNE69_07075	rna-XM_065474079.1	PF04857.27,PF04857.27	Partial	None
gene-VNE69_07076	rna-XM_065474080.1	PF00467.36,PF00900.27,PF01479.31,PF08071.18,PF16121.11	Complete	None
gene-VNE69_07077	rna-XM_065474081.1	PF00225.30,PF16796.12	Partial	None
gene-VNE69_07078	rna-XM_065474082.1	PF13181.13,PF13181.13	Complete	None
gene-VNE69_07079	rna-XM_065474083.1	PF17010.11	Partial	None
gene-VNE69_07080	rna-XM_065474084.1		None	None
gene-VNE69_07081	rna-XM_065474085.1	PF01922.24	Partial	None
gene-VNE69_07082	rna-XM_065474086.1		None	None
gene-VNE69_07083	rna-XM_065474087.1		None	None
gene-VNE69_07084	rna-XM_065474088.1		None	None
gene-VNE69_07085	rna-XM_065474089.1		None	None
gene-VNE69_07086	rna-XM_065474090.1		None	None
gene-VNE69_07087	rna-XM_065474091.1	PF00573.28	Partial	None
gene-VNE69_07088	rna-XM_065474092.1	PF00025.28,PF00071.29,PF01926.30,PF08477.20	Partial	None
gene-VNE69_07089	rna-XM_065474093.1	PF01656.30,PF10609.16,PF13614.13	Partial	None
gene-VNE69_07090	rna-XM_065474094.1		None	None
gene-VNE69_07091	rna-XM_065474095.1	PF02732.22	Complete	None
gene-VNE69_07092	rna-XM_065474096.1	PF07934.19	Partial	None
gene-VNE69_07093	rna-XM_065474097.1		None	None
gene-VNE69_07094	rna-XM_065474098.1		None	None
gene-VNE69_07095	rna-XM_065474099.1	PF00443.36	Partial	None
gene-VNE69_07096	rna-XM_065474100.1	PF08706.17	Partial	None
gene-VNE69_07097	rna-XM_065474101.1	PF00078.33,PF00665.33,PF17917.8,PF17919.8,PF17921.8	Complete	None
gene-VNE69_07098	rna-XM_065474102.1	PF00443.36	Partial	None
gene-VNE69_07099	rna-XM_065474103.1		None	None
gene-VNE69_07100	rna-XM_065474104.1	PF03248.19	Partial	None
gene-VNE69_07101	rna-XM_065474105.1		None	None
gene-VNE69_07102	rna-XM_065474106.1		None	None
gene-VNE69_07103	rna-XM_065474107.1		None	None
gene-VNE69_07104	rna-XM_065474108.1		None	None
gene-VNE69_07905	gene-VNE69_07905		None	None
gene-VNE69_07105	rna-XM_065474109.1	PF00091.32,PF03953.23	Complete	None
gene-VNE69_07106	rna-XM_065474110.1		None	None
gene-VNE69_07107	rna-XM_065474111.1	PF00575.30,PF08292.19	Partial	None
gene-VNE69_07108	rna-XM_065474112.1		None	None
gene-VNE69_07109	rna-XM_065474113.1		None	None
gene-VNE69_07110	rna-XM_065474114.1		None	None
gene-VNE69_07111	rna-XM_065474115.1	PF01896.26	Partial	None
gene-VNE69_07111	rna-XM_065474116.1	PF01896.26	Partial	None
gene-VNE69_07112	rna-XM_065474117.1		None	None
gene-VNE69_07113	rna-XM_065474118.1		None	None
gene-VNE69_07114	rna-XM_065474119.1		None	None
gene-VNE69_07115	rna-XM_065474120.1		None	None
gene-VNE69_07116	rna-XM_065474121.1		None	None
gene-VNE69_07117	rna-XM_065474122.1	PF00750.26,PF05746.22	Complete	None
gene-VNE69_07118	rna-XM_065474123.1		None	None
gene-VNE69_07119	rna-XM_065474124.1	PF00096.33,PF00096.33	Complete	None
gene-VNE69_07120	rna-XM_065474125.1	PF04502.19	Partial	None
gene-VNE69_07121	rna-XM_065474126.1		None	None
gene-VNE69_07122	rna-XM_065474127.1		None	None
gene-VNE69_07123	rna-XM_065474128.1		None	None
gene-VNE69_07124	rna-XM_065474129.1		None	None
gene-VNE69_07125	rna-XM_065474130.1		None	None
gene-VNE69_07126	rna-XM_065474131.1		None	None
gene-VNE69_07127	rna-XM_065474132.1		None	None
gene-VNE69_07128	rna-XM_065474133.1		None	None
gene-VNE69_07129	rna-XM_065474134.1		None	None
gene-VNE69_07130	rna-XM_065474135.1		None	None
gene-VNE69_07130	rna-XM_065474136.1		None	None
gene-VNE69_07131	rna-XM_065474137.1		None	None
gene-VNE69_07132	rna-XM_065474138.1	PF00749.28,PF03950.24,PF20974.3	Complete	None
gene-VNE69_07133	rna-XM_065474139.1	PF00227.32	Partial	None
gene-VNE69_07134	rna-XM_065474140.1	PF01569.28	Partial	None
gene-VNE69_07135	rna-XM_065474141.1	PF00439.31,PF00583.32	Complete	None
gene-VNE69_07136	rna-XM_065474142.1		None	None
gene-VNE69_07137	rna-XM_065474143.1	PF07690.22,PF07690.22	Partial	None
gene-VNE69_07138	rna-XM_065474144.1	PF00149.34	Partial	None
gene-VNE69_07139	rna-XM_065474145.1	PF00935.26	Partial	None
gene-VNE69_07140	rna-XM_065474146.1		None	None
gene-VNE69_07141	rna-XM_065474147.1	PF00179.32	Partial	None
gene-VNE69_07142	rna-XM_065474148.1		None	None
gene-VNE69_07143	rna-XM_065474149.1		None	None
gene-VNE69_07144	rna-XM_065474150.1		None	None
gene-VNE69_07145	rna-XM_065474151.1		None	None
gene-VNE69_07146	rna-XM_065474152.1		None	None
gene-VNE69_07147	rna-XM_065474153.1		None	None
gene-VNE69_07148	rna-XM_065474154.1	PF00924.25	Complete	None
gene-VNE69_07149	rna-XM_065474155.1	PF00753.34,PF07521.18,PF10996.15,PF12706.14,PF16661.12	Complete	None
gene-VNE69_07150	rna-XM_065474156.1	PF14382.13,PF21266.4	Partial	None
gene-VNE69_07151	rna-XM_065474157.1	PF03834.22	Partial	None
gene-VNE69_07152	rna-XM_065474158.1	PF00270.36,PF00271.38,PF04851.22,PF08148.18,PF22527.3	Complete	None
gene-VNE69_07153	rna-XM_065474159.1		None	None
gene-VNE69_07154	rna-XM_065474160.1	PF00004.36,PF07728.21,PF16450.12,PF17862.8	Complete	None
gene-VNE69_07155	rna-XM_065474161.1	PF01553.27	Partial	None
gene-VNE69_07156	rna-XM_065474162.1		None	None
gene-VNE69_07157	rna-XM_065474163.1		None	None
gene-VNE69_07158	rna-XM_065474164.1		None	None
gene-VNE69_07159	rna-XM_065474165.1	PF04900.19	Partial	None
gene-VNE69_07160	rna-XM_065474166.1	PF00398.27	Partial	None
gene-VNE69_07161	rna-XM_065474167.1		None	None
gene-VNE69_07162	rna-XM_065474168.1		None	None
gene-VNE69_07163	rna-XM_065474169.1	PF03104.26,PF08490.18,PF22634.2,PF22912.3	Complete	None
gene-VNE69_07164	rna-XM_065474170.1	PF01214.24	Partial	None
gene-VNE69_07165	rna-XM_065474171.1		None	None
gene-VNE69_07166	rna-XM_065474172.1	PF03152.22,PF24842.2	Partial	None
gene-VNE69_07167	rna-XM_065474173.1	PF05181.19	Partial	None
gene-VNE69_07168	rna-XM_065474174.1		None	None
gene-VNE69_07168	rna-XM_065474175.1		None	None
gene-VNE69_07169	rna-XM_065474176.1		None	None
gene-VNE69_07170	rna-XM_065474177.1		None	None
gene-VNE69_07906	gene-VNE69_07906		None	None
gene-VNE69_07171	rna-XM_065474178.1	PF01189.24	Partial	None
gene-VNE69_07172	rna-XM_065474179.1	PF03801.20	Partial	None
gene-VNE69_07173	rna-XM_065474180.1		None	None
gene-VNE69_07174	rna-XM_065474181.1	PF03810.26,PF25574.2	Partial	None
gene-VNE69_07175	rna-XM_065474182.1	PF02181.29	Partial	None
gene-VNE69_07176	rna-XM_065474183.1	PF02969.24,PF07571.20	Partial	None
gene-VNE69_07177	rna-XM_065474184.1	PF02005.23	Partial	None
gene-VNE69_07178	rna-XM_065474185.1	PF00076.29,PF00076.29,PF00076.29,PF00076.29,PF13893.13,PF13893.13	Complete	None
gene-VNE69_07179	rna-XM_065474186.1	PF00226.37	Partial	None
gene-VNE69_07180	rna-XM_065474187.1		None	None
gene-VNE69_07181	rna-XM_065474188.1	PF05148.22,PF08241.19	Partial	None
gene-VNE69_07182	rna-XM_065474189.1	PF13177.13,PF22534.3	Complete	None
gene-VNE69_07183	rna-XM_065474190.1	PF00884.29,PF01663.28,PF01676.24,PF06415.19	Partial	None
gene-VNE69_07184	rna-XM_065474191.1		None	None
gene-VNE69_07185	rna-XM_065474192.1	PF00006.32,PF02874.30,PF22919.2	Complete	None
gene-VNE69_07186	rna-XM_065474193.1	PF00439.31,PF12157.14,PF15288.12	Complete	None
gene-VNE69_07187	rna-XM_065474194.1		None	None
gene-VNE69_07188	rna-XM_065474195.1		None	None
gene-VNE69_07189	rna-XM_065474196.1		None	None
gene-VNE69_07190	rna-XM_065474197.1	PF01778.23	Partial	None
gene-VNE69_07191	rna-XM_065474198.1	PF03194.21	Partial	None
gene-VNE69_07192	rna-XM_065474199.1	PF01269.24	Partial	None
gene-VNE69_07193	rna-XM_065474200.1		None	None
gene-VNE69_07194	rna-XM_065474201.1	PF00890.31,PF01266.31,PF16901.11	Complete	None
gene-VNE69_07195	rna-XM_065474202.1	PF13207.13,PF13238.13	Partial	None
gene-VNE69_07196	rna-XM_065474203.1	PF00566.26	Partial	None
gene-VNE69_07197	rna-XM_065474204.1	PF00501.35	Partial	None
gene-VNE69_07198	rna-XM_065474205.1		None	None
gene-VNE69_07199	rna-XM_065474206.1	PF00179.32,PF05773.28	Partial	None
gene-VNE69_07200	rna-XM_065474207.1	PF13831.13,PF13832.13	Complete	None
gene-VNE69_07201	rna-XM_065474208.1		None	None
gene-VNE69_07202	rna-XM_065474209.1	PF30296.1	Complete	None
gene-VNE69_07203	rna-XM_065474210.1	PF00317.27,PF02867.21	Partial	None
gene-VNE69_07204	rna-XM_065474211.1		None	None
gene-VNE69_07907	gene-VNE69_07907		None	None
gene-VNE69_07205	rna-XM_065474212.1		None	None
gene-VNE69_07206	rna-XM_065474213.1	PF03657.21,PF17833.8	Partial	None
gene-VNE69_07207	rna-XM_065474214.1	PF00828.26	Partial	None
gene-VNE69_07208	rna-XM_065474215.1		None	None
gene-VNE69_07209	rna-XM_065474216.1	PF02150.22	Partial	None
gene-VNE69_07210	rna-XM_065474217.1		None	None
gene-VNE69_07211	rna-XM_065474218.1	PF00753.34,PF07521.18,PF10996.15,PF11718.14,PF12706.14,PF16661.12,PF23023.2	Complete	None
gene-VNE69_07212	rna-XM_065474219.1		None	None
gene-VNE69_07213	rna-XM_065474220.1	PF00225.30,PF16796.12	Partial	None
gene-VNE69_07214	rna-XM_065474221.1		None	None
gene-VNE69_07215	rna-XM_065474222.1		None	None
gene-VNE69_07216	rna-XM_065474223.1	PF00270.36,PF00271.38,PF04851.22,PF13959.12	Complete	None
gene-VNE69_07217	rna-XM_065474224.1	PF00270.36,PF00271.38,PF13401.13	Complete	None
gene-VNE69_07218	rna-XM_065474225.1	PF01853.26,PF11717.15,PF17772.8	Complete	None
gene-VNE69_07219	rna-XM_065474226.1		None	None
gene-VNE69_07220	rna-XM_065474227.1		None	None
gene-VNE69_07221	rna-XM_065474228.1	PF12774.14,PF12774.14	Complete	None
gene-VNE69_07222	rna-XM_065474229.1		None	None
gene-VNE69_07223	rna-XM_065474230.1	PF00118.30	Partial	None
gene-VNE69_07224	rna-XM_065474231.1	PF01336.32,PF04057.19,PF08646.17,PF16900.12	Complete	None
gene-VNE69_07908	gene-VNE69_07908		None	None
gene-VNE69_07225	rna-XM_065474232.1		None	None
gene-VNE69_07226	rna-XM_065474233.1	PF03219.21	Partial	None
gene-VNE69_07227	rna-XM_065474234.1	PF00227.32	Partial	None
gene-VNE69_07228	rna-XM_065474235.1		None	None
gene-VNE69_07229	rna-XM_065474236.1		None	None
gene-VNE69_07230	rna-XM_065474237.1		None	None
gene-VNE69_07231	rna-XM_065474238.1	PF00069.32,PF07714.24	Partial	None
gene-VNE69_07232	rna-XM_065474239.1	PF00106.32,PF13561.13	Partial	None
gene-VNE69_07233	rna-XM_065474240.1	PF00106.32	Partial	None
gene-VNE69_07234	rna-XM_065474241.1	PF00106.32	Partial	None
gene-VNE69_07235	rna-XM_065474242.1	PF03031.25	Partial	None
gene-VNE69_07236	rna-XM_065474243.1	PF00454.34	Partial	None
gene-VNE69_07237	rna-XM_065474244.1	PF13476.13	Partial	None
gene-VNE69_07238	rna-XM_065474245.1	PF03167.26	Partial	None
gene-VNE69_07239	rna-XM_065474246.1	PF03219.21	Partial	None
gene-VNE69_07240	rna-XM_065474247.1	PF01154.23,PF08540.17,PF08541.17	Complete	None
gene-VNE69_07241	rna-XM_065474248.1		None	None
gene-VNE69_07242	rna-XM_065474249.1	PF09814.15	Partial	None
gene-VNE69_07243	rna-XM_065474250.1	PF01230.30,PF11969.14	Partial	None
gene-VNE69_07909	gene-VNE69_07909		None	None
gene-VNE69_07244	rna-XM_065474251.1	PF00924.25	Complete	None
gene-VNE69_07245	rna-XM_065474252.1	PF00557.30	Partial	None
gene-VNE69_07246	rna-XM_065474253.1	PF00225.30,PF16796.12	Partial	None
gene-VNE69_07247	rna-XM_065474254.1		None	None
gene-VNE69_07248	rna-XM_065474255.1	PF00719.25	Partial	None
gene-VNE69_07249	rna-XM_065474256.1	PF00276.26	Partial	None
gene-VNE69_07250	rna-XM_065474257.1		None	None
gene-VNE69_07251	rna-XM_065474258.1	PF00313.29	Partial	None
gene-VNE69_07252	rna-XM_065474259.1		None	None
gene-VNE69_07253	rna-XM_065474260.1	PF00270.36,PF00271.38,PF04851.22	Complete	None
gene-VNE69_07254	rna-XM_065474261.1		None	None
gene-VNE69_07255	rna-XM_065474262.1	PF13519.13	Partial	None
gene-VNE69_07256	rna-XM_065474263.1	PF00164.32	Partial	None
gene-VNE69_07257	rna-XM_065474264.1		None	None
gene-VNE69_07258	rna-XM_065474265.1	PF03291.23,PF08241.19,PF08242.19,PF13489.13,PF13649.13,PF13847.13	Partial	None
gene-VNE69_07259	rna-XM_065474266.1	PF00241.26	Partial	None
gene-VNE69_07260	rna-XM_065474267.1	PF00025.28,PF00071.29,PF08477.20	Partial	None
gene-VNE69_07261	rna-XM_065474268.1	PF00069.32,PF07714.24	Partial	None
gene-VNE69_07262	rna-XM_065474269.1	PF00448.29	Partial	None
gene-VNE69_07263	rna-XM_065474270.1	PF05158.19	Partial	None
gene-VNE69_07264	rna-XM_065474271.1	PF00400.39,PF00400.39,PF00400.39,PF00400.39,PF24805.2	Complete	None
gene-VNE69_07265	rna-XM_065474272.1		None	None
gene-VNE69_07266	rna-XM_065474273.1	PF00118.30	Partial	None
gene-VNE69_07267	rna-XM_065474274.1	PF00808.30	Partial	None
gene-VNE69_07268	rna-XM_065474275.1		None	None
gene-VNE69_07269	rna-XM_065474276.1		None	None
gene-VNE69_07910	gene-VNE69_07910		None	None
gene-VNE69_07270	rna-XM_065474277.1		None	None
gene-VNE69_07911	gene-VNE69_07911		None	None
gene-VNE69_07271	rna-XM_065474278.1		None	None
gene-VNE69_07272	rna-XM_065474279.1	PF01399.34,PF10602.16	Complete	None
gene-VNE69_07273	rna-XM_065474280.1	PF01138.28	Partial	None
gene-VNE69_07274	rna-XM_065474281.1		None	None
gene-VNE69_07275	rna-XM_065474282.1	PF00069.32,PF00069.32,PF07714.24	Partial	None
gene-VNE69_07276	rna-XM_065474283.1	PF00004.36,PF07728.21,PF16450.12,PF17862.8	Complete	None
gene-VNE69_07277	rna-XM_065474284.1	PF01813.23	Partial	None
gene-VNE69_07278	rna-XM_065474285.1	PF06220.19	Partial	None
gene-VNE69_07279	rna-XM_065474286.1	PF00583.32,PF05127.22,PF08351.19,PF13718.13,PF13718.13,PF13725.13	Complete	None
gene-VNE69_07280	rna-XM_065474287.1		None	None
gene-VNE69_07281	rna-XM_065474288.1		None	None
gene-VNE69_07282	rna-XM_065474289.1	PF01553.27	Partial	None
gene-VNE69_07283	rna-XM_065474290.1	PF03062.25	Partial	None
gene-VNE69_07284	rna-XM_065474291.1	PF00025.28,PF00071.29,PF04670.19,PF08477.20,PF09439.17	Partial	None
gene-VNE69_07285	rna-XM_065474292.1	PF00004.36,PF00004.36,PF07726.18,PF07726.18,PF07728.21,PF07728.21,PF07728.21,PF07728.21,PF07728.21,PF12774.14,PF17865.8,PF17867.8	Complete	None
gene-VNE69_07285	rna-XM_065474293.1	PF00004.36,PF00004.36,PF07726.18,PF07726.18,PF07728.21,PF07728.21,PF07728.21,PF07728.21,PF07728.21,PF12774.14,PF17865.8,PF17867.8	Complete	None
gene-VNE69_07286	rna-XM_065474294.1		None	None
gene-VNE69_07287	rna-XM_065474295.1		None	None
gene-VNE69_07288	rna-XM_065474296.1		None	None
gene-VNE69_07289	rna-XM_065474297.1	PF17007.12	Partial	None
gene-VNE69_07290	rna-XM_065474298.1	PF00227.32	Partial	None
gene-VNE69_07291	rna-XM_065474299.1	PF01209.25,PF02384.23,PF03602.22,PF05175.21,PF06325.20,PF08241.19,PF13649.13,PF13847.13	Partial	None
gene-VNE69_07292	rna-XM_065474300.1	PF00479.29,PF02781.22	Partial	None
gene-VNE69_07293	rna-XM_065474301.1	PF08743.16	Complete	None
gene-VNE69_07294	rna-XM_065474302.1	PF07986.18	Partial	None
gene-VNE69_07295	rna-XM_065474303.1	PF01902.25,PF28410.1	Partial	None
gene-VNE69_07296	rna-XM_065474304.1		None	None
gene-VNE69_07297	rna-XM_065474305.1	PF00069.32,PF03109.23,PF07714.24	Partial	None
gene-VNE69_07298	rna-XM_065474306.1	PF01159.25	Partial	None
gene-VNE69_07299	rna-XM_065474307.1	PF00175.27,PF00970.31	Partial	None
gene-VNE69_07300	rna-XM_065474308.1	PF01644.24,PF03142.22,PF03142.22,PF13632.13,PF13641.13	Complete	None
gene-VNE69_07301	rna-XM_065474309.1		None	None
gene-VNE69_07302	rna-XM_065474310.1		None	None
gene-VNE69_07303	rna-XM_065474311.1		None	None
gene-VNE69_07304	rna-XM_065474312.1	PF00005.34,PF19055.7	Partial	None
gene-VNE69_07305	rna-XM_065474313.1		None	None
gene-VNE69_07306	rna-XM_065474314.1		None	None
gene-VNE69_07307	rna-XM_065474315.1		None	None
gene-VNE69_08001	rna-XM_065474316.1		None	None
gene-VNE69_08002	rna-XM_065474317.1		None	None
gene-VNE69_08003	rna-XM_065474318.1	PF03031.25	Partial	None
gene-VNE69_08004	rna-XM_065474319.1		None	None
gene-VNE69_08005	rna-XM_065474320.1		None	None
gene-VNE69_08006	rna-XM_065474321.1		None	None
gene-VNE69_08007	rna-XM_065474322.1		None	None
gene-VNE69_08008	rna-XM_065474323.1	PF04515.19	Partial	None
gene-VNE69_08009	rna-XM_065474324.1		None	None
gene-VNE69_08010	rna-XM_065474325.1	PF07690.22,PF12832.14	Partial	None
gene-VNE69_08011	rna-XM_065474326.1	PF21041.4	Partial	None
gene-VNE69_08012	rna-XM_065474327.1		None	None
gene-VNE69_08013	rna-XM_065474328.1	PF00833.24	Partial	None
gene-VNE69_08014	rna-XM_065474329.1	PF01248.32	Partial	None
gene-VNE69_08015	rna-XM_065474330.1		None	None
gene-VNE69_08016	rna-XM_065474331.1	PF01909.30,PF04926.21,PF04928.23,PF20750.4,PF22600.3	Complete	None
gene-VNE69_08901	gene-VNE69_08901		None	None
gene-VNE69_08017	rna-XM_065474332.1	PF00125.31,PF00808.30	Partial	None
gene-VNE69_08018	rna-XM_065474333.1	PF00250.25	Partial	None
gene-VNE69_08019	rna-XM_065474334.1	PF00400.39,PF12894.14,PF12894.14,PF23411.2	Partial	None
gene-VNE69_08020	rna-XM_065474335.1		None	None
gene-VNE69_08021	rna-XM_065474336.1		None	None
gene-VNE69_08022	rna-XM_065474337.1	PF00004.36,PF00910.29,PF05496.19,PF13173.13,PF14532.13	Partial	None
gene-VNE69_08023	rna-XM_065474338.1	PF00226.37	Partial	None
gene-VNE69_08024	rna-XM_065474339.1		None	None
gene-VNE69_08025	rna-XM_065474340.1	PF00270.36,PF00271.38,PF04851.22	Complete	None
gene-VNE69_08026	rna-XM_065474341.1		None	None
gene-VNE69_08902	gene-VNE69_08902		None	None
gene-VNE69_08027	rna-XM_065474342.1		None	None
gene-VNE69_08028	rna-XM_065474343.1		None	None
gene-VNE69_08029	rna-XM_065474344.1		None	None
gene-VNE69_08030	rna-XM_065474345.1		None	None
gene-VNE69_08031	rna-XM_065474346.1		None	None
gene-VNE69_08032	rna-XM_065474347.1	PF06588.18,PF24681.2	Complete	None
gene-VNE69_08033	rna-XM_065474348.1		None	None
gene-VNE69_08034	rna-XM_065474349.1		None	None
gene-VNE69_08035	rna-XM_065474350.1		None	None
gene-VNE69_08036	rna-XM_065474351.1	PF03226.22	Partial	None
gene-VNE69_08037	rna-XM_065474352.1	PF01189.24,PF25376.2	Complete	None
gene-VNE69_08038	rna-XM_065474353.1	PF01189.24	Partial	None
gene-VNE69_08038	rna-XM_065474354.1	PF01189.24,PF01728.26	Partial	None
gene-VNE69_08039	rna-XM_065474355.1		None	None
gene-VNE69_08040	rna-XM_065474356.1		None	None
gene-VNE69_08041	rna-XM_065474357.1		None	None
gene-VNE69_08042	rna-XM_065474358.1		None	None
gene-VNE69_08043	rna-XM_065474359.1		None	None
gene-VNE69_08044	rna-XM_065474360.1		None	None
gene-VNE69_08045	rna-XM_065474361.1		None	None
gene-VNE69_08046	rna-XM_065474362.1	PF17030.12	Partial	None
gene-VNE69_08047	rna-XM_065474363.1	PF00149.34,PF04152.20	Partial	None
gene-VNE69_08048	rna-XM_065474364.1		None	None
gene-VNE69_08049	rna-XM_065474365.1		None	None
gene-VNE69_08050	rna-XM_065474366.1		None	None
gene-VNE69_08051	rna-XM_065474367.1	PF00281.25,PF00673.27	Partial	None
gene-VNE69_08903	gene-VNE69_08903		None	None
gene-VNE69_08052	rna-XM_065474368.1	PF00077.26,PF00078.33,PF00665.33,PF13975.12,PF17917.8,PF17919.8,PF17921.8	Complete	None
gene-VNE69_08053	rna-XM_065474369.1	PF12762.14	Partial	None
gene-VNE69_08054	rna-XM_065474370.1		None	None
gene-VNE69_08055	rna-XM_065474371.1	PF00665.33	Partial	None
gene-VNE69_08056	rna-XM_065474372.1		None	None
gene-VNE69_08057	rna-XM_065474373.1		None	None
gene-VNE69_08058	rna-XM_065474374.1		None	None
gene-VNE69_08059	rna-XM_065474375.1	PF00113.29,PF03952.22	Partial	None
gene-VNE69_08060	rna-XM_065474376.1		None	None
gene-VNE69_08061	rna-XM_065474377.1	PF00350.30,PF01031.26,PF02212.24	Complete	None
gene-VNE69_08062	rna-XM_065474378.1	PF05652.18,PF11969.14	Partial	None
gene-VNE69_08063	rna-XM_065474379.1	PF00240.30,PF23195.2	Partial	None
gene-VNE69_08064	rna-XM_065474380.1	PF03836.22	Complete	None
gene-VNE69_08065	rna-XM_065474381.1		None	None
gene-VNE69_08066	rna-XM_065474382.1		None	None
gene-VNE69_08067	rna-XM_065474383.1		None	None
gene-VNE69_08068	rna-XM_065474384.1		None	None
gene-VNE69_08069	rna-XM_065474385.1	PF00587.31,PF03129.26	Complete	None
gene-VNE69_08070	rna-XM_065474386.1		None	None
gene-VNE69_08071	rna-XM_065474387.1	PF00883.27	Partial	None
gene-VNE69_08072	rna-XM_065474388.1	PF00160.27	Partial	None
gene-VNE69_08073	rna-XM_065474389.1		None	None
gene-VNE69_08074	rna-XM_065474390.1	PF08241.19,PF13489.13,PF13649.13	Partial	None
gene-VNE69_08075	rna-XM_065474391.1		None	None
gene-VNE69_08904	gene-VNE69_08904		None	None
gene-VNE69_08076	rna-XM_065474392.1	PF03134.25	Partial	None
gene-VNE69_08077	rna-XM_065474393.1		None	None
gene-VNE69_08078	rna-XM_065474394.1	PF00077.26,PF00078.33,PF00665.33,PF17917.8,PF17919.8,PF17921.8	Complete	None
gene-VNE69_08079	rna-XM_065474395.1		None	None
gene-VNE69_08080	rna-XM_065474396.1		None	None
gene-VNE69_08081	rna-XM_065474397.1		None	None
gene-VNE69_08082	rna-XM_065474398.1		None	None
gene-VNE69_08083	rna-XM_065474399.1		None	None
gene-VNE69_08084	rna-XM_065474400.1		None	None
gene-VNE69_08085	rna-XM_065474401.1		None	None
gene-VNE69_08086	rna-XM_065474402.1		None	None
gene-VNE69_08087	rna-XM_065474403.1		None	None
gene-VNE69_08088	rna-XM_065474404.1		None	None
gene-VNE69_08089	rna-XM_065474405.1		None	None
gene-VNE69_08090	rna-XM_065474406.1		None	None
gene-VNE69_08091	rna-XM_065474407.1		None	None
gene-VNE69_08092	rna-XM_065474408.1		None	None
gene-VNE69_08093	rna-XM_065474409.1		None	None
gene-VNE69_08094	rna-XM_065474410.1		None	None
gene-VNE69_08095	rna-XM_065474411.1		None	None
gene-VNE69_08096	rna-XM_065474412.1		None	None
gene-VNE69_08097	rna-XM_065474413.1		None	None
gene-VNE69_08098	rna-XM_065474414.1		None	None
gene-VNE69_08099	rna-XM_065474415.1		None	None
gene-VNE69_08100	rna-XM_065474416.1		None	None
gene-VNE69_08101	rna-XM_065474417.1		None	None
gene-VNE69_08102	rna-XM_065474418.1		None	None
gene-VNE69_08103	rna-XM_065474419.1		None	None
gene-VNE69_08104	rna-XM_065474420.1		None	None
gene-VNE69_08105	rna-XM_065474421.1		None	None
gene-VNE69_08105	rna-XM_065474422.1		None	None
gene-VNE69_08106	rna-XM_065474423.1		None	None
gene-VNE69_08107	rna-XM_065474424.1		None	None
gene-VNE69_08108	rna-XM_065474425.1		None	None
gene-VNE69_08109	rna-XM_065474426.1		None	None
gene-VNE69_08110	rna-XM_065474427.1	PF04034.19,PF04068.21	Partial	None
gene-VNE69_08111	rna-XM_065474428.1		None	None
gene-VNE69_08112	rna-XM_065474429.1		None	None
gene-VNE69_08113	rna-XM_065474430.1		None	None
gene-VNE69_08114	rna-XM_065474431.1		None	None
gene-VNE69_08115	rna-XM_065474432.1		None	None
gene-VNE69_08116	rna-XM_065474433.1		None	None
gene-VNE69_08116	rna-XM_065474434.1		None	None
gene-VNE69_08117	rna-XM_065474435.1		None	None
gene-VNE69_08118	rna-XM_065474436.1		None	None
gene-VNE69_08119	rna-XM_065474437.1		None	None
gene-VNE69_08120	rna-XM_065474438.1		None	None
gene-VNE69_08121	rna-XM_065474439.1		None	None
gene-VNE69_08122	rna-XM_065474440.1		None	None
gene-VNE69_08123	rna-XM_065474441.1	PF00730.32	Partial	None
gene-VNE69_08124	rna-XM_065474442.1		None	None
gene-VNE69_08125	rna-XM_065474443.1	PF01490.25,PF03222.20	Partial	None
gene-VNE69_08126	rna-XM_065474444.1		None	None
gene-VNE69_08127	rna-XM_065474445.1		None	None
gene-VNE69_08128	rna-XM_065474446.1		None	None
gene-VNE69_08129	rna-XM_065474447.1		None	None
gene-VNE69_08130	rna-XM_065474448.1		None	None
gene-VNE69_08131	rna-XM_065474449.1		None	None
gene-VNE69_08132	rna-XM_065474450.1		None	None
gene-VNE69_08133	rna-XM_065474451.1		None	None
gene-VNE69_08134	rna-XM_065474452.1		None	None
gene-VNE69_08135	rna-XM_065474453.1	PF04080.20	Partial	None
gene-VNE69_08136	rna-XM_065474454.1		None	None
gene-VNE69_08137	rna-XM_065474455.1	PF00270.36,PF00271.38,PF04851.22	Complete	None
gene-VNE69_08138	rna-XM_065474456.1	PF00122.26,PF16209.11	Partial	None
gene-VNE69_08139	rna-XM_065474457.1	PF03732.25,PF13650.12,PF13975.12	Complete	None
gene-VNE69_08140	rna-XM_065474458.1	PF00702.33,PF13246.13,PF16212.12	Complete	None
gene-VNE69_08141	rna-XM_065474459.1		None	None
gene-VNE69_08905	gene-VNE69_08905		None	None
gene-VNE69_08142	rna-XM_065474460.1	PF18907.6	Partial	None
gene-VNE69_08143	rna-XM_065474461.1	PF00079.26	Partial	None
gene-VNE69_08144	rna-XM_065474462.1	PF18907.6	Partial	None
gene-VNE69_08145	rna-XM_065474463.1		None	None
gene-VNE69_08146	rna-XM_065474464.1		None	None
gene-VNE69_08147	rna-XM_065474465.1	PF00025.28,PF00071.29,PF01926.30,PF04670.19,PF08477.20	Partial	None
gene-VNE69_08148	rna-XM_065474466.1		None	None
gene-VNE69_08149	rna-XM_065474467.1	PF21262.4	Partial	None
gene-VNE69_08150	rna-XM_065474468.1		None	None
gene-VNE69_08151	rna-XM_065474469.1	PF00400.39	Partial	None
gene-VNE69_08152	rna-XM_065474470.1	PF00076.29,PF00076.29	Partial	None
gene-VNE69_08153	rna-XM_065474471.1	PF00079.26	Partial	None
gene-VNE69_08154	rna-XM_065474472.1	PF00079.26	Partial	None
gene-VNE69_08155	rna-XM_065474473.1	PF00079.26	Partial	None
gene-VNE69_08156	rna-XM_065474474.1		None	None
gene-VNE69_08157	rna-XM_065474475.1		None	None
gene-VNE69_08158	rna-XM_065474476.1	PF00079.26	Partial	None
gene-VNE69_08159	rna-XM_065474477.1	PF00079.26	Partial	None
gene-VNE69_08160	rna-XM_065474478.1	PF00079.26	Partial	None
gene-VNE69_08161	rna-XM_065474479.1	PF00189.26	Partial	None
gene-VNE69_08162	rna-XM_065474480.1		None	None
gene-VNE69_08163	rna-XM_065474481.1	PF06479.18	Complete	None
gene-VNE69_08164	rna-XM_065474482.1	PF01163.29,PF09202.18	Partial	None
gene-VNE69_08165	rna-XM_065474483.1		None	None
gene-VNE69_08166	rna-XM_065474484.1		None	None
gene-VNE69_08167	rna-XM_065474485.1		None	None
gene-VNE69_08168	rna-XM_065474486.1		None	None
gene-VNE69_08169	rna-XM_065474487.1		None	None
gene-VNE69_08170	rna-XM_065474488.1		None	None
gene-VNE69_08171	rna-XM_065474489.1		None	None
gene-VNE69_08172	rna-XM_065474490.1		None	None
gene-VNE69_08173	rna-XM_065474491.1		None	None
gene-VNE69_08174	rna-XM_065474492.1		None	None
gene-VNE69_08175	rna-XM_065474493.1		None	None
gene-VNE69_08176	rna-XM_065474494.1		None	None
gene-VNE69_08177	rna-XM_065474495.1		None	None
gene-VNE69_08178	rna-XM_065474496.1		None	None
gene-VNE69_08179	rna-XM_065474497.1		None	None
gene-VNE69_08179	rna-XM_065474498.1		None	None
gene-VNE69_08906	gene-VNE69_08906		None	None
gene-VNE69_08180	rna-XM_065474499.1		None	None
gene-VNE69_08181	rna-XM_065474500.1	PF00182.25	Partial	None
gene-VNE69_08181	rna-XM_065474501.1	PF00182.25	Complete	None
gene-VNE69_08181	rna-XM_065474502.1	PF00182.25	Complete	None
gene-VNE69_08182	rna-XM_065474503.1	PF01853.26	Partial	None
gene-VNE69_08183	rna-XM_065474504.1	PF11789.15	Partial	None
gene-VNE69_08184	rna-XM_065474505.1	PF00004.36,PF08542.17,PF13177.13	Complete	None
gene-VNE69_08185	rna-XM_065474506.1		None	None
gene-VNE69_08186	rna-XM_065474507.1	PF01399.34	Complete	None
gene-VNE69_08187	rna-XM_065474508.1		None	None
gene-VNE69_08188	rna-XM_065474509.1		None	None
gene-VNE69_08189	rna-XM_065474510.1		None	None
gene-VNE69_08190	rna-XM_065474511.1		None	None
gene-VNE69_08191	rna-XM_065474512.1	PF03839.22	Partial	None
gene-VNE69_08192	rna-XM_065474513.1		None	None
gene-VNE69_08193	rna-XM_065474514.1		None	None
gene-VNE69_08194	rna-XM_065474515.1		None	None
gene-VNE69_08195	rna-XM_065474516.1		None	None
gene-VNE69_08196	rna-XM_065474517.1		None	None
gene-VNE69_08197	rna-XM_065474518.1		None	None
gene-VNE69_09001	rna-XM_065474519.1		None	None
gene-VNE69_09002	rna-XM_065474520.1		None	None
gene-VNE69_09003	rna-XM_065474521.1		None	None
gene-VNE69_09004	rna-XM_065474522.1		None	None
gene-VNE69_09005	rna-XM_065474523.1		None	None
gene-VNE69_09006	rna-XM_065474524.1		None	None
gene-VNE69_09007	rna-XM_065474525.1	PF00632.31	Partial	None
gene-VNE69_09008	rna-XM_065474526.1	PF00383.30,PF08211.19	Partial	None
gene-VNE69_09009	rna-XM_065474527.1		None	None
gene-VNE69_09010	rna-XM_065474528.1		None	None
gene-VNE69_09011	rna-XM_065474529.1	PF29304.1	Partial	None
gene-VNE69_09012	rna-XM_065474530.1	PF29304.1,PF29304.1	Partial	None
gene-VNE69_09013	rna-XM_065474531.1		None	None
gene-VNE69_09014	rna-XM_065474532.1	PF29304.1	Partial	None
gene-VNE69_09015	rna-XM_065474533.1		None	None
gene-VNE69_09016	rna-XM_065474534.1		None	None
gene-VNE69_09017	rna-XM_065474535.1		None	None
gene-VNE69_09018	rna-XM_065474536.1		None	None
gene-VNE69_09019	rna-XM_065474537.1		None	None
gene-VNE69_09020	rna-XM_065474538.1	PF00227.32,PF10584.15	Partial	None
gene-VNE69_09021	rna-XM_065474539.1	PF01513.27,PF20143.5	Partial	None
gene-VNE69_09022	rna-XM_065474540.1		None	None
gene-VNE69_09023	rna-XM_065474541.1		None	None
gene-VNE69_09024	rna-XM_065474542.1		None	None
gene-VNE69_09025	rna-XM_065474543.1		None	None
gene-VNE69_09026	rna-XM_065474544.1		None	None
gene-VNE69_09027	rna-XM_065474545.1		None	None
gene-VNE69_09028	rna-XM_065474546.1		None	None
gene-VNE69_09029	rna-XM_065474547.1		None	None
gene-VNE69_09030	rna-XM_065474548.1		None	None
gene-VNE69_09031	rna-XM_065474549.1		None	None
gene-VNE69_09032	rna-XM_065474550.1		None	None
gene-VNE69_09033	rna-XM_065474551.1		None	None
gene-VNE69_09034	rna-XM_065474552.1	PF00083.31,PF00083.31,PF07690.22	Partial	None
gene-VNE69_09035	rna-XM_065474553.1		None	None
gene-VNE69_09036	rna-XM_065474554.1	PF00438.26,PF02772.22,PF02773.22	Complete	None
gene-VNE69_09037	rna-XM_065474555.1	PF17019.11	Partial	None
gene-VNE69_09038	rna-XM_065474556.1		None	None
gene-VNE69_09039	rna-XM_065474557.1	PF00270.36,PF00271.38,PF09382.18,PF16124.11	Complete	None
gene-VNE69_09040	rna-XM_065474558.1		None	None
gene-VNE69_09041	rna-XM_065474559.1		None	None
gene-VNE69_09042	rna-XM_065474560.1		None	None
gene-VNE69_09043	rna-XM_065474561.1		None	None
gene-VNE69_09044	rna-XM_065474562.1		None	None
gene-VNE69_09045	rna-XM_065474563.1		None	None
gene-VNE69_09046	rna-XM_065474564.1		None	None
gene-VNE69_09047	rna-XM_065474565.1		None	None
gene-VNE69_09048	rna-XM_065474566.1		None	None
gene-VNE69_09049	rna-XM_065474567.1		None	None
gene-VNE69_09050	rna-XM_065474568.1		None	None
gene-VNE69_09051	rna-XM_065474569.1	PF00005.34	Partial	None
gene-VNE69_09052	rna-XM_065474570.1	PF00005.34	Partial	None
gene-VNE69_09053	rna-XM_065474571.1		None	None
gene-VNE69_09054	rna-XM_065474572.1		None	None
gene-VNE69_09055	rna-XM_065474573.1		None	None
gene-VNE69_09901	gene-VNE69_09901		None	None
gene-VNE69_09056	rna-XM_065474574.1	PF00046.36	Partial	None
gene-VNE69_09057	rna-XM_065474575.1	PF00097.32,PF12678.14,PF12861.14,PF13639.13,PF13923.13,PF17123.12	Complete	None
gene-VNE69_09058	rna-XM_065474576.1	PF00179.32	Partial	None
gene-VNE69_09059	rna-XM_065474577.1		None	None
gene-VNE69_09060	rna-XM_065474578.1		None	None
gene-VNE69_09061	rna-XM_065474579.1		None	None
gene-VNE69_09062	rna-XM_065474580.1	PF29631.1,PF29632.1	Complete	None
gene-VNE69_09063	rna-XM_065474581.1		None	None
gene-VNE69_09064	rna-XM_065474582.1		None	None
gene-VNE69_09065	rna-XM_065474583.1		None	None
gene-VNE69_09066	rna-XM_065474584.1		None	None
gene-VNE69_09067	rna-XM_065474585.1		None	None
gene-VNE69_09068	rna-XM_065474586.1		None	None
gene-VNE69_09069	rna-XM_065474587.1	PF29631.1,PF29632.1	Complete	None
gene-VNE69_09070	rna-XM_065474588.1		None	None
gene-VNE69_09071	rna-XM_065474589.1		None	None
gene-VNE69_09072	rna-XM_065474590.1		None	None
gene-VNE69_09073	rna-XM_065474591.1		None	None
gene-VNE69_09074	rna-XM_065474592.1		None	None
gene-VNE69_09075	rna-XM_065474593.1		None	None
gene-VNE69_09076	rna-XM_065474594.1	PF29631.1,PF29632.1	Complete	None
gene-VNE69_09077	rna-XM_065474595.1		None	None
gene-VNE69_09078	rna-XM_065474596.1		None	None
gene-VNE69_09079	rna-XM_065474597.1	PF01204.25,PF01204.25	Partial	None
gene-VNE69_09080	rna-XM_065474598.1		None	None
gene-VNE69_09081	rna-XM_065474599.1	PF03962.22,PF18517.7	Complete	None
gene-VNE69_09082	rna-XM_065474600.1	PF01467.33	Partial	None
gene-VNE69_09083	rna-XM_065474601.1		None	None
gene-VNE69_09084	rna-XM_065474602.1		None	None
gene-VNE69_09085	rna-XM_065474603.1		None	None
gene-VNE69_09086	rna-XM_065474604.1		None	None
gene-VNE69_09087	rna-XM_065474605.1		None	None
gene-VNE69_09088	rna-XM_065474606.1		None	None
gene-VNE69_09089	rna-XM_065474607.1		None	None
gene-VNE69_09090	rna-XM_065474608.1		None	None
gene-VNE69_09091	rna-XM_065474609.1		None	None
gene-VNE69_09092	rna-XM_065474610.1	PF12762.14	Partial	None
gene-VNE69_09093	rna-XM_065474611.1		None	None
gene-VNE69_09094	rna-XM_065474612.1		None	None
gene-VNE69_09095	rna-XM_065474613.1	PF01725.22	Partial	None
gene-VNE69_09096	rna-XM_065474614.1		None	None
gene-VNE69_09097	rna-XM_065474615.1		None	None
gene-VNE69_09098	rna-XM_065474616.1		None	None
gene-VNE69_09099	rna-XM_065474617.1	PF01725.22	Partial	None
gene-VNE69_09100	rna-XM_065474618.1	PF00501.35,PF13193.13,PF16177.12	Complete	None
gene-VNE69_09101	rna-XM_065474619.1	PF00692.25	Partial	None
gene-VNE69_09102	rna-XM_065474620.1		None	None
gene-VNE69_09103	rna-XM_065474621.1	PF01210.30,PF07479.20	Complete	None
gene-VNE69_09104	rna-XM_065474622.1	PF03332.20,PF08282.19	Partial	None
gene-VNE69_09105	rna-XM_065474623.1	PF02223.24	Partial	None
gene-VNE69_09106	rna-XM_065474624.1		None	None
gene-VNE69_09107	rna-XM_065474625.1		None	None
gene-VNE69_09108	rna-XM_065474626.1		None	None
gene-VNE69_09109	rna-XM_065474627.1		None	None
gene-VNE69_09110	rna-XM_065474628.1		None	None
gene-VNE69_09111	rna-XM_065474629.1		None	None
gene-VNE69_09112	rna-XM_065474630.1		None	None
gene-VNE69_09113	rna-XM_065474631.1	PF00005.34,PF00664.29	Complete	None
gene-VNE69_09114	rna-XM_065474632.1		None	None
gene-VNE69_09115	rna-XM_065474633.1	PF00078.33,PF17917.8,PF17919.8	Complete	None
gene-VNE69_09116	rna-XM_065474634.1		None	None
gene-VNE69_09117	rna-XM_065474635.1	PF17917.8,PF17921.8	Complete	None
gene-VNE69_09118	rna-XM_065474636.1		None	None
gene-VNE69_09118	rna-XM_065474637.1		None	None
gene-VNE69_09119	rna-XM_065474638.1		None	None
gene-VNE69_09120	rna-XM_065474639.1		None	None
gene-VNE69_09121	rna-XM_065474640.1		None	None
gene-VNE69_09122	rna-XM_065474641.1		None	None
gene-VNE69_09122	rna-XM_065474642.1	PF00077.26,PF08284.17	Complete	None
gene-VNE69_09123	rna-XM_065474643.1	PF00078.33,PF00665.33,PF17917.8,PF17919.8,PF17921.8	Complete	None
gene-VNE69_09124	rna-XM_065474644.1	PF12384.13	Partial	None
gene-VNE69_09125	rna-XM_065474645.1		None	None
gene-VNE69_09126	rna-XM_065474646.1	PF01544.24	Partial	None
gene-VNE69_09127	rna-XM_065474647.1		None	None
gene-VNE69_09128	rna-XM_065474648.1	PF00270.36,PF04851.22,PF09416.17,PF13086.13,PF13087.13,PF13245.13,PF13604.13	Complete	None
gene-VNE69_09129	rna-XM_065474649.1		None	None
gene-VNE69_09130	rna-XM_065474650.1		None	None
gene-VNE69_09131	rna-XM_065474651.1		None	None
gene-VNE69_09132	rna-XM_065474652.1		None	None
gene-VNE69_09133	rna-XM_065474653.1		None	None
gene-VNE69_09134	rna-XM_065474654.1		None	None
gene-VNE69_09135	rna-XM_065474655.1		None	None
gene-VNE69_09136	rna-XM_065474656.1		None	None
gene-VNE69_09137	rna-XM_065474657.1		None	None
gene-VNE69_09138	rna-XM_065474658.1		None	None
gene-VNE69_09139	rna-XM_065474659.1		None	None
gene-VNE69_09140	rna-XM_065474660.1		None	None
gene-VNE69_09141	rna-XM_065474661.1		None	None
gene-VNE69_09142	rna-XM_065474662.1	PF00665.33,PF13610.13,PF17921.8	Partial	None
gene-VNE69_09143	rna-XM_065474663.1		None	None
gene-VNE69_09144	rna-XM_065474664.1		None	None
gene-VNE69_09145	rna-XM_065474665.1		None	None
gene-VNE69_09146	rna-XM_065474666.1		None	None
gene-VNE69_09147	rna-XM_065474667.1		None	None
gene-VNE69_09148	rna-XM_065474668.1		None	None
gene-VNE69_09149	rna-XM_065474669.1		None	None
gene-VNE69_09150	rna-XM_065474670.1		None	None
gene-VNE69_09151	rna-XM_065474671.1		None	None
gene-VNE69_09152	rna-XM_065474672.1	PF00179.32	Partial	None
gene-VNE69_09153	rna-XM_065474673.1	PF00154.28,PF08423.18	Partial	None
gene-VNE69_09154	rna-XM_065474674.1		None	None
gene-VNE69_09155	rna-XM_065474675.1		None	None
gene-VNE69_09156	rna-XM_065474676.1		None	None
gene-VNE69_09157	rna-XM_065474677.1		None	None
gene-VNE69_09158	rna-XM_065474678.1		None	None
gene-VNE69_09159	rna-XM_065474679.1	PF01490.25	Partial	None
gene-VNE69_09160	rna-XM_065474680.1		None	None
gene-VNE69_09161	rna-XM_065474681.1	PF00227.32	Partial	None
gene-VNE69_09162	rna-XM_065474682.1		None	None
gene-VNE69_09162	rna-XM_065474683.1		None	None
gene-VNE69_09163	rna-XM_065474684.1		None	None
gene-VNE69_09164	rna-XM_065474685.1	PF00400.39,PF00400.39	Complete	None
gene-VNE69_09165	rna-XM_065474686.1	PF01015.24	Partial	None
gene-VNE69_09902	gene-VNE69_09902		None	None
gene-VNE69_09166	rna-XM_065474687.1		None	None
gene-VNE69_09167	rna-XM_065474688.1		None	None
gene-VNE69_09168	rna-XM_065474689.1		None	None
gene-VNE69_09169	rna-XM_065474690.1		None	None
gene-VNE69_09170	rna-XM_065474691.1		None	None
gene-VNE69_09171	rna-XM_065474692.1		None	None
gene-VNE69_09172	rna-XM_065474693.1	PF10607.15	Partial	None
gene-VNE69_09173	rna-XM_065474694.1		None	None
gene-VNE69_09903	gene-VNE69_09903		None	None
gene-VNE69_09174	rna-XM_065474695.1		None	None
gene-VNE69_09175	rna-XM_065474696.1		None	None
gene-VNE69_09176	rna-XM_065474697.1		None	None
gene-VNE69_09177	rna-XM_065474698.1	PF17032.11	Partial	None
gene-VNE69_09178	rna-XM_065474699.1	PF17032.11	Partial	None
gene-VNE69_09179	rna-XM_065474700.1	PF00225.30,PF16796.12	Partial	None
gene-VNE69_09180	rna-XM_065474701.1		None	None
gene-VNE69_09181	rna-XM_065474702.1	PF00025.28,PF00071.29,PF01926.30,PF04670.19,PF08477.20,PF09439.17	Partial	None
gene-VNE69_09182	rna-XM_065474703.1	PF17012.11	Partial	None
gene-VNE69_09183	rna-XM_065474704.1		None	None
gene-VNE69_09184	rna-XM_065474705.1	PF04825.19	Partial	None
gene-VNE69_09185	rna-XM_065474706.1	PF01734.28	Complete	None
gene-VNE69_09186	rna-XM_065474707.1	PF00005.34	Complete	None
gene-VNE69_09187	rna-XM_065474708.1		None	None
gene-VNE69_09188	rna-XM_065474709.1		None	None
gene-VNE69_09189	rna-XM_065474710.1		None	None
gene-VNE69_09190	rna-XM_065474711.1	PF08238.19,PF08238.19,PF08238.19,PF08238.19,PF08238.19	Complete	None
gene-VNE69_09191	rna-XM_065474712.1	PF01433.27,PF11838.15,PF17900.7	Partial	None
gene-VNE69_09192	rna-XM_065474713.1		None	None
gene-VNE69_09193	rna-XM_065474714.1	PF03271.23	Complete	None
gene-VNE69_09194	rna-XM_065474715.1		None	None
gene-VNE69_09195	rna-XM_065474716.1	PF00632.31	Partial	None
gene-VNE69_09196	rna-XM_065474717.1		None	None
gene-VNE69_09197	rna-XM_065474718.1	PF04500.23,PF10551.16	Complete	None
gene-VNE69_09198	rna-XM_065474719.1		None	None
gene-VNE69_09199	rna-XM_065474720.1		None	None
gene-VNE69_09200	rna-XM_065474721.1		None	None
gene-VNE69_10001	rna-XM_065474722.1		None	None
gene-VNE69_10002	rna-XM_065474723.1		None	None
gene-VNE69_10003	rna-XM_065474724.1		None	None
gene-VNE69_10004	rna-XM_065474725.1		None	None
gene-VNE69_10005	rna-XM_065474726.1		None	None
gene-VNE69_10006	rna-XM_065474727.1		None	None
gene-VNE69_10007	rna-XM_065474728.1	PF08512.19,PF21103.4	Complete	None
gene-VNE69_10008	rna-XM_065474729.1	PF00410.25	Partial	None
gene-VNE69_10009	rna-XM_065474730.1	PF01412.24	Partial	None
gene-VNE69_10010	rna-XM_065474731.1	PF00134.29,PF08613.17	Partial	None
gene-VNE69_10011	rna-XM_065474732.1		None	None
gene-VNE69_10012	rna-XM_065474733.1	PF06093.20	Partial	None
gene-VNE69_10013	rna-XM_065474734.1	PF00439.31,PF00439.31,PF17035.11	Complete	None
gene-VNE69_10014	rna-XM_065474735.1	PF00227.32	Partial	None
gene-VNE69_10015	rna-XM_065474736.1	PF01172.25	Partial	None
gene-VNE69_10016	rna-XM_065474737.1	PF00069.32,PF00069.32,PF07714.24,PF07714.24	Partial	None
gene-VNE69_10017	rna-XM_065474738.1	PF18044.8	Partial	None
gene-VNE69_10018	rna-XM_065474739.1		None	None
gene-VNE69_10019	rna-XM_065474740.1		None	None
gene-VNE69_10020	rna-XM_065474741.1		None	None
gene-VNE69_10021	rna-XM_065474742.1		None	None
gene-VNE69_10022	rna-XM_065474743.1		None	None
gene-VNE69_10901	gene-VNE69_10901		None	None
gene-VNE69_10023	rna-XM_065474744.1	PF00252.25	Partial	None
gene-VNE69_10024	rna-XM_065474745.1	PF00439.31	Partial	None
gene-VNE69_10025	rna-XM_065474746.1		None	None
gene-VNE69_10026	rna-XM_065474747.1		None	None
gene-VNE69_10027	rna-XM_065474748.1		None	None
gene-VNE69_10028	rna-XM_065474749.1	PF01529.26	Partial	None
gene-VNE69_10029	rna-XM_065474750.1	PF04939.18	Partial	None
gene-VNE69_10030	rna-XM_065474751.1	PF00005.34	Partial	None
gene-VNE69_10031	rna-XM_065474752.1	PF01992.22	Partial	None
gene-VNE69_10032	rna-XM_065474753.1	PF21238.3	Partial	None
gene-VNE69_10033	rna-XM_065474754.1		None	None
gene-VNE69_10034	rna-XM_065474755.1	PF01204.25	Partial	None
gene-VNE69_10035	rna-XM_065474756.1	PF01416.26	Complete	None
gene-VNE69_10801	gene-VNE69_10801		None	None
gene-VNE69_10802	gene-VNE69_10802		None	None
gene-VNE69_10036	rna-XM_065474757.1		None	None
gene-VNE69_10037	rna-XM_065474758.1		None	None
gene-VNE69_10038	rna-XM_065474759.1	PF00078.33,PF00098.29,PF00665.33,PF17917.8,PF17919.8,PF17921.8	Complete	None
gene-VNE69_10039	rna-XM_065474760.1		None	None
gene-VNE69_10040	rna-XM_065474761.1		None	None
gene-VNE69_10041	rna-XM_065474762.1	PF00665.33,PF17921.8	Partial	None
gene-VNE69_10042	rna-XM_065474763.1		None	None
gene-VNE69_10043	rna-XM_065474764.1	PF00113.29,PF00113.29	Partial	None
gene-VNE69_10044	rna-XM_065474765.1		None	None
gene-VNE69_10044	rna-XM_065474766.1		None	None
gene-VNE69_10045	rna-XM_065474767.1	PF13683.13	Partial	None
gene-VNE69_10046	rna-XM_065474768.1	PF00665.33,PF29688.1	Partial	None
gene-VNE69_10047	rna-XM_065474769.1	PF13650.12,PF13975.12	Complete	None
gene-VNE69_10048	rna-XM_065474770.1		None	None
gene-VNE69_10049	rna-XM_065474771.1		None	None
gene-VNE69_10050	rna-XM_065474772.1	PF08706.17	Complete	None
gene-VNE69_10051	rna-XM_065474773.1		None	None
gene-VNE69_10052	rna-XM_065474774.1		None	None
gene-VNE69_10053	rna-XM_065474775.1	PF12762.14	Partial	None
gene-VNE69_10054	rna-XM_065474776.1	PF00078.33,PF17917.8,PF17919.8	Partial	None
gene-VNE69_10055	rna-XM_065474777.1		None	None
gene-VNE69_10056	rna-XM_065474778.1		None	None
gene-VNE69_10057	rna-XM_065474779.1		None	None
gene-VNE69_10058	rna-XM_065474780.1		None	None
gene-VNE69_10059	rna-XM_065474781.1		None	None
gene-VNE69_10060	rna-XM_065474782.1		None	None
gene-VNE69_10061	rna-XM_065474783.1	PF04564.22,PF10408.15	Complete	None
gene-VNE69_10902	gene-VNE69_10902		None	None
gene-VNE69_10062	rna-XM_065474784.1		None	None
gene-VNE69_10063	rna-XM_065474785.1	PF02201.24	Complete	None
gene-VNE69_10064	rna-XM_065474786.1	PF02779.30,PF02780.26	Partial	None
gene-VNE69_10065	rna-XM_065474787.1		None	None
gene-VNE69_10066	rna-XM_065474788.1		None	None
gene-VNE69_10067	rna-XM_065474789.1		None	None
gene-VNE69_10068	rna-XM_065474790.1		None	None
gene-VNE69_10069	rna-XM_065474791.1		None	None
gene-VNE69_10070	rna-XM_065474792.1		None	None
gene-VNE69_10071	rna-XM_065474793.1	PF00488.28,PF05192.24	Complete	None
gene-VNE69_10072	rna-XM_065474794.1		None	None
gene-VNE69_10073	rna-XM_065474795.1		None	None
gene-VNE69_10074	rna-XM_065474796.1		None	None
gene-VNE69_10075	rna-XM_065474797.1	PF00069.32,PF07714.24,PF14531.13	Partial	None
gene-VNE69_10076	rna-XM_065474798.1	PF00069.32,PF07714.24	Partial	None
gene-VNE69_10077	rna-XM_065474799.1		None	None
gene-VNE69_10078	rna-XM_065474800.1	PF00411.25	Partial	None
gene-VNE69_10079	rna-XM_065474801.1	PF00365.26,PF00365.26	Complete	None
gene-VNE69_10080	rna-XM_065474802.1	PF00005.34	Partial	None
gene-VNE69_10903	gene-VNE69_10903		None	None
gene-VNE69_10081	rna-XM_065474803.1	PF00005.34	Partial	None
gene-VNE69_10082	rna-XM_065474804.1		None	None
gene-VNE69_10083	rna-XM_065474805.1	PF00005.34	Partial	None
gene-VNE69_10084	rna-XM_065474806.1	PF00005.34	Partial	None
gene-VNE69_10085	rna-XM_065474807.1		None	None
gene-VNE69_10086	rna-XM_065474808.1		None	None
gene-VNE69_10904	gene-VNE69_10904		None	None
gene-VNE69_10087	rna-XM_065474809.1	PF06026.21	Partial	None
gene-VNE69_10088	rna-XM_065474810.1		None	None
gene-VNE69_10905	gene-VNE69_10905		None	None
gene-VNE69_10089	rna-XM_065474811.1		None	None
gene-VNE69_10090	rna-XM_065474812.1		None	None
gene-VNE69_10091	rna-XM_065474813.1		None	None
gene-VNE69_10092	rna-XM_065474814.1	PF00005.34	Partial	None
gene-VNE69_10093	rna-XM_065474815.1		None	None
gene-VNE69_10094	rna-XM_065474816.1		None	None
gene-VNE69_10906	gene-VNE69_10906		None	None
gene-VNE69_10095	rna-XM_065474817.1	PF06026.21	Partial	None
gene-VNE69_10096	rna-XM_065474818.1		None	None
gene-VNE69_10907	gene-VNE69_10907		None	None
gene-VNE69_10097	rna-XM_065474819.1		None	None
gene-VNE69_10098	rna-XM_065474820.1		None	None
gene-VNE69_10099	rna-XM_065474821.1		None	None
gene-VNE69_10100	rna-XM_065474822.1		None	None
gene-VNE69_10101	rna-XM_065474823.1	PF00076.29	Partial	None
gene-VNE69_10102	rna-XM_065474824.1	PF00076.29,PF00076.29	Complete	None
gene-VNE69_10103	rna-XM_065474825.1		None	None
gene-VNE69_10104	rna-XM_065474826.1		None	None
gene-VNE69_10105	rna-XM_065474827.1	PF01553.27	Partial	None
gene-VNE69_10106	rna-XM_065474828.1	PF01553.27	Partial	None
gene-VNE69_10908	gene-VNE69_10908		None	None
gene-VNE69_10107	rna-XM_065474829.1	PF01199.24	Partial	None
gene-VNE69_10108	rna-XM_065474830.1	PF00133.29,PF08264.20,PF09334.18,PF19303.6	Complete	None
gene-VNE69_10109	rna-XM_065474831.1	PF00773.26,PF17849.8	Complete	None
gene-VNE69_10110	rna-XM_065474832.1	PF00091.32,PF03953.23	Complete	None
gene-VNE69_10909	gene-VNE69_10909		None	None
gene-VNE69_10111	rna-XM_065474833.1	PF00077.26,PF00078.33,PF00665.33,PF13975.12,PF17917.8,PF17919.8,PF17921.8	Complete	None
gene-VNE69_10111	rna-XM_065474834.1	PF00077.26,PF13975.12	Complete	None
gene-VNE69_10112	rna-XM_065474835.1	PF01066.27	Partial	None
gene-VNE69_10113	rna-XM_065474836.1		None	None
gene-VNE69_10114	rna-XM_065474837.1		None	None
gene-VNE69_10115	rna-XM_065474838.1		None	None
gene-VNE69_10116	rna-XM_065474839.1		None	None
gene-VNE69_10117	rna-XM_065474840.1		None	None
gene-VNE69_10118	rna-XM_065474841.1	PF00675.26,PF05193.27,PF16187.11	Complete	None
gene-VNE69_10119	rna-XM_065474842.1		None	None
gene-VNE69_10120	rna-XM_065474843.1	PF00069.32,PF07714.24	Partial	None
gene-VNE69_10121	rna-XM_065474844.1	PF00307.37	Partial	None
gene-VNE69_10122	rna-XM_065474845.1		None	None
gene-VNE69_10123	rna-XM_065474846.1		None	None
gene-VNE69_10124	rna-XM_065474847.1		None	None
gene-VNE69_10125	rna-XM_065474848.1		None	None
gene-VNE69_10126	rna-XM_065474849.1	PF03153.19	Partial	None
gene-VNE69_10127	rna-XM_065474850.1	PF00752.24,PF00867.24	Partial	None
gene-VNE69_10128	rna-XM_065474851.1		None	None
gene-VNE69_10129	rna-XM_065474852.1	PF00454.34	Complete	None
gene-VNE69_10130	rna-XM_065474853.1	PF23098.2	Partial	None
gene-VNE69_10131	rna-XM_065474854.1	PF15963.12	Partial	None
gene-VNE69_10132	rna-XM_065474855.1	PF00004.36,PF01443.25,PF09848.16,PF13191.13,PF13401.13	Partial	None
gene-VNE69_10133	rna-XM_065474856.1	PF00557.30,PF01321.25,PF16188.11,PF16189.12	Complete	None
gene-VNE69_10134	rna-XM_065474857.1		None	None
gene-VNE69_10135	rna-XM_065474858.1	PF04750.20	Partial	None
gene-VNE69_10136	rna-XM_065474859.1		None	None
gene-VNE69_10137	rna-XM_065474860.1		None	None
gene-VNE69_10138	rna-XM_065474861.1		None	None
gene-VNE69_10139	rna-XM_065474862.1	PF00924.25	Complete	None
gene-VNE69_10140	rna-XM_065474863.1	PF00078.33,PF17917.8,PF17919.8,PF17921.8	Complete	None
gene-VNE69_10141	rna-XM_065474864.1		None	None
gene-VNE69_10142	rna-XM_065474865.1	PF00244.27	Partial	None
gene-VNE69_10143	rna-XM_065474866.1	PF00188.33	Partial	None
gene-VNE69_10144	rna-XM_065474867.1		None	None
gene-VNE69_10145	rna-XM_065474868.1	PF00069.32,PF03109.23,PF07714.24	Partial	None
gene-VNE69_10146	rna-XM_065474869.1		None	None
gene-VNE69_10147	rna-XM_065474870.1	PF01399.34,PF22241.3	Complete	None
gene-VNE69_10148	rna-XM_065474871.1	PF00899.28,PF00899.28,PF09358.16,PF10585.15,PF16191.11	Complete	None
gene-VNE69_10149	rna-XM_065474872.1	PF00327.26	Partial	None
gene-VNE69_10150	rna-XM_065474873.1		None	None
gene-VNE69_10151	rna-XM_065474874.1	PF12330.15	Partial	None
gene-VNE69_10152	rna-XM_065474875.1	PF00069.32,PF07714.24,PF17667.8	Partial	None
gene-VNE69_10910	gene-VNE69_10910		None	None
gene-VNE69_10153	rna-XM_065474876.1	PF00995.29,PF00995.29	Partial	None
gene-VNE69_10154	rna-XM_065474877.1		None	None
gene-VNE69_10155	rna-XM_065474878.1		None	None
gene-VNE69_10156	rna-XM_065474879.1		None	None
gene-VNE69_10157	rna-XM_065474880.1		None	None
gene-VNE69_10911	gene-VNE69_10911		None	None
gene-VNE69_10158	rna-XM_065474881.1	PF00297.29	Partial	None
gene-VNE69_10159	rna-XM_065474882.1		None	None
gene-VNE69_10160	rna-XM_065474883.1	PF00400.39	Complete	None
gene-VNE69_10161	rna-XM_065474884.1		None	None
gene-VNE69_10162	rna-XM_065474885.1	PF00046.36	Partial	None
gene-VNE69_10163	rna-XM_065474886.1	PF17010.11	Partial	None
gene-VNE69_10164	rna-XM_065474887.1		None	None
gene-VNE69_10165	rna-XM_065474888.1	PF00578.28,PF08534.17	Partial	None
gene-VNE69_10166	rna-XM_065474889.1	PF00082.28	Partial	None
gene-VNE69_10167	rna-XM_065474890.1	PF00620.33	Partial	None
gene-VNE69_10168	rna-XM_065474891.1		None	None
gene-VNE69_10169	rna-XM_065474892.1		None	None
gene-VNE69_10170	rna-XM_065474893.1		None	None
gene-VNE69_10171	rna-XM_065474894.1		None	None
gene-VNE69_10172	rna-XM_065474895.1		None	None
gene-VNE69_10173	rna-XM_065474896.1		None	None
gene-VNE69_10174	rna-XM_065474897.1		None	None
gene-VNE69_10175	rna-XM_065474898.1		None	None
gene-VNE69_10176	rna-XM_065474899.1		None	None
gene-VNE69_10803	gene-VNE69_10803		None	None
gene-VNE69_10177	rna-XM_065474900.1	PF03271.23	Complete	None
gene-VNE69_10178	rna-XM_065474901.1		None	None
gene-VNE69_11001	rna-XM_065474902.1		None	None
gene-VNE69_11801	gene-VNE69_11801		None	None
gene-VNE69_11002	rna-XM_065474903.1	PF00077.26,PF00078.33,PF00665.33,PF13975.12,PF17917.8,PF17919.8,PF17921.8	Complete	None
gene-VNE69_11003	rna-XM_065474904.1		None	None
gene-VNE69_11004	rna-XM_065474905.1	PF00632.31	Partial	None
gene-VNE69_11005	rna-XM_065474906.1		None	None
gene-VNE69_11006	rna-XM_065474907.1		None	None
gene-VNE69_11007	rna-XM_065474908.1		None	None
gene-VNE69_11008	rna-XM_065474909.1	PF00012.27	Partial	None
gene-VNE69_11009	rna-XM_065474910.1		None	None
gene-VNE69_11010	rna-XM_065474911.1		None	None
gene-VNE69_11010	rna-XM_065474912.1		None	None
gene-VNE69_11011	rna-XM_065474913.1		None	None
gene-VNE69_11012	rna-XM_065474914.1		None	None
gene-VNE69_11013	rna-XM_065474915.1		None	None
gene-VNE69_11014	rna-XM_065474916.1		None	None
gene-VNE69_11015	rna-XM_065474917.1		None	None
gene-VNE69_11015	rna-XM_065474918.1		None	None
gene-VNE69_11016	rna-XM_065474919.1		None	None
gene-VNE69_11017	rna-XM_065474920.1		None	None
gene-VNE69_11018	rna-XM_065474921.1		None	None
gene-VNE69_11019	rna-XM_065474922.1	PF00702.33	Partial	None
gene-VNE69_11020	rna-XM_065474923.1	PF00702.33,PF13419.13	Partial	None
gene-VNE69_11021	rna-XM_065474924.1		None	None
gene-VNE69_11022	rna-XM_065474925.1		None	None
gene-VNE69_11023	rna-XM_065474926.1		None	None
gene-VNE69_11024	rna-XM_065474927.1		None	None
gene-VNE69_11025	rna-XM_065474928.1	PF03074.23	Partial	None
gene-VNE69_11026	rna-XM_065474929.1		None	None
gene-VNE69_11027	rna-XM_065474930.1	PF09402.17	Partial	None
gene-VNE69_11028	rna-XM_065474931.1	PF01704.25	Partial	None
gene-VNE69_11029	rna-XM_065474932.1	PF00831.29	Partial	None
gene-VNE69_11030	rna-XM_065474933.1	PF00118.30	Partial	None
gene-VNE69_11031	rna-XM_065474934.1		None	None
gene-VNE69_11032	rna-XM_065474935.1		None	None
gene-VNE69_11033	rna-XM_065474936.1	PF04468.18	Partial	None
gene-VNE69_11034	rna-XM_065474937.1		None	None
gene-VNE69_11035	rna-XM_065474938.1		None	None
gene-VNE69_11036	rna-XM_065474939.1		None	None
gene-VNE69_11037	rna-XM_065474940.1	PF12271.15	Partial	None
gene-VNE69_11038	rna-XM_065474941.1		None	None
gene-VNE69_11039	rna-XM_065474942.1	PF00385.31	Partial	None
gene-VNE69_11039	rna-XM_065474943.1	PF00385.31	Partial	None
gene-VNE69_11040	rna-XM_065474944.1	PF05653.21,PF05653.21	Partial	None
gene-VNE69_11041	rna-XM_065474945.1		None	None
gene-VNE69_11042	rna-XM_065474946.1	PF01602.27	Partial	None
gene-VNE69_11043	rna-XM_065474947.1		None	None
gene-VNE69_11044	rna-XM_065474948.1		None	None
gene-VNE69_11045	rna-XM_065474949.1		None	None
gene-VNE69_11046	rna-XM_065474950.1	PF13358.13	Partial	None
gene-VNE69_11047	rna-XM_065474951.1		None	None
gene-VNE69_11048	rna-XM_065474952.1		None	None
gene-VNE69_11049	rna-XM_065474953.1		None	None
gene-VNE69_11050	rna-XM_065474954.1	PF00079.26	Partial	None
gene-VNE69_11051	rna-XM_065474955.1		None	None
gene-VNE69_11052	rna-XM_065474956.1	PF00079.26	Partial	None
gene-VNE69_11053	rna-XM_065474957.1		None	None
gene-VNE69_11054	rna-XM_065474958.1	PF00069.32,PF00069.32,PF07714.24	Partial	None
gene-VNE69_11055	rna-XM_065474959.1		None	None
gene-VNE69_11056	rna-XM_065474960.1	PF00623.26,PF04983.24,PF04990.18,PF04992.20,PF04997.18,PF04998.23,PF05000.23,PF05001.19,PF05001.19,PF05001.19,PF05001.19,PF05001.19	Complete	None
gene-VNE69_11057	rna-XM_065474961.1	PF03483.23,PF03484.22,PF17759.7,PF18262.8	Complete	None
gene-VNE69_11058	rna-XM_065474962.1		None	None
gene-VNE69_11059	rna-XM_065474963.1	PF01294.24	Partial	None
gene-VNE69_11060	rna-XM_065474964.1	PF00380.26	Partial	None
gene-VNE69_11061	rna-XM_065474965.1		None	None
gene-VNE69_11062	rna-XM_065474966.1		None	None
gene-VNE69_11063	rna-XM_065474967.1		None	None
gene-VNE69_11064	rna-XM_065474968.1		None	None
gene-VNE69_11065	rna-XM_065474969.1		None	None
gene-VNE69_11066	rna-XM_065474970.1	PF00025.28,PF00071.29,PF01926.30,PF04670.19,PF08477.20	Partial	None
gene-VNE69_11901	gene-VNE69_11901		None	None
gene-VNE69_11067	rna-XM_065474971.1	PF00004.36,PF09336.17,PF17862.8	Complete	None
gene-VNE69_11068	rna-XM_065474972.1	PF02146.24	Partial	None
gene-VNE69_11069	rna-XM_065474973.1		None	None
gene-VNE69_11069	rna-XM_065474974.1		None	None
gene-VNE69_11070	rna-XM_065474975.1	PF00562.34,PF00562.34,PF04560.26,PF04561.20,PF04563.21,PF04565.22,PF04566.19	Complete	None
gene-VNE69_11071	rna-XM_065474976.1	PF00400.39,PF00400.39,PF00400.39,PF00400.39,PF00400.39,PF00400.39,PF25048.2	Complete	None
gene-VNE69_11072	rna-XM_065474977.1		None	None
gene-VNE69_11073	rna-XM_065474978.1	PF00264.26,PF00264.26	Partial	None
gene-VNE69_11074	rna-XM_065474979.1		None	None
gene-VNE69_11075	rna-XM_065474980.1	PF14616.12	Partial	None
gene-VNE69_11076	rna-XM_065474981.1	PF08512.19,PF08644.18,PF14826.13,PF24824.2	Complete	None
gene-VNE69_11077	rna-XM_065474982.1	PF00005.34,PF01061.30,PF12698.14,PF19055.7	Partial	None
gene-VNE69_11077	rna-XM_065474983.1	PF00005.34,PF01061.30,PF12698.14,PF19055.7	Partial	None
gene-VNE69_11078	rna-XM_065474984.1		None	None
gene-VNE69_11079	rna-XM_065474985.1		None	None
gene-VNE69_11080	rna-XM_065474986.1	PF03223.21,PF03223.21	Partial	None
gene-VNE69_11081	rna-XM_065474987.1	PF00081.28,PF02777.24	Partial	None
gene-VNE69_11082	rna-XM_065474988.1		None	None
gene-VNE69_11083	rna-XM_065474989.1	PF00012.27,PF00012.27	Partial	None
gene-VNE69_11084	rna-XM_065474990.1		None	None
gene-VNE69_11085	rna-XM_065474991.1		None	None
gene-VNE69_11085	rna-XM_065474992.1		None	None
gene-VNE69_11086	rna-XM_065474993.1		None	None
gene-VNE69_11087	rna-XM_065474994.1	PF00443.36	Partial	None
gene-VNE69_11088	rna-XM_065474995.1		None	None
gene-VNE69_11089	rna-XM_065474996.1		None	None
gene-VNE69_11090	rna-XM_065474997.1		None	None
gene-VNE69_11091	rna-XM_065474998.1		None	None
gene-VNE69_11092	rna-XM_065474999.1		None	None
gene-VNE69_11093	rna-XM_065475000.1		None	None
gene-VNE69_11094	rna-XM_065475001.1		None	None
gene-VNE69_11095	rna-XM_065475002.1	PF00957.28	Complete	None
gene-VNE69_11096	rna-XM_065475003.1	PF00488.28,PF05192.24	Complete	None
gene-VNE69_11097	rna-XM_065475004.1	PF00621.26,PF00780.29	Complete	None
gene-VNE69_11098	rna-XM_065475005.1	PF00443.36,PF13423.13	Partial	None
gene-VNE69_11099	rna-XM_065475006.1	PF09783.15	Partial	None
gene-VNE69_11100	rna-XM_065475007.1	PF04893.23	Partial	None
gene-VNE69_11101	rna-XM_065475008.1	PF00078.33,PF17917.8,PF17919.8	Complete	None
gene-VNE69_11102	rna-XM_065475009.1		None	None
gene-VNE69_11103	rna-XM_065475010.1		None	None
gene-VNE69_11104	rna-XM_065475011.1	PF00078.33,PF08284.17,PF13650.12,PF17917.8,PF17919.8	Complete	None
gene-VNE69_11105	rna-XM_065475012.1		None	None
gene-VNE69_11106	rna-XM_065475013.1		None	None
gene-VNE69_11107	rna-XM_065475014.1		None	None
gene-VNE69_11108	rna-XM_065475015.1		None	None
gene-VNE69_11109	rna-XM_065475016.1		None	None
gene-VNE69_11110	rna-XM_065475017.1		None	None
gene-VNE69_11111	rna-XM_065475018.1	PF17919.8	Partial	None
gene-VNE69_11112	rna-XM_065475019.1	PF12762.14	Partial	None
gene-VNE69_11113	rna-XM_065475020.1	PF13358.13	Partial	None
gene-VNE69_11114	rna-XM_065475021.1	PF12762.14	Partial	None
gene-VNE69_11115	rna-XM_065475022.1		None	None
gene-VNE69_11116	rna-XM_065475023.1		None	None
gene-VNE69_11802	gene-VNE69_11802		None	None
gene-VNE69_11803	gene-VNE69_11803		None	None
gene-VNE69_11117	rna-XM_065475024.1	PF00077.26,PF00078.33,PF00665.33,PF17917.8,PF17919.8,PF17921.8	Complete	None
gene-VNE69_11117	rna-XM_065475025.1	PF00077.26,PF13975.12	Partial	None
gene-VNE69_11804	gene-VNE69_11804		None	None
gene-VNE69_11805	gene-VNE69_11805		None	None
gene-VNE69_11118	rna-XM_065475026.1		None	None
gene-VNE69_11119	rna-XM_065475027.1	PF00078.33,PF00665.33,PF13975.12,PF17917.8,PF17919.8,PF17921.8	Complete	None
gene-VNE69_11119	rna-XM_065475028.1	PF00077.26,PF13975.12	Complete	None
gene-VNE69_11806	gene-VNE69_11806		None	None
gene-VNE69_11807	gene-VNE69_11807		None	None
gene-VNE69_11120	rna-XM_065475029.1		None	None
gene-VNE69_11121	rna-XM_065475030.1		None	None
gene-VNE69_11122	rna-XM_065475031.1		None	None
gene-VNE69_11123	rna-XM_065475032.1		None	None
gene-VNE69_11124	rna-XM_065475033.1		None	None
gene-VNE69_11125	rna-XM_065475034.1		None	None
gene-VNE69_11126	rna-XM_065475035.1	PF00400.39,PF00400.39,PF00400.39,PF24807.2	Complete	None
gene-VNE69_11127	rna-XM_065475036.1	PF04427.24	Partial	None
gene-VNE69_11128	rna-XM_065475037.1		None	None
gene-VNE69_11129	rna-XM_065475038.1	PF00076.29,PF00076.29	Complete	None
gene-VNE69_11130	rna-XM_065475039.1	PF01553.27	Partial	None
gene-VNE69_11131	rna-XM_065475040.1	PF00572.25	Partial	None
gene-VNE69_11132	rna-XM_065475041.1	PF03399.23	Partial	None
gene-VNE69_11132	rna-XM_065475042.1	PF03399.23	Partial	None
gene-VNE69_11133	rna-XM_065475043.1		None	None
gene-VNE69_11134	rna-XM_065475044.1		None	None
gene-VNE69_11135	rna-XM_065475045.1		None	None
gene-VNE69_11136	rna-XM_065475046.1		None	None
gene-VNE69_11902	gene-VNE69_11902		None	None
gene-VNE69_11137	rna-XM_065475047.1		None	None
gene-VNE69_11138	rna-XM_065475048.1	PF01019.28	Partial	None
gene-VNE69_11139	rna-XM_065475049.1		None	None
gene-VNE69_11140	rna-XM_065475050.1	PF01655.24	Partial	None
gene-VNE69_11141	rna-XM_065475051.1		None	None
gene-VNE69_11142	rna-XM_065475052.1	PF00069.32	Partial	None
gene-VNE69_11143	rna-XM_065475053.1	PF00856.34	Complete	None
gene-VNE69_11144	rna-XM_065475054.1	PF00400.39,PF00400.39	Complete	None
gene-VNE69_11145	rna-XM_065475055.1	PF08265.17	Complete	None
gene-VNE69_11146	rna-XM_065475056.1	PF00623.26,PF04983.24,PF04997.18,PF04998.23,PF05000.23	Complete	None
gene-VNE69_11147	rna-XM_065475057.1		None	None
gene-VNE69_11148	rna-XM_065475058.1		None	None
gene-VNE69_11149	rna-XM_065475059.1		None	None
gene-VNE69_11150	rna-XM_065475060.1		None	None
gene-VNE69_11903	gene-VNE69_11903		None	None
gene-VNE69_11151	rna-XM_065475061.1		None	None
gene-VNE69_11152	rna-XM_065475062.1	PF00352.28,PF00352.28	Partial	None
gene-VNE69_11153	rna-XM_065475063.1	PF00999.27	Partial	None
gene-VNE69_11154	rna-XM_065475064.1		None	None
gene-VNE69_11155	rna-XM_065475065.1	PF08513.18	Partial	None
gene-VNE69_11156	rna-XM_065475066.1	PF00415.25,PF00415.25,PF00415.25,PF00415.25,PF00415.25,PF13540.13,PF25390.2	Complete	None
gene-VNE69_11157	rna-XM_065475067.1	PF01588.27,PF01588.27	Complete	None
gene-VNE69_11158	rna-XM_065475068.1		None	None
gene-VNE69_11159	rna-XM_065475069.1		None	None
gene-VNE69_11160	rna-XM_065475070.1		None	None
gene-VNE69_11161	rna-XM_065475071.1	PF00025.28,PF00071.29,PF01926.30,PF08477.20	Partial	None
gene-VNE69_11162	rna-XM_065475072.1	PF02940.22	Partial	None
gene-VNE69_11163	rna-XM_065475073.1		None	None
gene-VNE69_11164	rna-XM_065475074.1		None	None
gene-VNE69_11165	rna-XM_065475075.1		None	None
gene-VNE69_11166	rna-XM_065475076.1		None	None
gene-VNE69_11167	rna-XM_065475077.1		None	None
gene-VNE69_11168	rna-XM_065475078.1		None	None
gene-VNE69_11169	rna-XM_065475079.1		None	None
gene-VNE69_11170	rna-XM_065475080.1		None	None
gene-VNE69_11171	rna-XM_065475081.1	PF00079.26	Partial	None
gene-VNE69_11172	rna-XM_065475082.1	PF00590.26	Partial	None
gene-VNE69_11173	rna-XM_065475083.1		None	None
gene-VNE69_11174	rna-XM_065475084.1	PF00348.23	Partial	None
gene-VNE69_11175	rna-XM_065475085.1		None	None
gene-VNE69_11176	rna-XM_065475086.1		None	None
gene-VNE69_11177	rna-XM_065475087.1		None	None
gene-VNE69_11178	rna-XM_065475088.1		None	None
gene-VNE69_12001	rna-XM_065475089.1		None	None
gene-VNE69_12002	rna-XM_065475090.1		None	None
gene-VNE69_12801	gene-VNE69_12801		None	None
gene-VNE69_12003	rna-XM_065475091.1		None	None
gene-VNE69_12004	rna-XM_065475092.1		None	None
gene-VNE69_12005	rna-XM_065475093.1		None	None
gene-VNE69_12006	rna-XM_065475094.1		None	None
gene-VNE69_12007	rna-XM_065475095.1	PF16543.11	Complete	None
gene-VNE69_12008	rna-XM_065475096.1	PF17021.11	Partial	None
gene-VNE69_12009	rna-XM_065475097.1	PF00134.29	Partial	None
gene-VNE69_12010	rna-XM_065475098.1	PF00676.26	Partial	None
gene-VNE69_12011	rna-XM_065475099.1		None	None
gene-VNE69_12012	rna-XM_065475100.1	PF13865.12	Partial	None
gene-VNE69_12013	rna-XM_065475101.1		None	None
gene-VNE69_12014	rna-XM_065475102.1	PF01650.24	Partial	None
gene-VNE69_12015	rna-XM_065475103.1		None	None
gene-VNE69_12016	rna-XM_065475104.1		None	None
gene-VNE69_12017	rna-XM_065475105.1		None	None
gene-VNE69_12018	rna-XM_065475106.1		None	None
gene-VNE69_12019	rna-XM_065475107.1	PF04188.19	Partial	None
gene-VNE69_12020	rna-XM_065475108.1	PF00077.26,PF00078.33,PF17917.8,PF17919.8,PF17921.8	Complete	None
gene-VNE69_12021	rna-XM_065475109.1	PF02551.22,PF13622.13	Partial	None
gene-VNE69_12022	rna-XM_065475110.1	PF04153.25	Partial	None
gene-VNE69_12023	rna-XM_065475111.1	PF04981.20,PF21192.4,PF29994.1	Complete	None
gene-VNE69_12024	rna-XM_065475112.1	PF00004.36,PF06068.20,PF17856.8	Complete	None
gene-VNE69_12025	rna-XM_065475113.1	PF00004.36,PF00533.34,PF03215.22,PF08519.18	Complete	None
gene-VNE69_12901	gene-VNE69_12901		None	None
gene-VNE69_12026	rna-XM_065475114.1		None	None
gene-VNE69_12027	rna-XM_065475115.1		None	None
gene-VNE69_12028	rna-XM_065475116.1		None	None
gene-VNE69_12029	rna-XM_065475117.1		None	None
gene-VNE69_12030	rna-XM_065475118.1		None	None
gene-VNE69_12031	rna-XM_065475119.1		None	None
gene-VNE69_12032	rna-XM_065475120.1		None	None
gene-VNE69_12033	rna-XM_065475121.1		None	None
gene-VNE69_12034	rna-XM_065475122.1		None	None
gene-VNE69_12035	rna-XM_065475123.1		None	None
gene-VNE69_12036	rna-XM_065475124.1	PF04815.21,PF08033.18	Complete	None
gene-VNE69_12037	rna-XM_065475125.1		None	None
gene-VNE69_12038	rna-XM_065475126.1	PF03208.25	Partial	None
gene-VNE69_12039	rna-XM_065475127.1	PF08159.18	Complete	None
gene-VNE69_12040	rna-XM_065475128.1	PF08286.17	Partial	None
gene-VNE69_12041	rna-XM_065475129.1	PF01248.32	Partial	None
gene-VNE69_12042	rna-XM_065475130.1	PF01435.25	Partial	None
gene-VNE69_12043	rna-XM_065475131.1	PF16491.11	Partial	None
gene-VNE69_12044	rna-XM_065475132.1	PF00009.34,PF03029.24	Partial	None
gene-VNE69_12045	rna-XM_065475133.1		None	None
gene-VNE69_12046	rna-XM_065475134.1	PF00996.25	Partial	None
gene-VNE69_12047	rna-XM_065475135.1	PF00400.39,PF00400.39,PF00400.39,PF00400.39,PF00400.39,PF00400.39,PF08662.18	Complete	None
gene-VNE69_12048	rna-XM_065475136.1	PF00400.39,PF08149.17	Complete	None
gene-VNE69_12049	rna-XM_065475137.1		None	None
gene-VNE69_12050	rna-XM_065475138.1	PF00069.32,PF01636.30,PF07714.24	Partial	None
gene-VNE69_12051	rna-XM_065475139.1	PF04950.19	Partial	None
gene-VNE69_12052	rna-XM_065475140.1	PF02732.22,PF21136.3	Complete	None
gene-VNE69_12053	rna-XM_065475141.1	PF00587.31,PF03129.26,PF09180.17	Complete	None
gene-VNE69_12054	rna-XM_065475142.1		None	None
gene-VNE69_12055	rna-XM_065475143.1	PF00176.30,PF00176.30,PF00270.36,PF00271.38,PF04851.22	Complete	None
gene-VNE69_12056	rna-XM_065475144.1	PF02319.27,PF16421.11	Partial	None
gene-VNE69_12057	rna-XM_065475145.1		None	None
gene-VNE69_12058	rna-XM_065475146.1		None	None
gene-VNE69_12059	rna-XM_065475147.1	PF00899.28	Partial	None
gene-VNE69_12060	rna-XM_065475148.1	PF00533.34,PF16589.13,PF16770.12	Complete	None
gene-VNE69_12061	rna-XM_065475149.1	PF02366.25,PF02815.26,PF16192.11	Complete	None
gene-VNE69_12062	rna-XM_065475150.1		None	None
gene-VNE69_12063	rna-XM_065475151.1		None	None
gene-VNE69_12064	rna-XM_065475152.1		None	None
gene-VNE69_12065	rna-XM_065475153.1	PF05786.20,PF05786.20,PF05786.20	Partial	None
gene-VNE69_12066	rna-XM_065475154.1		None	None
gene-VNE69_12067	rna-XM_065475155.1	PF00587.31,PF02403.28	Partial	None
gene-VNE69_12068	rna-XM_065475156.1	PF02136.27	Partial	None
gene-VNE69_12069	rna-XM_065475157.1	PF00626.28,PF04810.21,PF04811.22,PF04815.21,PF08033.18	Complete	None
gene-VNE69_12070	rna-XM_065475158.1	PF01068.27,PF04675.20,PF04679.22	Complete	None
gene-VNE69_12071	rna-XM_065475159.1	PF00749.28,PF03950.24,PF20974.3	Complete	None
gene-VNE69_12072	rna-XM_065475160.1	PF04719.21	Partial	None
gene-VNE69_12073	rna-XM_065475161.1	PF12717.14	Complete	None
gene-VNE69_12074	rna-XM_065475162.1		None	None
gene-VNE69_12075	rna-XM_065475163.1		None	None
gene-VNE69_12076	rna-XM_065475164.1	PF00046.36	Partial	None
gene-VNE69_12077	rna-XM_065475165.1		None	None
gene-VNE69_12078	rna-XM_065475166.1	PF00013.36	Partial	None
gene-VNE69_12079	rna-XM_065475167.1	PF00493.30,PF01078.28,PF07728.21,PF17207.10,PF17855.8	Complete	None
gene-VNE69_12080	rna-XM_065475168.1	PF06703.17	Partial	None
gene-VNE69_12081	rna-XM_065475169.1		None	None
gene-VNE69_12082	rna-XM_065475170.1	PF00454.34,PF02260.26	Complete	None
gene-VNE69_12083	rna-XM_065475171.1		None	None
gene-VNE69_12084	rna-XM_065475172.1		None	None
gene-VNE69_12085	rna-XM_065475173.1		None	None
gene-VNE69_12086	rna-XM_065475174.1		None	None
gene-VNE69_12087	rna-XM_065475175.1		None	None
gene-VNE69_12088	rna-XM_065475176.1		None	None
gene-VNE69_12089	rna-XM_065475177.1		None	None
gene-VNE69_12090	rna-XM_065475178.1		None	None
gene-VNE69_12902	gene-VNE69_12902		None	None
gene-VNE69_12091	rna-XM_065475179.1		None	None
gene-VNE69_12092	rna-XM_065475180.1		None	None
gene-VNE69_12093	rna-XM_065475181.1	PF00183.24,PF13589.13	Partial	None
gene-VNE69_12094	rna-XM_065475182.1	PF00077.26,PF00078.33,PF00665.33,PF17917.8,PF17919.8,PF17921.8	Complete	None
gene-VNE69_12095	rna-XM_065475183.1	PF06733.22,PF13307.13	Complete	None
gene-VNE69_12096	rna-XM_065475184.1		None	None
gene-VNE69_12097	rna-XM_065475185.1	PF00079.26	Partial	None
gene-VNE69_12098	rna-XM_065475186.1	PF00079.26	Partial	None
gene-VNE69_12099	rna-XM_065475187.1	PF00079.26	Partial	None
gene-VNE69_12100	rna-XM_065475188.1	PF00079.26	Partial	None
gene-VNE69_12101	rna-XM_065475189.1	PF00152.26,PF01336.32	Partial	None
gene-VNE69_12102	rna-XM_065475190.1	PF10607.15	Partial	None
gene-VNE69_12103	rna-XM_065475191.1		None	None
gene-VNE69_12903	gene-VNE69_12903		None	None
gene-VNE69_12104	rna-XM_065475192.1	PF00079.26	Partial	None
gene-VNE69_12105	rna-XM_065475193.1	PF00079.26	Partial	None
gene-VNE69_12106	rna-XM_065475194.1	PF00079.26	Partial	None
gene-VNE69_12904	gene-VNE69_12904		None	None
gene-VNE69_12107	rna-XM_065475195.1		None	None
gene-VNE69_12905	gene-VNE69_12905		None	None
gene-VNE69_12108	rna-XM_065475196.1		None	None
gene-VNE69_12109	rna-XM_065475197.1	PF01239.29	Complete	None
gene-VNE69_12110	rna-XM_065475198.1	PF00240.30,PF01599.27,PF11976.15,PF14560.13	Complete	None
gene-VNE69_12111	rna-XM_065475199.1	PF01663.28	Partial	None
gene-VNE69_12112	rna-XM_065475200.1		None	None
gene-VNE69_12113	rna-XM_065475201.1	PF00579.32	Partial	None
gene-VNE69_12114	rna-XM_065475202.1		None	None
gene-VNE69_12115	rna-XM_065475203.1	PF08238.19,PF08238.19	Complete	None
gene-VNE69_12116	rna-XM_065475204.1		None	None
gene-VNE69_12117	rna-XM_065475205.1		None	None
gene-VNE69_12118	rna-XM_065475206.1		None	None
gene-VNE69_12119	rna-XM_065475207.1		None	None
gene-VNE69_12120	rna-XM_065475208.1		None	None
gene-VNE69_12121	rna-XM_065475209.1		None	None
gene-VNE69_12122	rna-XM_065475210.1	PF08238.19,PF08238.19	Complete	None
gene-VNE69_12123	rna-XM_065475211.1		None	None
gene-VNE69_12124	rna-XM_065475212.1		None	None
gene-VNE69_12125	rna-XM_065475213.1	PF01176.27	Partial	None
gene-VNE69_12126	rna-XM_065475214.1	PF17003.13,PF17003.13	Partial	None
gene-VNE69_12127	rna-XM_065475215.1	PF00009.34,PF03143.24,PF03144.32,PF04670.19,PF22594.3	Complete	None
gene-VNE69_12128	rna-XM_065475216.1		None	None
gene-VNE69_12129	rna-XM_065475217.1		None	None
gene-VNE69_12130	rna-XM_065475218.1	PF01981.22	Partial	None
gene-VNE69_12131	rna-XM_065475219.1	PF01793.24	Partial	None
gene-VNE69_12132	rna-XM_065475220.1	PF04406.20,PF21180.4	Partial	None
gene-VNE69_12133	rna-XM_065475221.1	PF00133.29,PF00133.29,PF08264.20,PF09334.18	Complete	None
gene-VNE69_12134	rna-XM_065475222.1	PF00022.27,PF00022.27	Partial	None
gene-VNE69_12135	rna-XM_065475223.1	PF00535.33	Partial	None
gene-VNE69_12136	rna-XM_065475224.1	PF12762.14	Partial	None
gene-VNE69_12802	gene-VNE69_12802		None	None
gene-VNE69_12803	gene-VNE69_12803		None	None
gene-VNE69_12137	rna-XM_065475225.1		None	None
gene-VNE69_12138	rna-XM_065475226.1		None	None
gene-VNE69_12139	rna-XM_065475227.1		None	None
gene-VNE69_12140	rna-XM_065475228.1		None	None
gene-VNE69_12141	rna-XM_065475229.1		None	None
gene-VNE69_12142	rna-XM_065475230.1		None	None
gene-VNE69_12143	rna-XM_065475231.1		None	None
gene-VNE69_12144	rna-XM_065475232.1		None	None
gene-VNE69_12145	rna-XM_065475233.1	PF12762.14	Partial	None
gene-VNE69_12146	rna-XM_065475234.1		None	None
gene-VNE69_12147	rna-XM_065475235.1	PF12762.14	Partial	None
gene-VNE69_12148	rna-XM_065475236.1	PF12762.14	Partial	None
gene-VNE69_12149	rna-XM_065475237.1	PF08284.17,PF13650.12,PF13975.12	Complete	None
gene-VNE69_12150	rna-XM_065475238.1		None	None
gene-VNE69_12804	gene-VNE69_12804		None	None
gene-VNE69_12805	gene-VNE69_12805		None	None
gene-VNE69_12151	rna-XM_065475239.1		None	None
gene-VNE69_12152	rna-XM_065475240.1		None	None
gene-VNE69_12153	rna-XM_065475241.1		None	None
gene-VNE69_12154	rna-XM_065475242.1	PF00070.34,PF07992.21,PF13738.13	Complete	None
gene-VNE69_12155	rna-XM_065475243.1	PF17002.11	Partial	None
gene-VNE69_12156	rna-XM_065475244.1	PF05843.21,PF05843.21	Partial	None
gene-VNE69_12157	rna-XM_065475245.1		None	None
gene-VNE69_12158	rna-XM_065475246.1	PF05557.19	Partial	None
gene-VNE69_12159	rna-XM_065475247.1		None	None
gene-VNE69_12160	rna-XM_065475248.1		None	None
gene-VNE69_12161	rna-XM_065475249.1		None	None
gene-VNE69_12162	rna-XM_065475250.1	PF00077.26,PF13650.12,PF13975.12	Complete	None
gene-VNE69_12163	rna-XM_065475251.1		None	None
gene-VNE69_12164	rna-XM_065475252.1		None	None
gene-VNE69_12165	rna-XM_065475253.1		None	None
gene-VNE69_12166	rna-XM_065475254.1		None	None
gene-VNE69_12806	gene-VNE69_12806		None	None
gene-VNE69_12167	rna-XM_065475255.1	PF00227.32	Partial	None
gene-VNE69_12168	rna-XM_065475256.1		None	None
gene-VNE69_12169	rna-XM_065475257.1		None	None
gene-VNE69_12170	rna-XM_065475258.1		None	None
gene-VNE69_12171	rna-XM_065475259.1		None	None
gene-VNE69_12172	rna-XM_065475260.1		None	None
gene-VNE69_12173	rna-XM_065475261.1		None	None
gene-VNE69_12174	rna-XM_065475262.1		None	None
gene-VNE69_12175	rna-XM_065475263.1		None	None
gene-VNE69_12176	rna-XM_065475264.1	PF01191.25,PF03871.21	Partial	None
gene-VNE69_12177	rna-XM_065475265.1	PF12171.15,PF12874.14	Complete	None
gene-VNE69_12178	rna-XM_065475266.1	PF00097.32,PF12678.14,PF13639.13,PF25563.1,PF25563.1	Complete	None
gene-VNE69_12179	rna-XM_065475267.1		None	None
gene-VNE69_12180	rna-XM_065475268.1	PF01230.30,PF11969.14	Partial	None
gene-VNE69_12181	rna-XM_065475269.1		None	None
gene-VNE69_12182	rna-XM_065475270.1	PF01201.28	Partial	None
gene-VNE69_12906	gene-VNE69_12906		None	None
gene-VNE69_12183	rna-XM_065475271.1		None	None
gene-VNE69_12184	rna-XM_065475272.1		None	None
gene-VNE69_12907	gene-VNE69_12907		None	None
gene-VNE69_12185	rna-XM_065475273.1	PF00079.26	Partial	None
gene-VNE69_12186	rna-XM_065475274.1	PF00079.26	Partial	None
gene-VNE69_12187	rna-XM_065475275.1	PF00079.26	Partial	None
gene-VNE69_12188	rna-XM_065475276.1		None	None
gene-VNE69_12189	rna-XM_065475277.1		None	None
gene-VNE69_12190	rna-XM_065475278.1		None	None
gene-VNE69_12191	rna-XM_065475279.1		None	None
gene-VNE69_12192	rna-XM_065475280.1		None	None
gene-VNE69_12193	rna-XM_065475281.1		None	None
gene-VNE69_12194	rna-XM_065475282.1		None	None
gene-VNE69_12195	rna-XM_065475283.1	PF01246.27	Partial	None
gene-VNE69_12196	rna-XM_065475284.1		None	None
gene-VNE69_12197	rna-XM_065475285.1	PF26087.1,PF26087.1	Complete	None
gene-VNE69_12198	rna-XM_065475286.1	PF00270.36,PF00271.38,PF04851.22	Complete	None
gene-VNE69_12199	rna-XM_065475287.1		None	None
gene-VNE69_12200	rna-XM_065475288.1		None	None
gene-VNE69_12201	rna-XM_065475289.1	PF00078.33	Complete	None
gene-VNE69_12202	rna-XM_065475290.1		None	None
gene-VNE69_12203	rna-XM_065475291.1		None	None
gene-VNE69_12204	rna-XM_065475292.1		None	None
